0.05813039839267731
0.2621086835861206
0.029644550755620003
0.12424515932798386
0.004453248810023069
0.04146583378314972
0.03168594464659691
0.004927346482872963
0.0020863586105406284
0.02670954167842865
0.0783308744430542
0.06269821524620056
0.03878774493932724
0.013887466862797737
0.006978094577789307
0.0484221950173378
0.0676082968711853
1.2038081884384155
0.012533670291304588
0.03405214101076126
0.004991961643099785
0.033961061388254166
0.027474399656057358
0.021765433251857758
0.029458163306117058
0.0012257557827979326
0.013210635632276535
0.03193935379385948
0.0014522357378154993
0.0006498962175101042
0.01348140649497509
0.0025468338280916214
0.021050136536359787
0.036532580852508545
0.03311546519398689
0.011510949581861496
0.01639864593744278
0.00031508191023021936
0.033705972135066986
0.03707244619727135
0.014303524047136307
0.026169758290052414
0.021213816478848457
0.009623236954212189
0.015283933840692043
0.1502213478088379
0.018178176134824753
0.18632078170776367
0.6128688454627991
0.009550094604492188
0.0009240102954208851
0.21141910552978516
0.03219117969274521
0.039312876760959625
0.00037364958552643657
0.03220765292644501
0.2623787522315979
0.13504962623119354
1.1004778146743774
0.056519683450460434
0.01615653932094574
0.013515636324882507
0.04991200566291809
0.048903681337833405
0.030440298840403557
0.039883196353912354
0.04866299405694008
0.01216170284897089
0.012803034856915474
0.034995418041944504
0.037961751222610474
0.01302584633231163
0.08383286744356155
0.08365794271230698
0.04251464828848839
0.08486161381006241
0.007653001695871353
0.007124803029000759
0.029990529641509056
0.037914883345365524
0.050806641578674316
0.008700845763087273
0.04307416453957558
0.13123327493667603
0.019344907253980637
0.008097968995571136
0.8161085247993469
0.0042365724220871925
0.026848161593079567
0.0003227381967008114
0.06090607866644859
0.04303532466292381
0.14611685276031494
0.01989326998591423
0.01737949438393116
0.029354944825172424
0.09622441232204437
1.3689007759094238
0.004263377748429775
0.014966190792620182
0.007627092767506838
0.04223497956991196
0.015502020716667175
0.007754769641906023
0.00022452595294453204
0.12708929181098938
0.010834839195013046
0.01595337875187397
0.021597065031528473
0.04741246998310089
0.0601910799741745
0.021032126620411873
0.08003591001033783
0.008969501592218876
0.029751800000667572
0.012952271848917007
0.016357244923710823
0.005916377063840628
0.0009288117289543152
0.013870341703295708
0.03363761678338051
0.10325141996145248
0.017938237637281418
0.03484790027141571
0.08262581378221512
0.01724495366215706
0.27161067724227905
0.038284920156002045
0.03420039266347885
0.0029384465888142586
0.0011227451032027602
0.013562171719968319
0.025072645395994186
0.034618180245161057
0.0006652623997069895
0.03889576345682144
0.017586391419172287
0.029479335993528366
0.08212054520845413
0.04428822174668312
0.019937261939048767
0.11180011183023453
0.045473840087652206
0.007943681441247463
0.03109154663980007
0.0035231616348028183
0.02348424308001995
0.036659207195043564
0.041929081082344055
0.008097907528281212
0.057194214314222336
0.11267057806253433
0.013597620651125908
0.0017453881446272135
0.04293275624513626
0.011012532748281956
0.008705900982022285
0.0034474008716642857
0.00831322930753231
0.0020276415161788464
0.06301633268594742
0.019590172916650772
0.018817784264683723
0.002619332866743207
0.0004772780812345445
0.001655757543630898
0.005481860134750605
0.5368056893348694
0.16368624567985535
0.0040918635204434395
0.0374617762863636
0.009065020829439163
0.020521918311715126
0.025198988616466522
0.02158944681286812
0.0014846213161945343
0.009456528350710869
0.007860293611884117
0.015752920880913734
0.02253197506070137
0.10120964795351028
0.18794485926628113
0.027812398970127106
0.013719631358981133
0.013859069906175137
0.07717657834291458
0.01890542358160019
0.17851456999778748
0.016947684809565544
0.026335973292589188
0.0817820280790329
0.04216445982456207
0.021519355475902557
0.02442902885377407
0.015144484117627144
0.04191422089934349
0.006854724138975143
0.0018916740082204342
0.008768348954617977
0.7283585071563721
0.2000209093093872
0.017961254343390465
1.1452902555465698
0.03991610184311867
0.007367976009845734
0.008552883751690388
0.002151691820472479
0.009147717617452145
0.0294150672852993
0.000688499363604933
0.06970329582691193
0.044264983385801315
0.01247971411794424
0.006923718377947807
1.6880903244018555
0.0962805226445198
0.00955211091786623
0.020752521231770515
0.0008355640457011759
0.02701633609831333
0.39104658365249634
0.10077650099992752
0.03503166511654854
0.08527728915214539
0.01052684336900711
0.033229127526283264
0.021841879934072495
0.010093907825648785
0.22642570734024048
0.10728046298027039
0.009429448284208775
0.03789990022778511
0.03345753252506256
0.008593758568167686
0.005001548212021589
0.0602022260427475
0.07937183231115341
0.010901546105742455
0.017460552975535393
0.04599792882800102
0.030228877440094948
0.10884825885295868
0.018572760745882988
0.029322275891900063
0.049232061952352524
0.020170100033283234
0.043015576899051666
0.04266701266169548
0.007400188595056534
0.011069532483816147
0.023710232228040695
0.0028589910361915827
0.0027349998708814383
0.01457870565354824
0.024645239114761353
0.046558208763599396
0.025447390973567963
1.4814889430999756
0.010869503952562809
0.035672448575496674
0.16601523756980896
0.010073937475681305
0.020619776099920273
0.004412086680531502
0.3561444580554962
0.03622505068778992
0.005596872419118881
0.007496654521673918
0.06940384954214096
0.013921823352575302
0.007735596038401127
0.00824270211160183
0.003160943044349551
0.01906234584748745
0.009211321361362934
0.0686587318778038
0.11053585261106491
0.021235402673482895
0.4217226803302765
0.043552763760089874
0.016128532588481903
0.003056663554161787
0.04988668113946915
0.0042676739394664764
0.00808461382985115
0.00038943454273976386
0.25918346643447876
0.0005704202339984477
0.026177920401096344
0.006259647198021412
0.1352885663509369
0.006300326902419329
0.587226152420044
0.023486405611038208
0.004226146265864372
0.0023367356043308973
0.04411495476961136
0.023830033838748932
0.015851866453886032
0.40623757243156433
0.04548129439353943
0.19446110725402832
0.02022556960582733
0.07194487750530243
0.4917508661746979
0.01828436739742756
0.017697127535939217
0.025112494826316833
0.028507033362984657
0.006496666464954615
0.061277471482753754
0.04938197135925293
0.03353402763605118
0.04560599848628044
0.003749334719032049
0.2932349145412445
0.06787391006946564
0.003150223521515727
0.004173411056399345
0.0728125274181366
0.029453564435243607
0.0076889581978321075
0.010688588954508305
0.015264137648046017
0.02483801171183586
0.06134619563817978
0.08602780848741531
0.014730497263371944
0.04369260370731354
0.024770686402916908
0.00020594806119333953
0.024206213653087616
0.9263482093811035
0.0007120455265976489
0.042716093361377716
0.010605620220303535
0.05191762000322342
0.03958041965961456
0.010074624791741371
0.036704689264297485
0.03965792804956436
0.01765759289264679
0.016006292775273323
0.02662016823887825
0.006809176877140999
0.05022948980331421
0.037248071283102036
0.01296259742230177
0.0009766906732693315
0.037541504949331284
0.010405446402728558
0.10969045758247375
0.03881167992949486
0.0049927737563848495
0.023373719304800034
0.003938187379390001
0.03893684595823288
0.05000726878643036
0.1513403058052063
0.027608897536993027
0.06362347304821014
0.02058686874806881
0.04523729905486107
0.009989773854613304
0.10293826460838318
0.0449894443154335
0.00491379527375102
0.02178085222840309
0.014986773021519184
0.10570719838142395
0.011300656013190746
0.04968304932117462
0.02423982322216034
0.0327230766415596
0.04785208776593208
0.0105673149228096
0.027110155671834946
0.0047745490446686745
0.16598521173000336
0.007870216853916645
0.027955345809459686
0.0444210022687912
0.12588047981262207
0.5212052464485168
0.06701485812664032
0.013424715027213097
0.5487282276153564
0.01554575003683567
0.005588461644947529
0.012504888698458672
0.002997796982526779
0.05012962222099304
0.0017299404134973884
0.040888287127017975
0.05135825276374817
0.021857235580682755
0.018865220248699188
0.020768968388438225
0.007437312975525856
0.0321105495095253
0.005256651435047388
0.01771220937371254
0.010937074199318886
0.009277653880417347
0.027011292055249214
0.03594346344470978
0.18829944729804993
0.022247979417443275
0.012462303042411804
0.020853757858276367
0.00674710888415575
0.04052156209945679
0.14653223752975464
0.15195763111114502
0.02030462585389614
0.013207521289587021
0.16670644283294678
0.0488063246011734
0.07401520013809204
0.024525268003344536
0.45429399609565735
0.01671702228486538
0.017735134810209274
0.00835110992193222
0.004396362230181694
0.0493219718337059
0.5611305236816406
0.08300583809614182
0.41729772090911865
0.0018901843577623367
0.04046059772372246
0.02006755769252777
0.005914770532399416
0.006175476126372814
0.01310979388654232
0.0021139748860150576
0.002761091571301222
0.009995466098189354
0.06629504263401031
0.025491422042250633
0.06537478417158127
0.08388502150774002
0.0031558414921164513
0.04742663726210594
0.16063834726810455
0.023564454168081284
0.009480224922299385
0.1276593953371048
0.010462242178618908
0.025556370615959167
0.018312890082597733
0.04785863310098648
0.012598695233464241
0.015365270897746086
0.009631557390093803
0.008712681010365486
0.02370508201420307
0.1974610984325409
0.04135163128376007
0.017989609390497208
0.017946256324648857
0.02801330015063286
0.00097443419508636
0.004213584121316671
0.021386826410889626
0.08858013153076172
0.0014408702263608575
0.006893228739500046
0.2734994888305664
0.04373425617814064
0.06631890684366226
0.02144283428788185
0.04112793132662773
0.020749904215335846
0.03131108731031418
0.0184163898229599
0.010523436591029167
1.0567246675491333
0.007631068117916584
0.011265800334513187
0.0016539539210498333
0.04497132450342178
0.014330604113638401
0.017121607437729836
0.02931961789727211
0.007021474651992321
0.039726488292217255
0.003085704054683447
0.05540454387664795
0.014402776956558228
0.026448160409927368
0.0006453230744227767
0.0007231127819977701
0.9168009161949158
0.02251300774514675
0.03398144990205765
0.03254256397485733
0.027245379984378815
0.04165427386760712
0.04662525653839111
0.06320463865995407
0.09662103652954102
0.008517424575984478
0.006858798209577799
0.02723016031086445
0.2107384204864502
0.4408791661262512
0.006645427085459232
0.0065851882100105286
0.0034547217655926943
0.045419368892908096
0.007846553809940815
0.012182619422674179
0.004018791019916534
0.007501482032239437
0.048586249351501465
0.3642747700214386
0.03890504688024521
0.029680052772164345
0.020517846569418907
0.07904611527919769
0.043911706656217575
0.012449757196009159
0.003746781265363097
0.1050730049610138
0.02467711828649044
0.03535746783018112
0.17681768536567688
0.008052092045545578
0.016676977276802063
0.006599998101592064
0.02291698381304741
0.0078093623742461205
0.01597662828862667
0.03439250960946083
0.020043766126036644
0.017953544855117798
0.0756027102470398
0.004255163017660379
0.020448125898838043
0.04564109444618225
0.03118719905614853
0.008293750695884228
0.0022073176223784685
0.004532830789685249
0.0070407395251095295
0.06550707668066025
0.029423274099826813
0.04371948540210724
0.003265505423769355
0.06759536266326904
0.0632670670747757
0.08538114279508591
0.05070926249027252
0.017674237489700317
0.058525316417217255
0.0002577007107902318
0.2237720489501953
0.09536313265562057
0.005119361449033022
0.01628098636865616
0.0014250919921323657
0.0006466167978942394
0.03882797062397003
0.0037784120067954063
0.050073523074388504
0.06575920432806015
0.021041864529252052
0.006993796210736036
0.007471371442079544
0.021502988412976265
0.05664172023534775
0.009848702698946
0.025856127962470055
0.009634518064558506
0.028642605990171432
0.05788831785321236
0.03138801082968712
0.08963640034198761
0.011529430747032166
0.0608534999191761
0.0832098200917244
0.21957874298095703
0.740158200263977
0.01893491856753826
0.5320444703102112
0.018722474575042725
0.014758313074707985
0.1757306605577469
0.11396851390600204
0.00721495458856225
0.012742987833917141
0.036302052438259125
0.009947512298822403
0.04844833165407181
0.01435166411101818
0.028325602412223816
0.03726796433329582
0.004451090004295111
0.002277304884046316
0.04023510217666626
0.018794123083353043
0.0038050690200179815
0.01584305800497532
0.41960960626602173
0.06922875344753265
0.018594177439808846
0.011170156300067902
0.4151424765586853
0.038069188594818115
0.004972809925675392
0.04136212170124054
0.05603254586458206
0.018317358568310738
0.026851795613765717
0.0054105413146317005
0.3123762309551239
0.010158166289329529
0.03842400014400482
0.05333913490176201
0.007793096825480461
0.0028664639685302973
0.07701465487480164
0.008750732988119125
0.0671820342540741
0.0032479516230523586
0.21640264987945557
0.0020593551453202963
0.012905200943350792
0.018806446343660355
0.041400909423828125
0.0073161618784070015
0.03522669896483421
0.03952241316437721
0.05063329637050629
0.01968380995094776
0.06803858280181885
0.005021590739488602
0.017149152234196663
0.08210276067256927
0.022348226979374886
0.5712289214134216
0.07174623757600784
0.038910508155822754
0.03256554529070854
0.004685414023697376
3.0917206004232867e-06
0.03762710839509964
0.1621931791305542
0.0030751372687518597
0.1035940945148468
0.025530220940709114
0.235540509223938
0.032504379749298096
0.000912773422896862
0.11002261936664581
0.0026092338375747204
0.1596151441335678
0.04443417862057686
0.06913542747497559
0.007588760927319527
0.05395716428756714
0.0070131816901266575
0.0711202472448349
0.013083244673907757
0.014040599577128887
0.003951208665966988
0.0013896261807531118
0.02596094273030758
0.0014046374708414078
0.0004860387125518173
3.945469856262207
0.0391637459397316
0.06247615069150925
0.0028227060101926327
1.5107712745666504
0.16156359016895294
0.0006893741665408015
0.027439292520284653
0.05191192403435707
0.091934934258461
0.00701731676235795
0.0035302762407809496
0.03673088550567627
0.1427605003118515
0.012811540625989437
0.010407200083136559
0.032703280448913574
0.10360905528068542
0.006855672225356102
0.16156476736068726
0.11207123100757599
0.054197683930397034
0.000652030692435801
0.0073904721066355705
0.08459630608558655
0.0022135069593787193
0.005732410121709108
0.06268367171287537
0.14604181051254272
0.05012637376785278
0.03093533217906952
0.10020484030246735
0.0040804422460496426
0.0018999025924131274
0.007488992530852556
0.03586457297205925
0.02026325836777687
0.03821557015180588
0.012032966129481792
0.03088846057653427
0.05422482639551163
0.299926221370697
0.09579470008611679
0.028925778344273567
0.06489478051662445
0.5362402200698853
0.04897565022110939
0.0051568313501775265
0.001760956016369164
0.0002555216779001057
0.031565818935632706
0.03329015150666237
0.24034424126148224
0.0003606309765018523
0.011950748041272163
0.02964438684284687
0.010776661336421967
0.009526703506708145
0.02800026163458824
0.007864126935601234
0.01915675960481167
0.0006115195574238896
0.02711394429206848
0.07015074044466019
0.02103056013584137
0.026811961084604263
0.020856471732258797
0.1680041402578354
0.016422394663095474
0.02299989014863968
0.020313432440161705
0.0229165218770504
0.007434286177158356
0.13283078372478485
0.005969923920929432
0.04163945093750954
0.004995560739189386
0.0550067275762558
0.0031312243081629276
0.008595597930252552
0.036541059613227844
0.18016844987869263
0.01458515040576458
0.0019426632206887007
0.12820284068584442
0.013519296422600746
0.04857419431209564
0.006417492870241404
0.008216053247451782
0.0010996347991749644
0.01051175408065319
0.00874396599829197
0.8493284583091736
0.007322722114622593
0.014949405565857887
0.0030167701188474894
0.13638487458229065
0.018147902563214302
0.018743736669421196
0.05162234976887703
0.02311818301677704
0.09428130835294724
0.10337106883525848
0.03132868558168411
0.00040742341661825776
0.014682136476039886
0.09682261198759079
0.07615663856267929
0.03302649408578873
0.0386778824031353
0.006443034391850233
0.009982503950595856
0.032796844840049744
0.020345265045762062
0.24083010852336884
0.002815295709297061
0.037889108061790466
0.04204817861318588
0.014382530003786087
0.04372552037239075
0.018520396202802658
0.009063443168997765
0.006233685649931431
0.038642410188913345
0.020597225055098534
0.026021474972367287
0.009688524529337883
0.7238551378250122
0.01493100542575121
0.04980797320604324
0.0217217355966568
0.004209435544908047
0.016087543219327927
0.04023686423897743
0.05827232450246811
0.0991244688630104
0.014699663035571575
0.005854937247931957
0.17080184817314148
0.0031459955498576164
0.028910182416439056
0.030730493366718292
0.8702859282493591
0.0319133959710598
0.006004168186336756
0.08829427510499954
0.0036994374822825193
0.05595621466636658
0.00215805321931839
0.0026695076376199722
0.01808587834239006
0.04734662175178528
0.017850862815976143
0.009749997407197952
0.003726393450051546
0.01612703874707222
0.026687679812312126
0.017811646685004234
0.0992889553308487
0.018571214750409126
0.003521104110404849
0.014394093304872513
0.021682247519493103
0.004607551731169224
0.019567014649510384
0.027236662805080414
0.11285994201898575
0.13294708728790283
0.08671609312295914
0.008304260671138763
0.08208800107240677
0.03535037487745285
0.030610568821430206
0.00599583238363266
0.030368540436029434
0.2317012995481491
0.0254992563277483
0.010182613506913185
0.03235365450382233
0.010202913545072079
0.02438819408416748
0.005932758096605539
0.10478503257036209
3.678260327433236e-05
0.056356027722358704
0.05419911444187164
0.030189063400030136
0.044773977249860764
0.10263003408908844
0.0024522615130990744
0.7876128554344177
0.12487392872571945
0.054820165038108826
0.00407923199236393
0.00040242975228466094
0.03685890883207321
0.00019102735677734017
0.016972562298178673
0.04248147830367088
0.021303579211235046
0.02170971967279911
0.01672186888754368
0.0836496576666832
0.047602247446775436
0.2368096560239792
0.163405641913414
0.0036687746178358793
0.01998659037053585
0.04208322614431381
1.2329333912930451e-05
0.02702079899609089
0.007222877815365791
1.5279210805892944
0.00859934464097023
0.0034816907718777657
0.017303604632616043
0.03259291499853134
0.015201278030872345
0.03813648223876953
0.024624522775411606
0.0032068875152617693
0.0009517489233985543
0.05406910926103592
0.003896476700901985
0.010358449071645737
0.02575097233057022
0.03254293277859688
0.10295698791742325
0.01690126769244671
0.014664051122963428
0.018300002440810204
0.02329278364777565
0.005753371864557266
0.003096677828580141
0.002861561719328165
0.07962456345558167
0.006584905553609133
0.025721974670886993
0.07588547468185425
0.02334725484251976
0.004113231785595417
0.01610497012734413
0.15911027789115906
0.038174107670784
0.08952076733112335
0.00583219900727272
0.007447795942425728
0.48917436599731445
0.02284369058907032
0.0020086835138499737
0.004579407162964344
0.0522846095263958
0.02065127342939377
0.0680178627371788
0.18827882409095764
0.015828069299459457
0.3772530257701874
0.09903932362794876
0.06966186314821243
0.00963003933429718
0.022902633994817734
0.01825644075870514
0.022516785189509392
0.03929447382688522
0.010168926790356636
0.0616472028195858
0.0049927011132240295
0.1502758413553238
0.018971068784594536
0.022250548005104065
0.024355348199605942
0.033327579498291016
0.03607901558279991
0.02239222079515457
0.025472909212112427
0.00227638753131032
0.03710894286632538
0.017329197376966476
0.015101603232324123
0.016518140211701393
0.4953871965408325
0.011315623298287392
0.052407585084438324
0.010020764544606209
0.12991110980510712
0.020905937999486923
0.01849817857146263
0.06399597972631454
0.038600701838731766
0.01967906579375267
0.10383028537034988
0.054205603897571564
0.005215202458202839
0.026212815195322037
0.012652246281504631
0.22161059081554413
0.005157745908945799
0.030483398586511612
0.013643436133861542
0.03423849120736122
0.22485026717185974
0.024770401418209076
0.001139604253694415
0.018162520602345467
0.07545699924230576
0.018612291663885117
0.016013767570257187
0.00598259037360549
0.019170934334397316
0.04302431270480156
0.006295930594205856
0.029826484620571136
0.26395124197006226
0.006674577947705984
0.03939056023955345
0.012785205617547035
0.16566359996795654
0.0553496889770031
0.06769315153360367
0.009235329926013947
0.0025623394176363945
0.04773542284965515
0.40574008226394653
0.0009179636253975332
0.05955270677804947
0.03488117828965187
0.09056209772825241
0.007849587127566338
0.002923873718827963
0.024165648967027664
0.02758500725030899
0.008371710777282715
0.25613224506378174
0.0016499633202329278
0.004285271745175123
0.011022825725376606
0.025703901425004005
0.007195842452347279
0.09602461010217667
0.04523704573512077
0.001807421795092523
0.007751862518489361
0.00013380534073803574
0.015342875383794308
0.041488561779260635
0.04059123620390892
0.012056443840265274
0.1390051394701004
0.013607428409159184
0.023810993880033493
0.022440902888774872
0.03689827397465706
0.04735635593533516
0.04033517464995384
0.050425589084625244
0.006942967884242535
0.002111148089170456
0.03378036618232727
0.02743762917816639
0.2839644253253937
0.002725728088989854
0.016277438029646873
0.03848753869533539
0.02960776910185814
0.006575831677764654
0.03731017932295799
0.009151721373200417
0.058556485921144485
0.03222726657986641
0.009714087471365929
0.019209474325180054
0.041703321039676666
0.1230878010392189
0.051774948835372925
0.313435435295105
0.01127144880592823
0.01386113278567791
0.01929565891623497
0.06257341802120209
0.035492174327373505
0.02003512717783451
0.01620926335453987
0.02699301950633526
0.24932390451431274
0.01027602143585682
0.0180834848433733
0.0020078381057828665
0.03203916549682617
0.0230970811098814
0.013048362918198109
0.019397810101509094
0.00617977837100625
0.045814190059900284
0.01852026768028736
0.017745032906532288
0.01665010303258896
0.05842141807079315
0.04448211193084717
0.03305579721927643
0.05847286060452461
0.012062299065291882
0.03151511400938034
0.08229800313711166
0.01968272030353546
0.05733386054635048
0.018719039857387543
0.05009669065475464
0.03472064062952995
0.002836404135450721
0.015640947967767715
0.005924132652580738
0.002028612419962883
0.0902792364358902
0.26254749298095703
0.04183674603700638
0.04645998403429985
0.014263932593166828
0.013540947809815407
0.01820126362144947
0.5237467885017395
0.05779113993048668
0.03495694324374199
0.020168058574199677
0.029567057266831398
0.009439025074243546
0.08242834359407425
0.07030852138996124
0.0393793061375618
0.0004312113451305777
0.0038333158008754253
0.024067845195531845
0.03339911252260208
0.005668076686561108
0.31699249148368835
0.01469301525503397
0.008780528791248798
0.043185409158468246
0.005497248377650976
0.060810524970293045
0.010693062096834183
0.03098803572356701
0.03223744034767151
0.1927950382232666
0.011089510284364223
0.0005950792110525072
0.023514246568083763
0.04833660274744034
0.005596080794930458
0.006323665380477905
0.0866253525018692
0.026092059910297394
0.05962790921330452
0.006524934433400631
0.06907385587692261
0.04099590331315994
0.022003648802638054
0.013968932442367077
0.011005532927811146
0.026379169896245003
0.007047869730740786
0.0025792820379137993
0.019466692581772804
0.017278257757425308
0.3396177887916565
0.43269434571266174
0.0914643257856369
0.11773394793272018
0.017687590792775154
0.07916291803121567
0.049992673099040985
0.8089274764060974
0.047009240835905075
0.062367573380470276
0.011976322159171104
0.023386504501104355
0.020280100405216217
0.0008851232123561203
0.03387276828289032
0.008034166879951954
0.03937479853630066
0.03089745342731476
0.004566028714179993
0.03312144801020622
0.033794134855270386
0.07783153653144836
0.06416688859462738
0.053434889763593674
0.0173104926943779
0.01772746816277504
0.075179822742939
0.0782209038734436
0.0472010113298893
0.048686765134334564
0.019710196182131767
0.06870544701814651
0.02250235341489315
0.014691936783492565
0.010520406998693943
0.07277735322713852
0.01588394120335579
0.05870920419692993
0.006063266657292843
0.06406717002391815
0.007135059218853712
0.18456913530826569
0.005833274219185114
0.03638625890016556
0.010746335610747337
0.237047016620636
0.01792779192328453
0.0865863785147667
0.04989619180560112
0.371960312128067
0.0039653480052948
0.0057103899307549
0.05928102508187294
0.04518973454833031
0.28213900327682495
0.0012936544371768832
0.005715357139706612
0.011465193703770638
0.0296039879322052
0.008278975263237953
0.015365159139037132
0.10445816069841385
0.04147331044077873
0.001770173548720777
0.011624462902545929
0.004484324716031551
0.025099243968725204
0.017888840287923813
0.03092877008020878
0.010022376663982868
0.015477386303246021
0.05991239845752716
0.019304729998111725
0.09884969890117645
0.09205763041973114
0.017193183302879333
0.0014420641819015145
0.016211045905947685
0.06405296921730042
0.016971547156572342
0.001341181225143373
0.04669700935482979
0.008968595415353775
0.01999828778207302
0.011882689781486988
0.02815704420208931
0.06658503413200378
0.0060081928968429565
0.06169003248214722
0.5224998593330383
0.006322029046714306
0.01857023872435093
0.03947659209370613
0.01669190637767315
0.3299083411693573
0.00872410275042057
0.018017174676060677
0.3448833227157593
0.06644415855407715
0.002107365522533655
0.08573568612337112
0.0028498084284365177
0.006791354157030582
0.004799762275069952
0.0008865896961651742
0.057705238461494446
0.047612786293029785
0.032186929136514664
0.006306365132331848
0.03524858132004738
0.002829662524163723
0.002995492424815893
0.052598390728235245
0.0298614464700222
0.04230869933962822
0.08354641497135162
0.04032544046640396
0.0604606568813324
0.020228758454322815
0.10161831974983215
0.06106458231806755
0.07304304093122482
0.10629472136497498
0.20141008496284485
0.08292204886674881
0.03498391807079315
0.05092496797442436
0.038704413920640945
0.023450540378689766
0.007020233199000359
0.02664623223245144
0.011030538007616997
0.007096251472830772
0.011036760173738003
0.056039538234472275
0.011992493644356728
0.0011674975976347923
0.07286762446165085
0.0028527374379336834
0.030848797410726547
0.046957675367593765
0.08157311379909515
0.03568850830197334
0.021872706711292267
0.0379658117890358
0.00830409862101078
0.020532751455903053
0.04579879343509674
0.0008030106546357274
0.002445266582071781
0.011839993298053741
0.06063875928521156
0.006379339843988419
0.02999791130423546
1.0460916757583618
0.0299763735383749
1.6909681558609009
0.048765361309051514
0.018038365989923477
0.007080257870256901
0.00473362673074007
0.03520169481635094
0.019469570368528366
0.01215414796024561
0.03344208747148514
0.46161526441574097
0.26074057817459106
0.0023222644813358784
0.007023925893008709
0.012527011334896088
0.018776504322886467
0.05717200040817261
0.039823662489652634
0.06362011283636093
1.5014233589172363
0.05040626972913742
0.03158174827694893
0.054968126118183136
0.08329714834690094
0.3716612458229065
0.0186753086745739
0.004043322056531906
0.034230787307024
0.02307717502117157
0.01632869243621826
0.07521949708461761
0.0553937703371048
0.02233385108411312
0.013528847135603428
0.05050911009311676
0.0014089368050917983
0.00010026099334936589
0.05057408660650253
0.05790279060602188
0.015474829822778702
0.00551674934104085
0.01818208396434784
0.11572711914777756
0.022976569831371307
0.9053868055343628
0.0007524011307395995
0.0300546046346426
0.025803446769714355
0.04441196843981743
0.7306191921234131
0.33541032671928406
0.05289064720273018
0.030529052019119263
0.0006698065553791821
0.033188555389642715
0.0068524666130542755
0.007548551075160503
0.012567390687763691
0.053531572222709656
0.013458184897899628
0.03735332190990448
0.056645818054676056
0.02176285907626152
0.03403902053833008
0.038259897381067276
0.022036302834749222
0.03394496068358421
0.11811020970344543
0.04348516836762428
0.3193928003311157
0.010335980914533138
0.008472945541143417
0.01724705472588539
0.004514893516898155
0.02446438930928707
0.019610252231359482
0.008986747823655605
0.04580668732523918
0.08831757307052612
0.028406275436282158
0.087826207280159
0.002169548999518156
0.014894331805408001
0.010814188979566097
0.013973276130855083
0.05331600829958916
0.021409813314676285
0.008552816696465015
0.017421046271920204
0.04019280523061752
0.04753432050347328
0.2977088987827301
0.0161089226603508
0.008584604598581791
0.1032867580652237
0.019960004836320877
0.013359817676246166
0.03903445973992348
0.050486043095588684
0.013091929256916046
0.055388759821653366
0.053543657064437866
0.023038417100906372
0.03002021834254265
0.03099159337580204
0.02208564057946205
0.3370809853076935
0.01174962893128395
0.08598063886165619
0.1948145180940628
0.0011443053372204304
0.04126903787255287
0.0015762541443109512
0.000654567324090749
0.025930870324373245
0.14452002942562103
0.03917238488793373
0.017851758748292923
0.02645525150001049
0.043137386441230774
0.06100435554981232
0.008556513115763664
0.0248288344591856
0.029385749250650406
0.055683478713035583
0.06124977022409439
0.004234131425619125
0.006129101384431124
0.006927634589374065
0.012927618809044361
0.02797672525048256
0.024993732571601868
0.025218430906534195
0.025947386398911476
0.024422846734523773
0.0003137713938485831
0.10519059747457504
0.03295685350894928
0.07647205144166946
0.16380582749843597
0.00087167345918715
0.05040540173649788
0.032539088279008865
0.016505777835845947
0.002830212004482746
0.010899370536208153
0.0023376462049782276
0.01947188191115856
0.03015759028494358
0.009765035472810268
0.013527116738259792
0.03791293501853943
0.04440130665898323
0.019451018422842026
0.0036391920875757933
0.011048074811697006
0.03685968741774559
0.09170632064342499
0.018219994381070137
0.023239843547344208
0.030637405812740326
0.21233347058296204
0.003479558043181896
0.07317990809679031
0.17869633436203003
0.00695241941139102
0.12910506129264832
0.08620022982358932
0.001847335253842175
0.11856113374233246
0.003043665084987879
0.02120680920779705
0.005893541034311056
0.015062706544995308
0.17475852370262146
0.11869469285011292
0.09172752499580383
0.15733325481414795
0.0406518280506134
0.013679105788469315
0.9571720957756042
0.07967662811279297
0.018623927608132362
0.08099661767482758
0.008858541958034039
0.18108291923999786
0.0330934077501297
0.03654230386018753
0.00829505268484354
0.17532767355442047
0.009356087073683739
0.038886215537786484
0.0021146652288734913
0.05333714932203293
0.021336466073989868
0.011744905263185501
0.0914948359131813
0.030393432825803757
0.01971665397286415
0.028143439441919327
0.006848999764770269
0.01149699091911316
0.0003597174654714763
0.013582218438386917
0.03571641817688942
0.03938721865415573
0.08071919530630112
0.0003876149421557784
0.001175164827145636
0.0029237561393529177
0.008165303617715836
0.0363796204328537
0.06733091920614243
0.033354125916957855
0.001896151341497898
0.006291529163718224
0.004896686412394047
0.06655450165271759
0.15404534339904785
0.005966161843389273
0.029955148696899414
0.009701002389192581
0.0009860941208899021
0.28500255942344666
0.17917390167713165
0.41262364387512207
0.023337559774518013
0.004052411764860153
0.16833335161209106
0.03892233222723007
0.009855673648416996
0.017129966989159584
0.023725910112261772
0.045002929866313934
0.026805561035871506
0.03358232229948044
0.1923239827156067
0.0010988464346155524
0.002349607413634658
0.0006112767150625587
0.011059028096497059
0.011668002232909203
0.019493859261274338
0.012221528217196465
0.002849607029929757
0.010269423015415668
0.0047258478589355946
0.010648577474057674
0.05019007623195648
0.010446038097143173
0.0401100292801857
0.3228253424167633
0.02324240654706955
0.016266608610749245
0.023178646340966225
0.01200955267995596
0.45508822798728943
0.1062999814748764
0.019725888967514038
0.026999030262231827
3.471179661573842e-05
0.009548798203468323
0.07611902803182602
0.00619899109005928
0.01738947443664074
0.025132756680250168
0.021827485412359238
0.0014953212812542915
0.032491765916347504
0.00470708729699254
0.020862890407443047
0.06061238795518875
0.016344869509339333
0.012520931661128998
0.016422340646386147
0.06064039468765259
0.04169696196913719
0.009712127037346363
0.008753129281103611
0.0023583213333040476
0.04456518217921257
0.014517868869006634
0.030175911262631416
0.0206461064517498
0.04055221751332283
0.033203911036252975
0.08958392590284348
0.024325072765350342
0.06178700551390648
0.048239536583423615
0.02835545316338539
0.013195176608860493
0.04256217181682587
0.041987352073192596
0.777628481388092
0.054231442511081696
0.028748327866196632
0.04609985649585724
0.0051832362078130245
0.021035637706518173
0.03592272475361824
0.012143837288022041
0.017457593232393265
0.06999664753675461
0.008802074007689953
0.14871926605701447
0.04538258910179138
0.016607899218797684
0.0015382941346615553
0.014111794531345367
0.03553963825106621
0.010297367349267006
0.08052706718444824
0.017493395134806633
0.002036151010543108
0.024159876629710197
0.05019143223762512
0.34805580973625183
0.0005876911454834044
0.09193072468042374
0.010558762587606907
0.028647594153881073
0.04708927124738693
0.08586838096380234
0.04023636877536774
0.20952646434307098
0.005452081561088562
0.020424149930477142
0.009312650188803673
0.00970756821334362
0.08604079484939575
0.0060028210282325745
0.0471334382891655
0.02889825589954853
0.04547205939888954
0.05905471369624138
0.009552962146699429
0.2807752788066864
0.04110166057944298
0.01970457285642624
0.051628876477479935
0.03957996889948845
0.034423165023326874
0.26124557852745056
0.1524210274219513
0.04229290038347244
0.07729534059762955
0.005163952242583036
0.04640238359570503
0.011378136463463306
0.0494527667760849
0.02883872576057911
0.04690216854214668
0.0026700592134147882
0.026934677734971046
0.005021604243665934
0.012263104319572449
0.027619674801826477
0.001001393306069076
0.029252642765641212
0.10710614919662476
0.023083269596099854
0.5697744488716125
0.007493284530937672
0.02017778716981411
0.026403654366731644
0.009232365526258945
0.018733229488134384
0.0040961699560284615
0.025015000253915787
0.009702322073280811
0.03809172660112381
0.117462158203125
0.16060085594654083
0.05048321932554245
0.043189987540245056
0.013825532980263233
0.038152001798152924
0.020986441522836685
0.03614454343914986
0.01381240040063858
0.0004319216823205352
0.38905149698257446
0.0456707701086998
0.06944392621517181
0.04399699345231056
0.03206431120634079
0.04827020317316055
0.011248260736465454
0.03768744319677353
0.005002900026738644
0.015719419345259666
0.05604274198412895
0.0647716149687767
0.015431606210768223
0.06153476983308792
0.6048017740249634
0.011997910216450691
0.005623258650302887
0.01133812591433525
0.04956088215112686
0.019284026697278023
0.040975119918584824
0.20042426884174347
0.2976680099964142
0.25947919487953186
0.4566649794578552
0.07484357059001923
0.017048697918653488
0.015515613369643688
0.22586266696453094
0.04829029366374016
0.0002490714250598103
0.021523375064134598
0.021965783089399338
0.0014103951398283243
0.01741432026028633
0.016004180535674095
0.025489045307040215
0.5357263684272766
0.020753126591444016
0.06896652281284332
0.009396784007549286
0.14670251309871674
0.0237050149589777
0.27451300621032715
0.032260894775390625
0.02432594820857048
0.037237800657749176
0.03239696845412254
0.019155796617269516
0.9406018853187561
0.06422172486782074
0.018834779039025307
0.017216714099049568
0.05781763046979904
0.0014665727503597736
0.0022345115430653095
0.01039719395339489
0.004002788104116917
0.024636566638946533
0.009576724842190742
0.023434074595570564
0.014814336784183979
0.06096106395125389
0.02620525285601616
0.11302714049816132
0.0007142019458115101
0.03817544877529144
0.10047395527362823
0.022352850064635277
0.03851938247680664
0.0017366149695590138
0.007420053705573082
0.019929129630327225
0.01738426461815834
0.0235622376203537
0.004471541848033667
0.024426283314824104
0.04591280221939087
0.011267398484051228
0.012516980990767479
0.5509735941886902
0.012566429562866688
0.04315898194909096
0.003253217786550522
0.03151146322488785
0.017682690173387527
0.05545269697904587
0.023745710030198097
1.069007158279419
0.0083586685359478
0.10441023856401443
0.004676195327192545
0.02863754704594612
0.038920819759368896
0.02939644828438759
0.0038796025328338146
0.031072279438376427
0.007181617431342602
0.014512235298752785
0.030550889670848846
0.001953308004885912
0.01648646779358387
0.0033002353738993406
0.08362199366092682
0.00893455184996128
0.006688177585601807
0.006345636211335659
0.03883986920118332
0.02346581220626831
0.07898453623056412
0.0183939840644598
0.021051157265901566
0.005559105891734362
0.03493455797433853
1.1627064943313599
0.003415982238948345
0.2150479406118393
0.019636861979961395
0.05921293422579765
0.01667899265885353
0.06797558814287186
0.013343773782253265
0.016392890363931656
0.007647685706615448
0.1147548034787178
0.0037601464428007603
0.0331905297935009
0.00033808391890488565
0.021969972178339958
0.013944895938038826
0.12880146503448486
0.0011435336200520396
0.00201222812756896
0.009277528151869774
0.04213219881057739
0.03751692920923233
0.022685404866933823
0.11063981056213379
0.002595174591988325
0.0866471454501152
0.12443619966506958
0.013361840508878231
0.010346815921366215
0.05331316962838173
0.005322369281202555
0.020191101357340813
0.029437515884637833
0.001125218579545617
0.03196020424365997
0.018050525337457657
0.026868565008044243
0.048786014318466187
0.016706343740224838
0.12382887303829193
0.02571004629135132
0.002329729963093996
0.10875660181045532
0.005832775495946407
0.24296365678310394
0.0033225235529243946
0.005233572330325842
0.06593742221593857
0.0897124633193016
0.04525217041373253
0.01457876618951559
0.018118243664503098
0.020064424723386765
0.008348844014108181
0.014493667520582676
0.01081503089517355
0.02389134280383587
0.006163632497191429
0.006553242914378643
0.7396173477172852
0.0022420187015086412
0.01597917452454567
0.06873300671577454
0.047234658151865005
0.008976282551884651
0.05014737695455551
0.02588787116110325
0.004138101823627949
0.05644541233778
0.32910317182540894
0.06488335877656937
0.037622544914484024
0.03175084665417671
0.038897693157196045
0.037703558802604675
0.020263664424419403
0.05651351064443588
0.031936947256326675
0.005185052286833525
0.001362454961054027
0.014390749856829643
0.013841107487678528
0.04327546805143356
0.5789676308631897
0.06250228732824326
0.016443995758891106
0.6632514595985413
0.013816051185131073
0.3581523895263672
0.065067358314991
0.053390879184007645
0.032450348138809204
0.021243974566459656
0.10155005753040314
0.007187327370047569
0.03481272980570793
0.0009535709978081286
0.0006079755839891732
0.021620893850922585
0.025422751903533936
0.026521846652030945
0.04442685469985008
0.003941162955015898
0.025853561237454414
0.028844382613897324
0.119412362575531
0.04224716126918793
0.06405391544103622
0.008394237607717514
0.053371965885162354
0.03996392339468002
0.011245176196098328
0.05848214775323868
0.010309764184057713
0.0012962229084223509
0.06638364493846893
0.059305306524038315
0.005139523185789585
0.0002877328952308744
0.011516031809151173
0.0045167249627411366
0.02208564803004265
0.062378689646720886
0.005664491094648838
0.05850520730018616
0.01358695887029171
0.006929298862814903
0.055422015488147736
0.045292071998119354
0.0006524238269776106
0.03545331209897995
0.04442194849252701
0.018230015411973
0.0024559693410992622
0.004216262139379978
0.0076288869604468346
0.004788738675415516
0.002307889284566045
0.028149357065558434
0.011847898364067078
0.004321588668972254
0.06002121418714523
0.026118848472833633
0.04136967286467552
0.002902093343436718
0.02927554026246071
0.014717157930135727
0.0040948837995529175
0.011945441365242004
0.011450042016804218
0.027637815102934837
0.029840601608157158
0.004528386984020472
0.03995240107178688
0.00476082693785429
0.016740024089813232
0.015813184902071953
0.017278069630265236
0.02662527933716774
0.04319160804152489
0.027320433408021927
0.02193525619804859
0.009317069314420223
0.012446366250514984
0.0029458135832101107
0.013050118461251259
0.05449228733778
0.0975591167807579
0.004680064041167498
0.037236493080854416
0.00488244416192174
0.006396917160600424
0.09301538020372391
0.002833365695551038
0.0180070698261261
0.07447928935289383
0.06567367911338806
0.04415281116962433
0.007178292144089937
0.0007549792062491179
0.025753019377589226
0.03151527792215347
0.0059953127056360245
0.026206960901618004
0.08234318345785141
0.07870782166719437
0.0009631573921069503
0.045044880360364914
0.013875097036361694
0.04066798463463783
0.009355273097753525
0.001573049696162343
0.07720226049423218
0.053885914385318756
0.05675388127565384
0.05402344465255737
0.00020395361934788525
0.02538764290511608
0.020975911989808083
0.0301519725471735
0.07021244615316391
0.15905742347240448
0.012277545407414436
0.0651177242398262
0.008379281498491764
0.004570270888507366
7.16651338734664e-05
0.019300280138850212
0.04874414950609207
0.018636975437402725
0.013185808435082436
0.09032650291919708
0.12358980625867844
0.012338459491729736
0.015825258567929268
0.0008900206303223968
0.3335018754005432
0.005824283231049776
0.0003468894283287227
9.477514686295763e-05
0.07329030334949493
0.05681519955396652
0.007400461472570896
0.1344854086637497
0.008431762456893921
0.05663382261991501
0.03843660280108452
0.021898817270994186
0.008248884230852127
0.07825437933206558
0.4707469940185547
0.0521097257733345
0.33251121640205383
0.01081873755902052
0.03852435573935509
0.05255505442619324
0.12443529814481735
0.06768298149108887
0.016191361472010612
0.06961017847061157
0.10342040657997131
0.0333205871284008
0.010025822557508945
0.028177455067634583
0.041132036596536636
0.10104633122682571
0.06022389605641365
0.011686461046338081
0.15192870795726776
0.06002287566661835
0.008249897509813309
0.18566544353961945
0.012140711769461632
0.021422449499368668
0.00859222561120987
0.017030177637934685
0.05868399515748024
0.016813606023788452
0.02175530046224594
0.007952159270644188
0.2525861859321594
0.062213655561208725
0.05667578801512718
0.03429805487394333
0.01833256706595421
0.04825533553957939
0.06576681137084961
0.025618309155106544
0.022269852459430695
0.050990693271160126
0.30233311653137207
0.03077148087322712
0.026295965537428856
0.0014217238640412688
0.10488194972276688
0.5258112549781799
0.06504157930612564
0.22194859385490417
0.00033855356741696596
0.0001677066902630031
0.012953318655490875
0.02215820737183094
0.024241860955953598
0.025074001401662827
0.0007737444248050451
0.20268042385578156
0.007803750690072775
0.015012484975159168
0.020823782309889793
0.02443297766149044
0.015223223716020584
0.020242661237716675
0.005760012194514275
0.0073286076076328754
0.1451519876718521
0.009230862371623516
0.010923398658633232
9.034380491357297e-05
0.03586985915899277
0.06110669672489166
0.07356426119804382
0.035889074206352234
0.012316785752773285
0.026987450197339058
0.036642611026763916
0.020842917263507843
0.022955678403377533
0.012431302107870579
0.034493397921323776
0.012658350169658661
0.02594611793756485
0.024353502318263054
0.04139241948723793
0.0008243992924690247
0.035032134503126144
0.045619428157806396
0.025997087359428406
0.039686404168605804
0.0036137020215392113
0.05365767702460289
0.22370348870754242
0.032885342836380005
0.07128535211086273
0.028591325506567955
0.02947300300002098
0.02741388790309429
0.1507597416639328
0.051823608577251434
0.5287671685218811
0.08468663692474365
0.1715838760137558
0.12429998815059662
0.053265415132045746
0.0024443010333925486
0.022109102457761765
0.21090778708457947
0.17727215588092804
0.02315327897667885
0.017652157694101334
0.05172855406999588
0.024302402511239052
0.12366140633821487
0.021041464060544968
0.0019553157035261393
0.002545395167544484
0.01109621487557888
0.000602965010330081
0.027911201119422913
0.002974553732201457
0.0009416404645889997
0.06755180656909943
0.020702257752418518
0.022307859733700752
0.048057921230793
0.03323312848806381
0.005727508570998907
0.0680810809135437
0.11303701251745224
0.035242706537246704
0.03733932226896286
0.011413117870688438
0.1889154314994812
0.009586939588189125
0.018086329102516174
0.06905587762594223
0.04254263639450073
0.05082976073026657
0.0008324661757797003
0.04545772075653076
0.005804080981761217
0.1443808674812317
0.017715247347950935
0.0443282350897789
0.0036333370953798294
0.22676269710063934
0.10148094594478607
0.018447961658239365
1.4074349403381348
0.040294136852025986
0.02612188644707203
0.046215977519750595
0.022937510162591934
0.004574713297188282
0.048095040023326874
0.022115379571914673
0.02218722552061081
0.017039649188518524
0.002936630044132471
0.005918347276747227
0.03831898048520088
0.02375505119562149
0.008600365370512009
0.13304227590560913
0.0077470652759075165
0.017378851771354675
0.004877516999840736
0.015539607033133507
0.019276374951004982
0.04551777243614197
0.0740678682923317
0.0026056671049445868
0.21813341975212097
0.03208887577056885
0.011134560219943523
0.27864497900009155
0.0034458995796740055
0.01219609659165144
0.012844092212617397
0.04270629957318306
0.03996473178267479
0.03185291215777397
0.15007996559143066
0.09618779271841049
0.02158363349735737
0.06397548317909241
0.008213425055146217
0.04174598678946495
0.03915812075138092
0.008183637633919716
0.0003192040603607893
0.0022862334735691547
0.007130861282348633
0.020989704877138138
0.04099974408745766
0.03745996952056885
0.007684680167585611
0.003490227274596691
0.051471367478370667
0.0008944642031565309
0.01033991388976574
0.044748157262802124
0.029597949236631393
0.04236435145139694
0.011888977140188217
0.004847491160035133
0.018068987876176834
0.005302793346345425
0.022289300337433815
0.017753198742866516
0.027517417445778847
0.03988506644964218
0.054196253418922424
0.016603784635663033
0.03818676993250847
0.005742629524320364
0.11169438064098358
0.1832539588212967
0.03751488775014877
0.04114299267530441
0.13963131606578827
0.023317819461226463
0.010497522540390491
0.017403144389390945
0.011592130176723003
0.024630405008792877
0.08449163287878036
0.15882281959056854
0.029986800625920296
0.024727266281843185
0.017534680664539337
0.0017823041416704655
0.01842554286122322
0.8119291067123413
0.04094557836651802
0.017838934436440468
0.04326151683926582
0.01960512064397335
0.023588303476572037
0.0016043095383793116
0.008710216730833054
0.01943974196910858
0.003115847008302808
0.015806229785084724
0.4713762700557709
0.0008969429763965309
0.011293850839138031
0.0035794228315353394
0.19339223206043243
0.018670789897441864
0.009533269330859184
0.008092735894024372
0.027592508122324944
0.25259333848953247
0.12803012132644653
0.01918025314807892
0.013756202533841133
0.03164162486791611
0.07138743996620178
0.001255224458873272
0.019186580553650856
0.1370665431022644
0.4491252303123474
0.17915061116218567
0.046881623566150665
0.027215588837862015
0.047791652381420135
0.05066212639212608
0.33340373635292053
0.0027705396059900522
0.06014275550842285
0.07182252407073975
0.003348955186083913
0.010328460484743118
0.002683627884835005
0.0223323255777359
0.021031325682997704
0.004400103352963924
0.21458099782466888
0.0006885352195240557
0.0010867021046578884
0.029294738546013832
0.08641113340854645
0.5064253211021423
0.015089567750692368
0.046039532870054245
0.04324496164917946
0.02122078835964203
0.014246683567762375
0.0016902178758755326
0.004768949933350086
0.02345830574631691
0.0068082972429692745
0.007064870558679104
0.1018160805106163
0.009885052219033241
0.03419948369264603
0.02661762572824955
0.00015231459110509604
0.00422013271600008
0.019051799550652504
0.03365214541554451
0.07689516991376877
0.053651727735996246
0.020339028909802437
0.0004786645877175033
0.13386322557926178
0.02046794258058071
0.02261221781373024
0.009237824939191341
0.00045460593537427485
0.020917097106575966
0.03258650004863739
0.03517768159508705
0.05449514836072922
0.023521853610873222
0.017957618460059166
0.061901599168777466
0.006667396519333124
0.0038139827083796263
0.032075345516204834
0.021086188033223152
0.03675297647714615
0.00445264857262373
0.03759794682264328
0.013465123251080513
0.004219918046146631
0.01797635480761528
0.013046640902757645
0.007595449686050415
0.025552038103342056
0.002340885577723384
0.002752881031483412
0.057591237127780914
0.01688309572637081
0.00890215765684843
0.00018582998018246144
0.037123795598745346
0.007510078605264425
0.06811900436878204
0.0022283666767179966
0.08669892698526382
0.03283872455358505
0.00015517204883508384
0.013607066124677658
0.02306390181183815
0.039289690554142
0.004357590805739164
0.09589505940675735
0.04614918306469917
0.024175485596060753
0.0027138337027281523
0.020937856286764145
0.0386018268764019
0.012773305177688599
0.09823183715343475
0.006181996315717697
0.11290980130434036
0.013581659644842148
0.05489572882652283
0.45012137293815613
0.008754557929933071
0.01494824793189764
0.007577592972666025
0.0027706483379006386
0.05634058266878128
0.10186697542667389
0.03923336789011955
0.014937073923647404
2.579726457595825
0.055192142724990845
0.0010528435232117772
0.04643668979406357
0.03484642505645752
0.07731031626462936
0.025694653391838074
0.06492461264133453
0.1982751488685608
0.028673285618424416
0.009523123502731323
0.00776042090728879
0.0017244572518393397
0.0409797802567482
0.00893291924148798
0.013256695121526718
0.38106441497802734
0.01710336282849312
0.00848784577101469
0.017180129885673523
0.00840735249221325
0.018191078677773476
0.028158703818917274
0.02007691003382206
0.03891122713685036
0.00502747343853116
0.05794419348239899
0.05104789882898331
0.0004705951432697475
0.03716647997498512
0.1043405681848526
0.048854704946279526
0.023226192221045494
0.006719885393977165
0.0021388307213783264
0.038970571011304855
0.04986666142940521
0.02550089731812477
0.02021259069442749
0.08233285695314407
0.020024670287966728
0.31455981731414795
0.020008493214845657
0.012565704062581062
0.02839946746826172
0.032555289566516876
0.03286230191588402
0.0016883957432582974
0.02247542515397072
0.04027807340025902
0.052341096103191376
0.016358714550733566
0.10578949749469757
0.12333445996046066
0.005063359625637531
5.572287591348868e-06
0.02401789277791977
0.06769176572561264
0.0019641020335257053
0.011046343483030796
0.003726608119904995
0.02545197121798992
0.001595139503479004
0.010658999904990196
0.006963637191802263
0.010657798498868942
0.033588506281375885
0.012103159911930561
0.017601298168301582
0.020065346732735634
0.016052912920713425
0.004281817469745874
0.04499038681387901
0.014817147515714169
0.0024769511073827744
0.1760554015636444
0.04315025359392166
0.0015423415461555123
0.01145994570106268
0.004625784698873758
0.06971944868564606
0.010229927487671375
0.01570376753807068
0.7423822283744812
0.01587527245283127
0.0012982728658244014
0.02278859168291092
0.07871079444885254
0.017816215753555298
0.405796617269516
0.06630697846412659
0.004712000489234924
0.20971329510211945
0.007583285681903362
0.015149541199207306
0.02845846116542816
0.014280625618994236
0.06091601401567459
0.002583678811788559
0.00911680143326521
0.00859580747783184
0.0304875448346138
0.037172965705394745
0.04170379415154457
0.08954565227031708
0.05034402385354042
0.026718035340309143
0.05028567090630531
0.001731746830046177
0.0706222653388977
0.02410305105149746
0.030029721558094025
0.028979497030377388
0.0004447289975360036
0.009326866827905178
0.09463978558778763
0.033848609775304794
0.037646349519491196
0.03301491588354111
9.895110997604206e-05
0.015643609687685966
0.024917121976614
0.025019261986017227
0.09050030261278152
0.025237463414669037
0.004688032902777195
0.052240677177906036
0.028570929542183876
0.015064389444887638
0.02183920331299305
0.018683917820453644
0.07725369930267334
0.10563327372074127
0.044557712972164154
0.01600310392677784
0.051300086081027985
0.054400183260440826
0.02523835189640522
0.020406503230333328
0.05175785720348358
0.04188883304595947
0.024858489632606506
0.00011758133041439578
0.019481342285871506
0.03608207032084465
0.014139929786324501
0.00695930328220129
0.2410019338130951
0.01345188170671463
0.01656108908355236
0.28540846705436707
0.05383932217955589
0.02251410111784935
0.01974428817629814
0.003414922161027789
0.08668166399002075
0.03486938774585724
0.023104047402739525
0.02534194104373455
0.04290525242686272
0.031541842967271805
0.023095084354281425
0.06456249207258224
0.6093159317970276
0.02024010755121708
0.5759157538414001
0.02807696908712387
0.07002315670251846
0.03548665717244148
0.03218499571084976
0.010791145265102386
0.039502598345279694
0.014490341767668724
0.0019716043025255203
0.07848291099071503
0.019170954823493958
0.02994057536125183
0.0017671840032562613
0.02387777529656887
0.0028291544876992702
0.3837068974971771
0.007078526541590691
0.02644534967839718
0.002924446715041995
0.029092270880937576
0.019131269305944443
0.011463613249361515
0.019450195133686066
0.14541226625442505
0.00014137923426460475
0.019390974193811417
0.00296124373562634
0.01874277926981449
0.0010758745484054089
0.016937457025051117
0.11421629786491394
0.005040154792368412
0.011017557233572006
0.009737846441566944
0.0029811859130859375
0.020651888102293015
0.046062055975198746
0.01972370222210884
0.054233256727457047
0.053565043956041336
0.045573435723781586
0.06831231713294983
0.27847063541412354
0.11567075550556183
0.01902490109205246
0.0481807105243206
0.04466446489095688
0.018689444288611412
0.011366245336830616
0.0037972358986735344
0.09674812853336334
0.006387940142303705
0.014115611091256142
0.02080732211470604
0.0077918339520692825
0.04352165013551712
0.2606479823589325
0.38396021723747253
0.0822160392999649
0.0033388251904398203
0.0005495293880812824
0.030935361981391907
0.0008186455233953893
0.42731142044067383
0.04435264691710472
0.01704598031938076
0.023855533450841904
0.0024289116263389587
0.04648454114794731
0.01452639140188694
0.012654890306293964
0.007131834048777819
0.0027895676903426647
0.00940499547868967
0.02863038331270218
0.029169194400310516
0.004175817593932152
0.047182392328977585
0.033936094492673874
0.009884631261229515
0.05208485946059227
0.03205794468522072
0.09196200966835022
0.0013394895941019058
0.021494101732969284
0.0284059289842844
0.03867174685001373
0.03434978425502777
0.3530223071575165
0.0013072708388790488
0.011107551865279675
0.15612170100212097
0.03596705198287964
0.03218280151486397
0.023920349776744843
0.007655593100935221
0.0072804829105734825
0.0183707308024168
0.07567286491394043
0.05311959236860275
0.10490963608026505
0.0724865272641182
0.028934979811310768
0.0011881061363965273
0.010369185358285904
0.07826565206050873
0.024589285254478455
0.04879716783761978
0.022685512900352478
0.10468912869691849
0.07336211204528809
0.06311124563217163
0.01024311687797308
0.01250845193862915
0.19125565886497498
0.047093115746974945
0.01698654517531395
0.0014859305229038
0.018701644614338875
0.0011161018628627062
0.0394350029528141
0.036076705902814865
0.003673091297969222
0.006279008463025093
0.12086466699838638
0.02866915613412857
0.040543895214796066
0.02877958118915558
0.0278603695333004
0.008097569458186626
0.02163929119706154
0.04275989904999733
0.05577528476715088
0.007739147637039423
0.058579567819833755
0.005763126537203789
0.05384468287229538
0.04337329417467117
0.04917918145656586
0.08279021084308624
0.007765844464302063
0.1566370278596878
0.03126423433423042
0.010572048835456371
0.05551103875041008
0.096353679895401
0.01485538762062788
0.051702696830034256
0.008775908499956131
0.000372357084415853
0.024134932085871696
0.00010216240480076522
0.07010041177272797
0.8543996214866638
0.018657313659787178
0.05972588062286377
0.02446349523961544
0.04474472254514694
0.07523540407419205
0.024021346122026443
0.02162540890276432
0.013879526406526566
0.14456631243228912
0.02309189923107624
0.013983605429530144
0.2093871682882309
0.03386498615145683
0.11687619239091873
0.05963251739740372
0.055080119520425797
0.03219693899154663
0.005239293910562992
0.009820517152547836
0.015745215117931366
0.2639012932777405
0.016416413709521294
0.12704500555992126
0.025383636355400085
0.004279989283531904
0.07072735577821732
0.017590850591659546
0.03323871269822121
0.04312410205602646
0.011566312983632088
0.046666886657476425
0.18331709504127502
0.008537632413208485
0.01057619508355856
0.0408959798514843
0.00394533621147275
0.022843660786747932
0.07680916041135788
0.02363896742463112
0.008831163868308067
0.008933145552873611
0.010940100997686386
0.009300591424107552
0.014295526780188084
0.0012069593649357557
0.028207259252667427
0.027407487854361534
0.06433076411485672
0.010122048668563366
0.04639552906155586
0.6540325880050659
0.015027176588773727
0.10478104650974274
0.015463384799659252
0.015760984271764755
0.03180346637964249
0.03394720330834389
6.707238935632631e-05
0.008858186192810535
0.010776955634355545
0.014384341426193714
0.1628815084695816
0.08760617673397064
0.015190779231488705
0.022438576444983482
0.08086966723203659
0.03629468008875847
0.04680747166275978
0.027728240936994553
0.007468733936548233
0.14423656463623047
0.02762453816831112
0.020532511174678802
0.09206726402044296
0.043310314416885376
0.012758856639266014
0.032704733312129974
0.059426791965961456
0.14542514085769653
0.050436049699783325
0.043186452239751816
0.06959182024002075
0.022382816299796104
0.002451411448419094
0.0907386988401413
0.03730723634362221
0.023128502070903778
0.10678907483816147
0.012974735349416733
0.02735697105526924
0.013144407421350479
0.13909590244293213
0.007694418076425791
0.003990692086517811
0.01610107719898224
0.05544097721576691
0.023429004475474358
0.023067371919751167
0.016621101647615433
0.018323751166462898
0.03239564597606659
0.0025783348828554153
0.0052677420899271965
0.04747674614191055
0.028842054307460785
0.0021190568804740906
0.07867114245891571
0.10593834519386292
0.000511842081323266
0.0007818900048732758
0.05033694952726364
0.0001352093240711838
0.022627485916018486
0.021399186924099922
0.0628231018781662
0.0704113095998764
0.021991221234202385
0.13428618013858795
0.024741768836975098
0.026425939053297043
0.1765827089548111
0.061612728983163834
0.028026705607771873
0.024127651005983353
0.0007391767576336861
0.011388170532882214
0.06503301858901978
0.001705637783743441
0.026475777849555016
0.026972517371177673
0.05515430122613907
0.013917018659412861
0.022616500034928322
0.089097760617733
0.045355480164289474
0.009809048846364021
0.406852126121521
0.06437194347381592
0.0017138976836577058
0.0034975640010088682
0.010778781026601791
0.012620778754353523
0.1532837450504303
0.007956517860293388
0.014371928758919239
0.07308310270309448
0.15708526968955994
0.2543735206127167
0.030401913449168205
0.026140231639146805
0.08229811489582062
0.058127161115407944
0.02997741475701332
0.025912677869200706
0.00618136627599597
0.008205259218811989
0.0004809176898561418
0.0209585539996624
0.04708767682313919
0.008881203830242157
0.0006718470831401646
0.05979853868484497
0.05335058644413948
0.11506284773349762
0.019708994776010513
0.1331213116645813
0.005498048849403858
0.10776925832033157
0.0013426336226984859
0.02884841337800026
0.1767553687095642
0.03403874859213829
0.008209419436752796
0.006716239266097546
0.03419101610779762
0.0015493729151785374
0.026547618210315704
0.031644001603126526
0.030701547861099243
0.16940639913082123
0.026430116966366768
0.030947353690862656
0.020239615812897682
0.016950679942965508
0.04300396144390106
1.171209454536438
0.01842314377427101
0.03799617663025856
0.0010332863312214613
0.005601913668215275
0.03226020932197571
4.126047861063853e-05
0.026272326707839966
0.0032463474199175835
0.03181152045726776
0.020727897062897682
0.032003503292798996
0.00504052359610796
0.031170707195997238
0.054116491228342056
0.13242527842521667
0.02893207222223282
0.19524697959423065
0.10987398773431778
0.007413039915263653
0.03183634951710701
0.001041756710037589
0.6763841509819031
0.004227462690323591
0.2299959510564804
0.02000567503273487
5.842904283781536e-05
0.0362837091088295
0.012105398811399937
0.030820826068520546
0.035862866789102554
0.3026873767375946
0.021086905151605606
0.003935354296118021
0.01653481274843216
0.04018925502896309
0.04131713882088661
0.03193138539791107
0.08879241347312927
0.03655662015080452
0.04261096939444542
0.013573626056313515
0.02629784122109413
0.048386115580797195
0.008327571675181389
0.02287246473133564
0.08666189014911652
0.01988806575536728
0.009539108723402023
0.00426362082362175
0.003457355313003063
0.02400473691523075
0.0332770049571991
0.06376063823699951
0.001503070699982345
0.019167395308613777
0.03381723165512085
0.0037465100176632404
0.013827553018927574
0.0005006645806133747
0.006270729936659336
0.1114884465932846
0.036027517169713974
0.030851488932967186
0.009591068141162395
0.00905532855540514
0.0047404104843735695
0.05153219401836395
0.007109237834811211
0.014113842509686947
0.06423032283782959
0.02052079327404499
0.0057923696003854275
0.08065138757228851
0.053101226687431335
0.005464089568704367
0.02824801579117775
0.08407850563526154
0.02694050781428814
0.08299098908901215
0.07582055032253265
0.006825611460953951
0.039728451520204544
0.08338424563407898
0.00010303250746801496
0.03238140419125557
0.07910267263650894
0.33419573307037354
0.18200348317623138
0.018710510805249214
0.043586790561676025
0.00279448414221406
0.01743222586810589
0.019387973472476006
0.06803222745656967
0.05854935199022293
0.10566085577011108
0.458422988653183
0.0376848466694355
0.064910389482975
0.004631019197404385
0.009610265493392944
0.031901054084300995
0.014776689931750298
0.02495596371591091
0.06664060056209564
0.009988393634557724
0.0190577395260334
0.11561936885118484
0.021048279479146004
0.02003253437578678
0.03846970200538635
0.020234782248735428
0.014283769764006138
0.10777691751718521
0.006880029570311308
0.0140712084248662
0.03710349649190903
0.04502716287970543
7.657103560632095e-05
0.06404214352369308
0.8878905773162842
0.019211074337363243
0.01084909774363041
0.006175356917083263
0.012036784552037716
0.16565270721912384
0.007241064682602882
0.09174096584320068
0.017161352559924126
0.048313893377780914
0.009940927848219872
0.0004810282262042165
0.08556544780731201
0.044070079922676086
0.032331570982933044
0.006286912132054567
0.024118129163980484
0.04215960204601288
0.011386553756892681
0.14191633462905884
0.2001015692949295
0.012703821994364262
0.03608670085668564
0.13060380518436432
0.21492546796798706
0.01822296716272831
0.03316305950284004
0.006715056486427784
0.040073905140161514
0.1253417730331421
4.33798360824585
0.005028905812650919
0.012944266200065613
0.01721842586994171
0.12230893224477768
0.01616804301738739
0.15926402807235718
0.026304129511117935
0.03695737197995186
0.19243282079696655
0.16188590228557587
0.002764117904007435
0.02232089266180992
0.07757332921028137
0.01338427048176527
0.005804353393614292
0.0017352323047816753
0.019717950373888016
0.03971792384982109
0.02208355814218521
0.021751370280981064
0.017127718776464462
0.050825633108615875
0.05032949894666672
0.01017377432435751
0.013288001529872417
0.007914865389466286
0.0390985868871212
0.014158024452626705
0.014205903746187687
0.07692977786064148
0.04651378467679024
0.02014901116490364
0.016059093177318573
