0.00775692705065012
0.012789454311132431
0.0027535520493984222
0.008133151568472385
0.009225771762430668
0.0007557530188933015
0.012562885880470276
0.009675648994743824
0.0028248787857592106
0.015016814693808556
0.012322560884058475
0.02555525302886963
0.011106176301836967
0.009270688518881798
0.01583460159599781
0.00862340908497572
0.0019912756979465485
0.012560568749904633
0.0017970380140468478
0.001397168030962348
0.015224950388073921
0.0015842656139284372
0.01802878826856613
0.01144436839967966
0.011611082591116428
0.006000387482345104
0.004116917494684458
0.010799180716276169
0.00958180520683527
0.009331868961453438
0.0742281973361969
0.011766219511628151
0.005460292100906372
0.02086733654141426
0.008416076190769672
0.01105229090899229
0.005686023272573948
0.008902400732040405
0.010991783812642097
0.01199183240532875
0.011821172200143337
0.0027817143127322197
0.0087650828063488
0.011270818300545216
0.0021375359501689672
0.00881228968501091
0.008292407728731632
0.0035999484825879335
0.011647704057395458
0.03042209893465042
0.009365211240947247
0.004314885009080172
0.010874590836465359
0.014847120270133018
0.00983587559312582
0.008266779594123363
0.016678299754858017
0.012433894909918308
0.005533292889595032
0.01973729394376278
0.04887310415506363
0.019937217235565186
0.013848012313246727
0.11044183373451233
0.012370140291750431
0.005559534765779972
0.025761578232049942
0.022169698029756546
0.023473694920539856
0.008107658475637436
0.009002060629427433
0.015343192964792252
0.014768620021641254
0.019210578873753548
0.03682594746351242
0.010034630075097084
0.00674313073977828
0.009289316833019257
0.018370475620031357
0.001600221497938037
0.010392166674137115
0.00827646441757679
0.010753639042377472
0.011718627996742725
0.007466199807822704
0.0013823250774294138
0.016882356256246567
0.005001187324523926
0.009401899762451649
0.01251310110092163
0.002499313559383154
0.03111976943910122
0.024661704897880554
0.00758492574095726
0.015122216194868088
0.010307286866009235
0.010500269010663033
0.014162460342049599
0.001226245192810893
0.012175578624010086
0.009018898010253906
0.007271888665854931
0.006648350972682238
0.013203009963035583
0.016229232773184776
0.001897491980344057
0.007285779807716608
0.005470048636198044
0.0014076760271564126
0.009343414567410946
0.009324911050498486
0.01710844784975052
0.009708166122436523
0.012547492980957031
0.02716589719057083
0.011693324893712997
0.0007497728220187128
0.007557755336165428
0.004523501265794039
0.011668702587485313
0.0139166209846735
0.010199964046478271
0.013078180141746998
0.010138366371393204
0.0021187984384596348
0.0037065467331558466
0.002285736845806241
0.004012099001556635
0.0020284829661250114
0.01175153162330389
0.009091246873140335
0.009321187622845173
0.0029239451978355646
0.005101592279970646
0.015207258984446526
0.010221106931567192
0.013351118192076683
0.011554060503840446
0.014211924746632576
0.009340789169073105
0.026773972436785698
0.019595710560679436
0.051932431757450104
0.027712266892194748
0.0013654204085469246
0.0010197260417044163
0.016767961904406548
0.01331765204668045
0.011640229262411594
0.01731105148792267
0.012181310914456844
0.005285162478685379
0.01101770717650652
0.0011214623227715492
0.0006044283509254456
0.03382595628499985
0.004459070973098278
0.02507454715669155
0.0009884778410196304
0.01952383667230606
0.013166911900043488
0.002390880137681961
0.08507352322340012
0.008456077426671982
0.011148873716592789
0.00864079874008894
0.016956644132733345
0.016295820474624634
0.0071225776337087154
0.006439282558858395
0.007712037302553654
0.009055612608790398
0.00930008664727211
0.009653771296143532
0.02426028996706009
0.01311490312218666
0.017345577478408813
0.0009433740051463246
0.030144844204187393
0.008891131728887558
0.001074897008948028
0.008011344820261002
0.01221549417823553
0.013752845115959644
0.0015651504509150982
0.007550498470664024
0.007134566083550453
0.029738811776041985
0.03130163624882698
0.00704178586602211
0.0021971757523715496
0.01139639038592577
0.01854526996612549
0.011686530895531178
0.011837180703878403
0.010209056548774242
0.010965786874294281
0.005575050599873066
0.014742749743163586
0.01980598084628582
0.00763219129294157
0.013934138230979443
0.009196311235427856
0.006970610469579697
0.008577621541917324
0.07988251000642776
0.013595456257462502
0.002726484090089798
0.01458402443677187
0.010396355763077736
0.016766417771577835
0.01936214789748192
0.023894868791103363
0.017945287749171257
0.013840323314070702
0.013542275875806808
0.0015689281281083822
0.009925863705575466
0.041519299149513245
0.014610140584409237
0.017821528017520905
0.02285105362534523
0.006782606244087219
0.014751715585589409
0.014984339475631714
0.010060375556349754
0.0012019178830087185
0.006137251388281584
0.016960296779870987
0.01531960628926754
0.010128485038876534
0.00386631116271019
0.000743828306440264
0.012283921241760254
0.002565405098721385
0.010674215853214264
0.01737797260284424
0.017839424312114716
0.005751190707087517
0.03204566612839699
0.0017423037206754088
0.0007579909288324416
0.0006548995152115822
0.0026975194923579693
0.0210944265127182
0.0006261757807806134
0.02518293261528015
0.0028515581507235765
0.007507333531975746
0.014175277203321457
0.009208808653056622
0.0016200424870476127
0.008215849287807941
0.019297197461128235
0.0022058901377022266
0.0016908912220969796
0.00529636163264513
0.0019826479256153107
0.0013957950286567211
0.01447630487382412
0.001359792659059167
0.005002169869840145
0.014151856303215027
0.00045820081140846014
0.00838734395802021
0.02419719099998474
0.001096110325306654
0.0021644490770995617
0.020602911710739136
0.016624605283141136
0.013937911950051785
0.04008858650922775
0.0023605802562087774
0.01218082383275032
0.009022890590131283
0.015006753616034985
0.013487669639289379
0.020137468352913857
0.016638657078146935
0.010949003510177135
0.00954868458211422
0.006747565232217312
0.0006301184184849262
0.0013083132216706872
0.009845692664384842
0.015048948116600513
0.009875698015093803
0.01697336509823799
0.018320266157388687
0.010030963458120823
0.010515344329178333
0.012815453112125397
0.0016785957850515842
0.01373942382633686
0.02706010639667511
0.013001669198274612
0.01643705554306507
0.008542465977370739
0.013410240411758423
0.0055373962968587875
0.0111582912504673
0.00014248827937990427
0.011036626994609833
0.0010443379869684577
0.0072340285405516624
0.014922020956873894
0.013684541918337345
0.015096969902515411
0.017084121704101562
0.007732647471129894
0.007676678244024515
0.0020330415572971106
0.005425119306892157
0.022639434784650803
0.005888580810278654
0.0011489976895973086
0.0015609529800713062
0.007440426852554083
0.009784696623682976
0.01721961610019207
0.015939518809318542
0.0016464486252516508
0.0014044907875359058
0.01300379540771246
0.007791322190314531
0.01149213407188654
0.014381475746631622
0.00970027968287468
0.02257024496793747
0.011432952247560024
0.009037112817168236
0.0649309903383255
0.007251689210534096
0.0010858449386432767
0.014739181846380234
0.0016704503213986754
0.03321303427219391
0.00141431565862149
0.00835347454994917
0.014068856835365295
0.0008997805416584015
0.0009198796469718218
0.0033556027337908745
0.008164038881659508
0.007824466563761234
0.006247812882065773
0.00973259937018156
0.017060691490769386
0.02643263339996338
0.009308019652962685
0.002529190620407462
0.0010720858117565513
0.013928743079304695
0.011265101842582226
0.009175916202366352
0.01644832268357277
0.007341526448726654
0.0336577370762825
0.07117447257041931
0.007790098898112774
0.03896474093198776
0.023380758240818977
0.012102441862225533
0.027805646881461143
0.004043798893690109
0.016093168407678604
0.010617902502417564
0.017539236694574356
0.0061247083358466625
0.013118905015289783
0.0014424582477658987
0.030060872435569763
0.01284930482506752
0.025466851890087128
0.010631658136844635
0.02376779168844223
0.008774852380156517
0.012702611275017262
0.007868207059800625
0.018003933131694794
0.03173209726810455
0.01159351784735918
0.0010560809168964624
0.0017292005941271782
0.010246779769659042
0.013839066959917545
0.01840851455926895
0.007210018113255501
0.030856937170028687
0.0019168290309607983
0.014677299186587334
0.008821682073175907
0.03096245415508747
0.01588343270123005
0.0065770223736763
0.0011253457050770521
0.015066619031131268
0.011684844270348549
0.0010887046810239553
0.01000046357512474
0.0007493092562071979
0.013568606227636337
0.00036041479324921966
0.016284726560115814
0.016469210386276245
0.007955151610076427
0.011058758944272995
0.012978843413293362
0.018128296360373497
0.018440086394548416
0.013304153457283974
0.009520277380943298
0.01603100076317787
0.014610163867473602
0.0077066319063305855
0.001321225194260478
0.011680195108056068
0.009848329238593578
0.003926804754883051
0.005407069809734821
0.0008212591055780649
0.011665767058730125
0.011085569858551025
0.008393813855946064
0.001740916515700519
0.00047644326696172357
0.01696106046438217
0.0015291472664102912
0.007366497535258532
0.018185054883360863
0.009097641333937645
0.0067830076441168785
0.014972802251577377
0.0012806630693376064
0.008010173216462135
0.004313723649829626
0.011881444603204727
0.011814344674348831
0.014373084530234337
0.0013521828223019838
0.0038540861569344997
0.03560947626829147
0.007801256142556667
0.01467086561024189
0.0014964193105697632
0.010634906589984894
0.011598360724747181
0.009020131081342697
0.011080208234488964
0.022999025881290436
0.009303202852606773
0.010883236303925514
0.003065137192606926
0.008246415294706821
0.012601827271282673
0.019160117954015732
0.015463626012206078
0.0026374482549726963
0.010913717560470104
0.0040221610106527805
0.008786071091890335
0.002452289219945669
0.016603095456957817
0.014751236885786057
0.006059524603188038
0.003728178795427084
0.01686372235417366
0.002158958464860916
0.010030991397798061
0.00038822920760139823
0.0004421764751896262
0.015102273784577847
0.010467411950230598
0.041829850524663925
0.008804384618997574
0.01613026298582554
0.005667363293468952
0.016622211784124374
0.010620838031172752
0.0168857853859663
0.005158431828022003
0.002886829897761345
0.006567136384546757
0.016190864145755768
0.020081451162695885
0.015687551349401474
0.009885619394481182
0.00396981555968523
0.00896312016993761
0.023458007723093033
0.01328190229833126
0.0012772155459970236
0.006840344984084368
0.0019676415249705315
0.0008550909115001559
0.08142639696598053
0.013968728482723236
0.012244551442563534
0.008764826692640781
0.010704703629016876
0.00721418671309948
0.011447392404079437
0.012299280613660812
0.011517336592078209
0.001700059394352138
0.01603097841143608
0.012116149067878723
0.006638048682361841
0.001561839017085731
0.03004835546016693
0.0012383409775793552
0.01524333469569683
0.0010951027506962419
0.006535287946462631
0.015348060056567192
0.02514035254716873
0.00380579917691648
0.011358117684721947
0.021131329238414764
0.012454817071557045
0.005717294290661812
0.005201487336307764
0.018834762275218964
0.0011398463975638151
0.015170814469456673
0.004226916469633579
0.015766749158501625
0.009790698066353798
0.006946221925318241
0.01151888445019722
0.004105172120034695
0.011520289815962315
0.0005108846817165613
0.0012021842412650585
0.009890259243547916
0.013148358091711998
0.010105384513735771
0.01751760020852089
0.010972417891025543
0.011422636918723583
0.03428589552640915
0.009100604802370071
0.0018612102139741182
0.000978386728093028
0.0064408741891384125
0.021044394001364708
0.012117930687963963
0.04817784205079079
0.0012138328747823834
0.009486579336225986
0.0043733310885727406
0.002249015960842371
0.011477290652692318
0.015148503705859184
0.01319071650505066
0.008073373697698116
0.0009477903950028121
0.013975190930068493
0.00792434811592102
0.010817627422511578
0.01118539460003376
0.0006026137853041291
0.008032844401896
0.024841148406267166
0.010459428653120995
0.015870705246925354
0.009234540164470673
0.011533316224813461
0.012469644658267498
0.0007803309708833694
0.016398239880800247
0.011816083453595638
0.008166417479515076
0.0014469835441559553
0.012399934232234955
0.022182945162057877
0.00956670194864273
0.004351663403213024
0.01587248407304287
0.001598105183802545
0.01354130357503891
0.02091829665005207
0.0030214625876396894
0.015383675694465637
0.0022946959361433983
0.0009940930176526308
0.014546496793627739
0.010210772044956684
0.009909005835652351
0.006802920252084732
0.021230582147836685
0.012922704219818115
0.0012019913410767913
0.0060117244720458984
0.01660606451332569
0.00431399792432785
0.010288156569004059
0.018962588161230087
0.009979003109037876
0.015820741653442383
0.004590041935443878
0.0008153785020112991
0.018231380730867386
0.014617959037423134
0.03709086775779724
0.017759835347533226
0.021264195442199707
0.058656949549913406
0.009482732973992825
0.00260113924741745
0.01642729341983795
0.026923038065433502
0.011086465790867805
0.007970934733748436
0.010150632821023464
0.01157359592616558
0.008564632385969162
0.017689934000372887
0.009085923433303833
0.00470169261097908
0.001832848647609353
0.01185157522559166
0.0011638635769486427
0.0067441388964653015
0.010883543640375137
0.01663726568222046
0.018208373337984085
0.005182549823075533
0.010076440870761871
0.020365482196211815
0.013000596314668655
0.006468983832746744
0.017330676317214966
0.0006262169335968792
0.010450690984725952
0.01742296852171421
0.008516859263181686
0.007132312748581171
0.0005914552602916956
0.004658927209675312
0.008797859773039818
0.02842312678694725
0.010390693321824074
0.010551522485911846
0.0257346723228693
0.01675107330083847
0.004834438674151897
0.011896925047039986
0.009852873161435127
0.008243361487984657
0.031057793647050858
0.001237500342540443
0.010083029046654701
0.010277817025780678
0.0026306849904358387
0.012534188106656075
0.001067647710442543
0.008332903496921062
0.0285431407392025
0.0032495008781552315
0.009590672329068184
0.01343681663274765
0.006820991635322571
0.036677878350019455
0.012583591043949127
0.002145863603800535
0.009969820268452168
0.009999994188547134
0.0011328286491334438
0.013662940822541714
0.0024962862953543663
0.013995908200740814
0.013950468972325325
0.0075224777683615685
0.009480150416493416
0.010973733849823475
0.030012555420398712
0.010519422590732574
0.014398743398487568
0.001487332978285849
0.006531919352710247
0.008636785671114922
0.0008346309186890721
0.016047585755586624
0.010600104928016663
0.007688802666962147
0.0008900028187781572
0.009719994850456715
0.015877941623330116
0.01645214483141899
0.006036053877323866
0.010374193079769611
0.0010777967981994152
0.017498521134257317
0.0010149809531867504
0.01419218722730875
0.0011981946881860495
0.0082516735419631
0.001250749221071601
0.008422314189374447
0.002945702988654375
0.013222665525972843
0.0085386261343956
0.013440490700304508
0.027672864496707916
0.009402512572705746
0.00404400983825326
0.011556407436728477
0.009323390200734138
0.002281270455569029
0.017666051164269447
0.024917498230934143
0.0005979960551485419
0.011917876079678535
0.007368041668087244
0.005532938987016678
0.010116961784660816
0.011602891609072685
0.02078026905655861
0.00792747549712658
0.023285161703824997
0.013802868314087391
0.007196006365120411
0.011844567954540253
0.034055132418870926
0.0097284447401762
0.0015808048192411661
0.008684640750288963
0.026290319859981537
0.00849441159516573
0.00041378536843694746
0.008607616648077965
0.0011377702467143536
0.002227254444733262
0.0010660374537110329
0.009158525615930557
0.0023149007465690374
0.0008946291054598987
0.017880726605653763
0.014579491689801216
0.0008890785975381732
0.009503882378339767
0.014528734609484673
0.0161913875490427
0.007936045527458191
0.014244884252548218
0.006629941053688526
0.01065855287015438
0.0024585765786468983
0.011850055307149887
0.00807200651615858
0.0014141947031021118
0.01268557645380497
0.0069350795820355415
0.011846724897623062
0.014356998726725578
0.03517818823456764
0.0031572335865348577
0.018792808055877686
0.006366122514009476
0.010125595144927502
0.010373260825872421
0.018862752243876457
0.010914057493209839
0.009019757620990276
0.005633283872157335
0.014492997899651527
0.013875985518097878
0.015137986280024052
0.0430484265089035
0.00662335567176342
0.015672361478209496
0.004393427632749081
0.006940355058759451
0.010058339685201645
0.0011897998629137874
0.01568622887134552
0.007569184526801109
0.003919294103980064
0.01642601191997528
0.011360964737832546
0.003441263921558857
0.009084781631827354
0.01881277933716774
0.016843169927597046
0.010123077780008316
0.012640954926609993
0.016346247866749763
0.017507657408714294
0.011312732473015785
0.04093579947948456
0.028324071317911148
0.014262615703046322
0.013224841095507145
0.011623572558164597
0.014216561801731586
0.006709671579301357
0.02328447438776493
0.002924811327829957
0.0026183053851127625
0.015678077936172485
0.011192063800990582
0.015296973288059235
0.001021543052047491
0.008817348629236221
0.0021603333298116922
0.0012562301708385348
0.0007794019766151905
0.0071157896891236305
0.001086881966330111
0.020725034177303314
0.013823889195919037
0.011353055946528912
0.007202640641480684
0.004152405075728893
0.003156770719215274
0.0013724069576710463
0.002159739611670375
0.016481533646583557
0.004369623493403196
0.0010186757426708937
0.009233028627932072
0.0013202936388552189
0.0006899820873513818
0.012422675266861916
0.0036786748096346855
0.010180739685893059
0.0012990414397791028
0.001196594093926251
0.005488645285367966
0.001275818096473813
0.0012079454027116299
0.012824521400034428
0.009006255306303501
0.020869512110948563
0.014164097607135773
0.005283943377435207
0.018700381740927696
0.009489523246884346
0.001874067704193294
0.012116026133298874
0.011290149763226509
0.007534273900091648
0.028703195974230766
0.011501667089760303
0.010921625420451164
0.011714229360222816
0.0041968426667153835
0.036663226783275604
0.017809223383665085
0.001148707466199994
0.0020923928823322058
0.00952884927392006
0.005064624827355146
0.015161339193582535
0.009628266096115112
0.017620589584112167
0.0016166851855814457
0.012982509098947048
0.011644324287772179
0.015442381612956524
0.01150590367615223
0.006835992448031902
0.0064359260722994804
0.0106316227465868
0.0152521887794137
0.015138162299990654
0.013008205220103264
0.0014764610677957535
0.013413047417998314
0.000993620720691979
0.019868064671754837
0.0007472152938134968
0.020147278904914856
0.013393208384513855
0.0035778076853603125
0.011304432526230812
0.004274132661521435
0.019450481981039047
0.00921682920306921
0.005354749038815498
0.029781503602862358
0.01652165874838829
0.015685245394706726
0.005149372853338718
0.012875608168542385
0.012144118547439575
0.008522545918822289
0.011389192193746567
0.008246070705354214
0.01618073508143425
0.01656859554350376
0.011167645454406738
0.0008737759198993444
0.009958120062947273
0.007974713109433651
0.007259604521095753
0.00974283367395401
0.019179195165634155
0.01107373833656311
0.013193363323807716
0.007068837061524391
0.016053512692451477
0.009188910014927387
0.0050965407863259315
0.006792363245040178
0.006767566315829754
0.009298769757151604
0.020133282989263535
0.002306526293978095
0.02488575503230095
0.004636751022189856
0.003683890914544463
0.00218860968016088
0.007080407813191414
0.01198936440050602
0.01589321158826351
0.00900019146502018
0.007854081690311432
0.0013262361753731966
0.017006313428282738
0.018895097076892853
0.012598850764334202
0.008696996606886387
0.01714424043893814
0.004239327274262905
0.01211795024573803
0.021573051810264587
0.015883075073361397
0.010603011585772038
0.01256505772471428
0.014991674572229385
0.005855336785316467
0.0013304513413459063
0.021853918209671974
0.015156803652644157
0.0041983528062701225
0.0010267893085256219
0.018202930688858032
0.00836096704006195
0.010855326429009438
0.06454753875732422
0.014535654336214066
0.019328808411955833
0.003128793789073825
0.031359825283288956
0.021447325125336647
0.015150114893913269
0.021021321415901184
0.01367984339594841
0.009066227823495865
0.009983645752072334
0.013600166887044907
0.008493877947330475
0.01085331104695797
0.0005362405790947378
0.002810556208714843
0.02171621471643448
0.010764548555016518
0.003900820855051279
0.0071758306585252285
0.0010313785169273615
0.0006477964925579727
0.008284391835331917
0.016169682145118713
0.018983440473675728
0.010058403015136719
0.004570643417537212
0.014326575212180614
0.007724195718765259
0.03167508915066719
0.01535172387957573
0.0017333163414150476
0.008769298903644085
0.12177416682243347
0.011716347187757492
0.010951598174870014
0.008920404128730297
0.02188875339925289
0.0703132152557373
0.00828831922262907
0.011733712628483772
0.018008235841989517
0.014966611750423908
0.0129677914083004
0.012105971574783325
0.02057497948408127
0.008887266740202904
0.04073750227689743
0.015616524964571
0.0036561693996191025
0.01039774902164936
0.0013606788124889135
0.016876451671123505
0.007723173126578331
0.010507356375455856
0.014286003075540066
0.001145394635386765
0.0007392328698188066
0.026111871004104614
0.009632973000407219
0.00790422223508358
0.010627547279000282
0.012512066401541233
0.010462180711328983
0.017157357186079025
0.0029407674446702003
0.018799997866153717
0.014058966189622879
0.011836199089884758
0.012883685529232025
0.02881084755063057
0.01334080658853054
0.0034152474254369736
0.009676209650933743
0.010654927231371403
0.012690449133515358
0.0013196066720411181
0.00827303621917963
0.010613227263092995
0.007410299498587847
0.031634703278541565
0.011809051968157291
0.012055320665240288
0.0049305446445941925
0.0010431044502183795
0.010114421136677265
0.0010632732883095741
0.008950352668762207
0.011899042874574661
0.016130948439240456
0.007883764803409576
0.0015461251605302095
0.0022085087839514017
0.009124686941504478
0.0031879995949566364
0.011708476580679417
0.009974215179681778
0.00972247775644064
0.01178066898137331
0.010804448276758194
0.0007376576540991664
0.015936007723212242
0.002468069549649954
0.0029362994246184826
0.020302047953009605
0.001786436652764678
0.0028064411599189043
0.010057800449430943
0.004458766430616379
0.00045393925393000245
0.0008751801215112209
0.01766727678477764
0.01527082733809948
0.05876588076353073
0.00887839775532484
0.02603919804096222
0.01671343483030796
0.010595297440886497
0.017041265964508057
0.005455515347421169
0.013483548536896706
0.01002846471965313
0.01079320628196001
0.012221472337841988
0.006191934458911419
0.015004035085439682
0.00958705972880125
0.05911070108413696
0.01311168260872364
0.0030300174839794636
0.0017050170572474599
0.0008797022164799273
0.008730216883122921
0.007099158130586147
0.011159044690430164
0.009353317320346832
0.008583424612879753
0.07294923067092896
0.009146998636424541
0.014587193727493286
0.01150059886276722
0.008279344998300076
0.0003365397860761732
0.002516672946512699
0.015852585434913635
0.007330546621233225
0.0008853302570059896
0.010454089380800724
0.0019860321190208197
0.023068644106388092
0.0016040974296629429
0.0016271104104816914
0.013292871415615082
0.010517502203583717
0.015110031701624393
0.011056343093514442
0.008973317220807076
0.014013583771884441
0.0055538262240588665
0.00940721482038498
0.0009057397255674005
0.014785096980631351
0.008809207007288933
0.0066847773268818855
0.017977382987737656
0.0180681049823761
0.01038662251085043
0.008662908338010311
0.0019532907754182816
0.016562893986701965
0.012817800976336002
0.017118047922849655
0.236429825425148
0.0014933221973478794
0.018860533833503723
0.013148809783160686
0.014569597318768501
0.008142747916281223
0.02949858084321022
0.007418341934680939
0.010625835508108139
0.2771831750869751
0.02459968812763691
0.025560639798641205
0.022328350692987442
0.001452907221391797
0.005880784243345261
0.004757389426231384
0.006844020914286375
0.001735268160700798
0.0002860095410142094
0.009847703389823437
0.014496751129627228
0.022465601563453674
0.002544354647397995
0.010940272361040115
0.014833013527095318
0.030792685225605965
0.012125244364142418
0.0007562555256299675
0.020833205431699753
0.0010450986446812749
0.014261092990636826
0.013461815193295479
0.013449080288410187
0.003901309799402952
0.011089359410107136
0.026185940951108932
0.027032237499952316
0.009688538499176502
0.001213042763993144
0.0007965966942720115
0.012949131429195404
0.03202056884765625
0.009656485170125961
0.053904734551906586
0.007166979368776083
0.008025995455682278
0.012698310427367687
0.00438920920714736
0.030172200873494148
0.016090063378214836
0.01344978529959917
0.006102078128606081
0.010305019095540047
0.004993133246898651
0.007519996725022793
0.014741802588105202
0.007913178764283657
0.022666342556476593
0.008541644550859928
0.008377292193472385
0.0017568328185006976
0.01685495488345623
0.0048340982757508755
0.006284365896135569
0.013100853189826012
0.01209351047873497
0.011696011759340763
0.01579894870519638
0.017040036618709564
0.01031927764415741
0.01770057901740074
0.01998763531446457
0.010931506752967834
0.0013962764060124755
0.013991842046380043
0.01332908682525158
0.014573799446225166
0.0022122119553387165
0.01271134428679943
0.0053445929661393166
0.010866951197385788
0.00044707866618409753
0.017129411920905113
0.01402003038674593
0.008410205133259296
0.002797711407765746
0.017863871529698372
0.006809072569012642
0.013030193746089935
0.005841980688273907
0.009937381371855736
0.0014849619474262
0.008876696228981018
0.008859945461153984
0.012340506538748741
0.0131624611094594
0.022840630263090134
0.011996028944849968
0.046874888241291046
0.009343279525637627
0.010734944604337215
0.020579811185598373
0.0005729860276915133
0.009091365151107311
0.002200996270403266
0.011852707713842392
0.0026592928916215897
0.011495763435959816
0.0026062768884003162
0.008519494906067848
0.012087084352970123
0.005896349437534809
0.011380570009350777
0.048695117235183716
0.0009622115758247674
0.0007804401102475822
0.008119281381368637
0.0007328278152272105
0.013565577566623688
0.005056621506810188
0.006619837135076523
0.0027254875749349594
0.014109163545072079
0.018669944256544113
0.006495683453977108
0.00967485923320055
0.010419373400509357
0.0006372783682309091
0.013601986691355705
0.01841043494641781
0.0009753280901350081
0.011792169883847237
0.006539610680192709
0.0365583561360836
0.00525693129748106
0.017742514610290527
0.007722804788500071
0.0010300972498953342
0.02945207990705967
0.011963478289544582
0.00861351191997528
0.006141575984656811
0.0111915972083807
0.004453511442989111
0.014671959914267063
0.010157670825719833
0.009857362136244774
0.03612154722213745
0.0022930160630494356
0.009215135127305984
0.009265171363949776
0.013127152808010578
0.013700373470783234
0.013865741901099682
0.006377893500030041
0.0010786408092826605
0.001261235331185162
0.014394363388419151
0.011243309825658798
0.011382170021533966
0.042336564511060715
0.009080939926207066
0.005067520774900913
0.007882298901677132
0.01185248326510191
0.002621883060783148
0.04707333445549011
0.0008239306043833494
0.001312463660724461
0.013719153590500355
0.02266080677509308
0.007736502215266228
0.006499347276985645
0.0074373455718159676
0.03315617889165878
0.038712188601493835
0.004872503690421581
0.019884491339325905
0.010166885331273079
0.030923642218112946
0.011103617027401924
0.036386888474226
0.015403489582240582
0.011002907529473305
0.009710511192679405
0.011732841841876507
0.00035940634552389383
0.013076016679406166
0.011816618964076042
0.013142957352101803
0.025072922930121422
0.01586797460913658
0.00615882221609354
0.01229240745306015
0.009559625759720802
0.016497666016221046
0.010673249140381813
0.013429678976535797
0.013983511365950108
0.009161346592009068
0.010939262807369232
0.012698205187916756
0.0017504547722637653
0.009335326962172985
0.018138255923986435
0.012826785445213318
0.005962518975138664
0.01437444519251585
0.01360544003546238
0.008185965940356255
0.00491227675229311
0.01567699946463108
0.01006307452917099
0.01658574678003788
0.010205844417214394
0.011348282918334007
0.0009731062455102801
0.005947714671492577
0.0013721493305638433
0.007735684048384428
0.00887701939791441
0.001269649830646813
0.017104003578424454
0.00553409568965435
0.006504840217530727
0.011184792965650558
0.010267782025039196
0.01027650572359562
0.011724615469574928
0.011769059114158154
0.0017816100735217333
0.021635491400957108
0.018825095146894455
0.013878753408789635
0.010637074708938599
0.0026074559427797794
0.02641637995839119
0.012182516045868397
0.01003262773156166
0.0011289549292996526
0.0006035183905623853
0.009629135951399803
0.016595490276813507
0.015228794887661934
0.0744105726480484
0.008993474766612053
0.008933449164032936
0.0037933625280857086
0.0012459962163120508
0.019568273797631264
0.001734587480314076
0.004617149010300636
0.002632671967148781
0.01682884618639946
0.025338083505630493
0.001689305528998375
0.0005469736061058939
0.024032043293118477
0.001551552675664425
0.0007127939024940133
0.0018157719168812037
0.02401849813759327
0.010370634496212006
0.018957942724227905
0.017635729163885117
0.012781795114278793
0.020220231264829636
0.016772884875535965
0.007110040634870529
0.006920499727129936
0.010437984950840473
0.010835789144039154
0.00872998870909214
0.002141510136425495
0.015480989590287209
0.002293418860062957
0.011673249304294586
0.0015089282533153892
0.002473007421940565
0.007024319842457771
0.005674241576343775
0.012441813945770264
0.02435263805091381
0.006379915401339531
0.004102965816855431
0.01913592219352722
0.014355163089931011
0.026428943499922752
0.001478669699281454
0.007761306129395962
0.015126040205359459
0.01302170567214489
0.03843897208571434
0.021742286160588264
0.012418810278177261
0.0007536821067333221
0.009317844174802303
0.01657881587743759
0.02418622560799122
0.024299900978803635
0.02292454056441784
0.01193979661911726
0.0008377199992537498
0.0006832452490925789
0.013599135912954807
0.0007887346437200904
0.0011774036101996899
0.009657025337219238
0.01684187725186348
0.009519548155367374
0.0012846739264205098
0.008980500511825085
0.008601374924182892
0.009799479506909847
0.020232168957591057
0.0011076319497078657
0.007586379069834948
0.012373019941151142
0.0028354674577713013
0.0015599714824929833
0.17630773782730103
0.00784110277891159
0.002834671176970005
0.009163782000541687
0.012385213747620583
0.01192854531109333
0.007717725820839405
0.002488963305950165
0.000822203466668725
0.011870953254401684
0.01614968106150627
0.009003824554383755
0.008112764917314053
0.014595676213502884
0.014051384292542934
0.013013252057135105
0.0134526202455163
0.0012316623469814658
0.011744314804673195
0.0019854293204844
0.00033295759931206703
0.02039172872900963
0.0022321336437016726
0.0024470409844070673
0.001325968885794282
0.011784112080931664
0.01832643523812294
0.001794352545402944
0.014122894033789635
0.010557439178228378
0.02619192935526371
0.006279626861214638
0.0037745030131191015
0.015547217801213264
0.009635483846068382
0.0056507522240281105
0.02004745602607727
0.007493636105209589
0.016876110807061195
0.01022820919752121
0.031040851026773453
0.01188446581363678
0.009407758712768555
0.010736944153904915
0.012851914390921593
0.02042945846915245
0.0166318379342556
0.007186737842857838
0.009842747822403908
0.0272601880133152
0.010703373700380325
0.010675134137272835
0.008350115269422531
0.0033903317525982857
0.012946158647537231
0.010941190645098686
0.009291831403970718
0.021902620792388916
0.00980059802532196
0.001910005696117878
0.012135960161685944
0.013621844351291656
0.0459626279771328
0.011684855446219444
0.008283264003694057
0.03440306335687637
0.02228233963251114
0.008338144049048424
0.011837954632937908
0.03587444871664047
0.01453443430364132
0.032325632870197296
0.00738992216065526
0.014020486734807491
0.01364940032362938
0.007372763007879257
0.015114553272724152
0.012981928884983063
0.05468876287341118
0.014606041833758354
0.011013925075531006
0.012792099267244339
0.008290307596325874
0.007977031171321869
0.007981348782777786
0.0027669784612953663
0.008379552513360977
0.007174535188823938
0.0007059302879497409
0.011043592356145382
0.00925990380346775
0.011250089854001999
0.029783859848976135
0.006307675968855619
0.0146930618211627
0.016994163393974304
0.02772510051727295
0.006275019608438015
0.008723044767975807
0.002161222044378519
0.007895007729530334
0.01966927759349346
0.008701110258698463
0.0020904450211673975
0.0027543059550225735
0.0028854086995124817
0.01990852691233158
0.012528534978628159
0.009167365729808807
0.01662108674645424
0.014847666956484318
0.016472667455673218
0.005790073424577713
0.0025767209008336067
0.017639316618442535
0.008855015970766544
0.007946232333779335
0.001623321557417512
0.010593750514090061
0.0023520863614976406
0.002272672252729535
0.013646101579070091
0.00951355416327715
0.011730651371181011
0.014038734138011932
0.019810136407613754
0.007302398327738047
0.009946610778570175
0.013577792793512344
0.011685294099152088
0.01726953685283661
0.014979802072048187
0.00925309956073761
0.003764435416087508
0.005637254565954208
0.017634758725762367
0.006532062776386738
0.013432965613901615
0.010387225076556206
0.002071928698569536
0.015098104253411293
0.018304450437426567
0.009492022916674614
0.0014423350803554058
0.0064448039047420025
0.09039399027824402
0.012917621992528439
0.018501611426472664
0.020594781264662743
0.02366979792714119
0.0447101928293705
0.008310709148645401
0.00935288518667221
0.01490866206586361
0.009923323057591915
0.00787092000246048
0.009599215351045132
0.0013048339169472456
0.009311184287071228
0.020782779902219772
0.060670532286167145
0.017935311421751976
0.0012984899803996086
0.019078493118286133
0.0008647460490465164
0.014286788180470467
0.006485214456915855
0.010155167430639267
0.009939424693584442
0.0072429003193974495
0.008796919137239456
0.020295975729823112
0.011560138314962387
0.0012372605269774795
0.009147446602582932
0.015726201236248016
0.004429755732417107
0.00043267145520076156
0.01564163714647293
0.010511161759495735
0.011439066380262375
0.0028535895980894566
0.007252244278788567
0.0024993771221488714
0.00701878359541297
0.012740567326545715
0.016730228438973427
0.016040705144405365
0.0019156686030328274
0.04742657020688057
0.011745337396860123
0.012489085085690022
0.0025390959344804287
0.012097807601094246
0.020660068839788437
0.0157468281686306
0.017000583931803703
0.007309047970920801
0.0019520146306604147
0.0025780999567359686
0.013362830504775047
0.014910637401044369
0.019567856565117836
0.02714488096535206
0.005823045969009399
0.010944010689854622
0.014101044274866581
0.01699252240359783
0.009794095531105995
0.0035450661089271307
0.00029597897082567215
0.003919285722076893
0.006100445985794067
0.009258710779249668
0.011605270206928253
0.014027087949216366
0.019087880849838257
0.007359822280704975
0.0023655970580875874
0.0068458933383226395
0.003936409018933773
0.016072217375040054
0.008199108764529228
0.008374803699553013
0.010801472701132298
0.01089298352599144
0.011792493052780628
0.002779363887384534
0.00860274862498045
0.0037828858476132154
0.009178252890706062
0.012710858136415482
0.0004815521533600986
0.004402943421155214
0.010201781988143921
0.012035608291625977
0.0229194238781929
0.01445443369448185
0.06995932757854462
0.017542961984872818
0.00455476064234972
0.008047827519476414
0.0026042459066957235
0.006536494940519333
0.011605829931795597
0.0017768157413229346
0.016529107466340065
0.012775903567671776
0.0173146091401577
0.0015940533485263586
0.012772873975336552
0.0072571937926113605
0.09799648821353912
0.015192009508609772
0.015298561193048954
0.0009404550073668361
0.009773476980626583
0.024598503485322
0.007081624120473862
0.031006742268800735
0.013902190141379833
0.010767573490738869
0.05268492177128792
0.028110837563872337
0.011674104258418083
0.0017438343493267894
0.006137019954621792
0.011361327022314072
0.007666566409170628
0.011518063023686409
0.010852979496121407
0.0052946629002690315
0.008121971972286701
0.0022345881443470716
0.03528612107038498
0.10270746052265167
0.0015967327635735273
0.008915967307984829
0.0025933042634278536
0.012882402166724205
0.016551587730646133
0.015166763216257095
0.006304878741502762
0.0013614771887660027
0.013215829618275166
0.012128251604735851
0.010630300268530846
0.0010938412742689252
0.002063317224383354
0.01961885206401348
0.00282731419429183
0.0035937116481363773
0.008268631063401699
0.015403415076434612
0.0037986584939062595
0.0134039968252182
0.0060188667848706245
0.009357217699289322
0.013613192364573479
0.0067272973246872425
0.007430842146277428
0.09189321845769882
0.0012978026643395424
0.009890223853290081
0.007546350825577974
0.001820949255488813
0.02103530615568161
0.03709271550178528
0.002627414418384433
0.009762238711118698
0.012345802038908005
0.016191590577363968
0.003379237139597535
0.0002484592841938138
0.007713768165558577
0.007931423373520374
0.017168745398521423
0.010164588689804077
0.004918171092867851
0.010149390436708927
0.012362565845251083
0.03563443943858147
0.015170274302363396
0.013517573475837708
0.01714898645877838
0.020511385053396225
0.02253901958465576
0.019182484596967697
0.015389535576105118
0.009591173380613327
0.011127384379506111
0.003621490206569433
0.0008112447685562074
0.016320396214723587
0.015386728569865227
0.007195688784122467
0.01969330757856369
0.018566882237792015
0.0007186937145888805
0.005874883383512497
0.07387878000736237
0.010174177587032318
0.00918333325535059
0.0037795878015458584
0.0006293286569416523
0.00949549488723278
0.008001732639968395
0.018541809171438217
0.005410043988376856
0.009624654427170753
0.02219001017510891
0.013869142159819603
0.011113513261079788
0.001650543767027557
0.01733562722802162
0.0021964034531265497
0.011681404896080494
0.0019589087460190058
0.011540813371539116
0.011693468317389488
0.000790569931268692
0.003121444024145603
0.03181423991918564
0.02094103954732418
0.010149464011192322
0.012114858254790306
0.0018892938969656825
0.00945044681429863
0.00997462309896946
0.011745603755116463
0.015218214131891727
0.0008163663442246616
0.027741510421037674
0.04572204500436783
0.013295110315084457
0.03524672985076904
0.013581035658717155
0.011150563135743141
0.0013299284037202597
0.015036465600132942
0.013413561508059502
0.001507261535152793
0.03192063048481941
0.0013730997452512383
0.0018720587249845266
0.001358116278424859
0.008080504834651947
0.01264081709086895
0.020186588168144226
0.0062988921999931335
0.0008486020378768444
0.008509555831551552
0.012841382995247841
0.010035366751253605
0.01607813872396946
0.005169101990759373
0.06371840089559555
0.0005029794992879033
0.0076614487916231155
0.014076435007154942
0.01650264300405979
0.014142119325697422
0.02299545705318451
0.045446280390024185
0.011677656322717667
0.009914077818393707
0.01697685569524765
0.007452026475220919
0.01554548554122448
0.023928169161081314
0.01171206682920456
0.0077963038347661495
0.0013649769825860858
0.006479643285274506
0.0010933182202279568
0.005228305701166391
0.0071325358003377914
0.002080444246530533
0.009823145344853401
0.02896970324218273
0.013995494693517685
0.035839736461639404
0.00716701103374362
0.02105887234210968
0.001206334913149476
0.0275973379611969
0.062240902334451675
0.011378583498299122
0.009163165464997292
0.00767126539722085
0.013444634154438972
0.008627539500594139
0.0073770382441580296
0.009753691032528877
0.0009157232125289738
0.01433180645108223
0.01143212616443634
0.007291547954082489
0.011885536834597588
0.0009139328030869365
0.016873348504304886
0.014075130224227905
0.0013867513043805957
0.006000226363539696
0.007215967867523432
0.002066917484626174
0.010325209237635136
0.0013153953477740288
0.01318531483411789
0.0029934789054095745
0.005709300749003887
0.007892569527029991
0.0011052465997636318
0.008819330483675003
0.013079791329801083
0.007812330964952707
0.0014475734205916524
0.04729524254798889
0.0077530741691589355
0.0010897077154368162
0.013395081274211407
0.018019039183855057
0.0010041650384664536
0.010318036191165447
0.014333941042423248
0.0224759504199028
0.012020123191177845
0.005454369354993105
0.011316911317408085
0.0005168466013856232
0.0010393895208835602
0.043644752353429794
0.00111271976493299
0.0012912305537611246
0.009192519821226597
0.01779703050851822
0.08364720642566681
0.00875385943800211
0.01843325048685074
0.010698138736188412
0.009837260469794273
0.011922824196517467
0.01741948351264
0.0018014709930866957
0.007579476572573185
0.01155160553753376
0.0013842835323885083
0.013198851607739925
0.002018086612224579
0.009504668414592743
0.003077512141317129
0.010610153898596764
0.01541980728507042
0.017050519585609436
0.01060324627906084
0.012146877124905586
0.014647570438683033
0.008133509196341038
0.00241975043900311
0.005723050329834223
0.012651791796088219
0.020843781530857086
0.011610107496380806
0.01061894278973341
0.015350926667451859
0.0011225581401959062
0.007058508228510618
0.011497735977172852
0.0019139411160722375
0.01006149873137474
0.011927309446036816
0.018311724066734314
0.010715048760175705
0.011237592436373234
0.021012082695961
0.02456446923315525
0.011740940622985363
0.02204350009560585
0.008162060752511024
0.010429248213768005
0.011584611609578133
0.015308169648051262
0.012109717354178429
0.01873786747455597
0.010908114723861217
0.009216773323714733
0.007696675136685371
0.010971052572131157
0.01345258392393589
0.009299456141889095
0.023208051919937134
0.02499973401427269
0.0094516696408391
0.015776293352246284
0.009490914642810822
0.011955387890338898
0.018002061173319817
0.0018084185430780053
0.013040415942668915
0.0046837241388857365
0.013322411105036736
0.005792730953544378
0.011995594017207623
0.013642284087836742
0.012278228998184204
0.010649901814758778
0.04516554996371269
0.0074929650872945786
0.012185221537947655
0.007984784431755543
0.007556023076176643
0.000623258703853935
0.0008753582369536161
0.01566414348781109
0.0021236869506537914
0.003852474968880415
0.0008956433739513159
0.008497760631144047
0.0027960888110101223
0.011594911105930805
0.01253379974514246
0.009357716888189316
0.01140543632209301
0.008391562849283218
0.006771335378289223
0.01753908209502697
0.0024747177958488464
0.009209315292537212
0.014089493080973625
0.0007245336892083287
0.0068715885281562805
0.0024488915223628283
0.0006353845819830894
0.0018312856554985046
0.007998790591955185
0.0026481314562261105
0.007467018440365791
0.004326622001826763
0.0018006074242293835
0.0019691321067512035
0.0008226393256336451
0.00874544307589531
0.01739688403904438
0.017059125006198883
0.007321462035179138
0.014662576839327812
0.008039744570851326
0.008467549458146095
0.023989237844944
0.007644727360457182
0.009053964167833328
0.01993376575410366
0.0204661563038826
0.01303785853087902
0.020818302407860756
0.00667354092001915
0.015561060048639774
0.01147015392780304
0.01052932906895876
0.013455374166369438
0.016669876873493195
0.028477856889367104
0.008030655793845654
0.0077428980730473995
0.00471623707562685
0.019138846546411514
0.012175782583653927
0.0043795229867100716
0.012186550535261631
0.009625940583646297
0.012042921036481857
0.012564011849462986
0.018631715327501297
0.01837664470076561
0.010964911431074142
0.01656445674598217
0.06982874870300293
0.011835962533950806
0.013977405615150928
0.01328373420983553
0.00032235929393209517
0.021500034257769585
0.006628352217376232
0.01852177083492279
0.018722599372267723
0.02512018382549286
0.017659857869148254
0.0011053604539483786
0.005317673087120056
0.014701878651976585
0.007046577520668507
0.013905835337936878
0.008235967718064785
0.0009920166339725256
0.0048167104832828045
0.0006811597850173712
0.001875091576948762
0.004157639108598232
0.013569274917244911
0.01299312524497509
0.001429324271157384
0.01856883428990841
0.008410541340708733
0.01185607723891735
0.013420382514595985
0.01568656787276268
0.014845169149339199
0.009419351816177368
0.01507381908595562
0.011800848878920078
0.009569939225912094
0.021434534341096878
0.011840805411338806
0.009075936861336231
0.001432701013982296
0.01217829529196024
0.052775293588638306
0.006859639659523964
0.01753639429807663
0.019054260104894638
0.015868738293647766
0.00308616878464818
0.010231583379209042
0.005095114931464195
0.008234460838139057
0.012205477803945541
0.0032901852391660213
0.009151292964816093
0.014888177625834942
0.00757294287905097
0.007840430364012718
0.0306329857558012
0.007356960326433182
0.007961582392454147
0.0013241383712738752
0.002268471522256732
0.02216241881251335
0.0008839750662446022
0.014739124104380608
0.017381295561790466
0.016242606565356255
0.005320773925632238
0.008686132729053497
0.021654188632965088
0.010115602985024452
0.01102551631629467
0.014623585157096386
0.019897010177373886
0.007338804192841053
0.009224561974406242
0.021903973072767258
0.01252534706145525
0.015100700780749321
0.02342948317527771
0.006280845962464809
0.011179720982909203
0.012130187824368477
0.009365451522171497
0.007116863504052162
0.0009796686936169863
0.012054098770022392
0.014413616620004177
0.028303194791078568
0.016018852591514587
0.0005793399759568274
0.0073506515473127365
0.012876727618277073
0.0013259665574878454
0.0013369414955377579
0.012880882248282433
0.017540790140628815
0.008718576282262802
0.001852782559581101
0.0009793651988729835
0.011866806074976921
0.013963241130113602
0.002929120557382703
0.019664237275719643
0.0022249750327318907
0.015165002085268497
0.006884800270199776
0.013834508135914803
0.010839375667273998
0.01639539562165737
0.001766340690664947
0.01494491845369339
0.003660190850496292
0.0014277494046837091
0.008459435775876045
0.00041085988050326705
0.01694115623831749
0.0031275544315576553
0.013026539236307144
0.03468017280101776
0.011307530105113983
0.010874157771468163
0.007609414868056774
0.011723490431904793
0.01859959587454796
0.026333732530474663
0.008968207985162735
0.006841359660029411
0.016769401729106903
0.010966806672513485
0.025706656277179718
0.008481205441057682
0.014161121100187302
0.01672591082751751
0.01481931284070015
0.008539988659322262
0.011627628467977047
0.026474544778466225
0.0184782724827528
0.010938934981822968
0.007992969825863838
0.004120628349483013
0.010345760732889175
0.006831573322415352
0.007400934584438801
0.01176471821963787
0.023221725597977638
0.0017156645189970732
0.014315126463770866
0.018169626593589783
0.011001711711287498
0.011231942102313042
0.0009797925595194101
0.02010677009820938
0.0160279031842947
0.012804847210645676
0.003957320004701614
0.0003698518266901374
0.010198380798101425
0.013973734341561794
0.0008275632280856371
0.014688482508063316
0.0028090602718293667
0.010096404701471329
0.012029940262436867
0.020378004759550095
0.01671828329563141
0.011285541579127312
0.0033776031341403723
0.0011359081836417317
0.01915869303047657
0.01618514396250248
0.0024213974829763174
0.013378527015447617
0.0007856256561353803
0.0008145024185068905
0.00996423326432705
0.025798015296459198
0.01823083497583866
0.007488960400223732
0.015605135820806026
0.022407589480280876
0.011301038786768913
0.0015279647195711732
0.010232437402009964
0.01916908100247383
0.023733198642730713
0.017018713057041168
0.0013240841217339039
0.00766444718465209
0.021221056580543518
0.013914579525589943
0.007996605709195137
0.01546300109475851
0.02184871770441532
0.012888366356492043
0.013923879712820053
0.010570397600531578
0.020270653069019318
0.0022116191685199738
0.012763533741235733
0.008272597566246986
0.0028753122314810753
0.012803091667592525
0.01735956408083439
0.007319421973079443
0.012381203472614288
0.014538758434355259
0.0017466876888647676
0.010981922969222069
0.008072237484157085
0.0008376932237297297
0.014749790541827679
0.02011471427977085
0.01287282258272171
0.007872167974710464
0.02049313113093376
0.013293489813804626
0.008642156608402729
0.013143261894583702
0.01918477565050125
0.008904846385121346
0.00488382950425148
0.010980838909745216
0.015528963878750801
0.012516895309090614
0.04527157172560692
0.001809793757274747
0.002296346239745617
0.0005522095016203821
0.016598593443632126
0.00820225104689598
0.011152699589729309
0.0058058989234268665
0.001649698824621737
0.09844169020652771
0.00561486603692174
0.007649462670087814
0.003321433439850807
0.007292388007044792
0.01088812854140997
0.0349564366042614
0.005065615754574537
0.014342833310365677
0.006085772067308426
0.019313979893922806
0.0010124058462679386
0.008634448051452637
0.018859857693314552
0.015142549760639668
0.018406208604574203
0.023068856447935104
0.001534100971184671
0.018057823181152344
0.019532814621925354
0.029355477541685104
0.010669094510376453
0.017179597169160843
0.011136725544929504
0.006631651893258095
0.002648482797667384
0.003924102522432804
0.02731248363852501
0.01212671585381031
0.009149055927991867
0.002060510218143463
0.014487837441265583
0.006577040068805218
0.008557604625821114
0.0024323193356394768
0.001779710641130805
0.015744630247354507
0.0064873890951275826
0.023058177903294563
0.019311072304844856
0.013026764616370201
0.015950879082083702
0.02034071832895279
0.11084121465682983
0.002249279757961631
0.005232492461800575
0.019172437489032745
0.017291171476244926
0.006503486540168524
0.002546153496950865
0.01820068061351776
0.0034366981126368046
0.011567061766982079
0.017700456082820892
0.007878424599766731
0.01817614585161209
0.00849699042737484
0.013251179829239845
0.03518015891313553
0.010692846029996872
0.016971886157989502
0.0067632682621479034
0.02540787309408188
0.009662222117185593
0.02030353993177414
0.020212989300489426
0.0014999638078734279
0.012535336427390575
0.008643330074846745
0.020314928144216537
0.00772280665114522
0.02799156680703163
0.008974961936473846
0.004184196703135967
0.004074533469974995
0.0027459075208753347
0.009938502684235573
0.0006897058337926865
0.01839478313922882
0.0025180052034556866
0.010325496084988117
0.026703229174017906
0.007293012924492359
0.018952596932649612
0.01703721098601818
0.013907745480537415
0.01049429178237915
0.005048189777880907
0.005339359398931265
0.016108093783259392
0.006765267346054316
0.020296011120080948
0.0014805231476202607
0.013704204000532627
0.006119558587670326
0.02178499847650528
0.009684093296527863
0.06385712325572968
0.012417726218700409
0.008723361417651176
0.011832449585199356
0.006386302877217531
0.019224863499403
0.03663286566734314
0.08857112377882004
0.009065630845725536
0.01466462668031454
0.010133224539458752
0.009564658626914024
0.0009472027886658907
0.0007901068311184645
0.016290787607431412
0.015095697715878487
0.003553303424268961
0.012537949718534946
0.012496321462094784
0.009398180991411209
0.012871293351054192
0.0020399894565343857
0.006231958512216806
0.008491558022797108
0.01757146790623665
0.006693397648632526
0.002972779329866171
0.017886336892843246
0.0005107925971969962
0.008630660362541676
0.008236357010900974
0.008158235810697079
0.006662954576313496
0.0011346054961904883
0.03540458530187607
0.0003184445668011904
0.015910467132925987
0.011272100731730461
0.008477773517370224
0.022189076989889145
0.01381177082657814
0.01284244004637003
0.0009498699218966067
0.0011235943529754877
0.016090592369437218
0.01998521015048027
0.005112078040838242
0.008350803516805172
0.002313555683940649
0.012079654261469841
0.013781657442450523
0.01882258802652359
0.006185590755194426
0.011301307938992977
0.006007804535329342
0.0009954872075468302
0.0024677435867488384
0.009431028738617897
0.014672856777906418
0.007951716892421246
0.007969716563820839
0.010521650314331055
0.0020322499331086874
0.0011815924663096666
0.010616552084684372
0.02246757224202156
0.011520366184413433
0.015847479924559593
0.0005894929636269808
0.0007486128015443683
0.01194230280816555
0.0012567382073029876
0.012152915820479393
0.003074454143643379
0.02698027715086937
0.0033288225531578064
0.01178381685167551
0.020354174077510834
0.0009420819696970284
0.015280462801456451
0.0007501296931877732
0.0019758346024900675
0.001863130135461688
0.004409263841807842
0.011200898326933384
0.00268171657808125
0.008197464048862457
0.022858642041683197
0.004446260631084442
0.015992555767297745
0.009879118762910366
0.010599402710795403
0.009033538401126862
0.012127991765737534
0.013438755646348
0.01205303706228733
0.010438784956932068
0.03635139390826225
0.00543275848031044
0.008857978507876396
0.017876774072647095
0.01572885923087597
0.01767682284116745
0.011518503539264202
0.014036297798156738
0.017380952835083008
0.008720200508832932
0.0011256432626396418
0.007836291566491127
0.008120669983327389
0.04529151692986488
0.011213928461074829
0.0026799330953508615
0.012824492529034615
0.00464599160477519
0.008643265813589096
0.0197164174169302
0.01834823191165924
0.015234429389238358
0.012592754326760769
0.0009741753456182778
0.0032572990749031305
0.014915581792593002
0.03856383264064789
0.013050191104412079
0.012387728318572044
0.03291521221399307
0.00595609936863184
0.001184729509986937
0.006645387038588524
0.011537916958332062
0.006614720448851585
0.012376401573419571
0.015477998182177544
0.002088078297674656
0.012437590397894382
0.02088386006653309
0.017039362341165543
0.002964429557323456
0.018633337691426277
0.002203411189839244
0.014804348349571228
0.01077479962259531
0.018951265141367912
0.007578876800835133
0.013889484107494354
0.0009160557528957725
0.012549645267426968
0.009941359981894493
0.021776897832751274
0.00966628734022379
0.0018827731255441904
0.005710361525416374
0.009616552852094173
0.006636142730712891
0.008662683889269829
0.004941597115248442
0.017471974715590477
0.06677701324224472
0.000902924919500947
0.021132394671440125
0.016665564849972725
0.012918242253363132
0.00765295559540391
0.014046300202608109
0.0006755088688805699
0.013781938701868057
0.028001820668578148
0.011603710241615772
0.010434726253151894
0.01937860995531082
0.0007737820269539952
0.008435191586613655
0.001049322891049087
0.011640912853181362
0.014041092246770859
0.009941576048731804
0.006343774031847715
0.028976261615753174
0.005822299513965845
0.005877301562577486
0.010295014828443527
0.016078311949968338
0.024194156751036644
0.004118527751415968
0.015310823917388916
0.0016391545068472624
0.0022784583270549774
0.009326213970780373
0.013660533353686333
0.0016774677205830812
0.007702610921114683
0.01546531729400158
0.0007978311041370034
0.00036174507113173604
0.007013991940766573
0.0033905943855643272
0.008032796904444695
0.00956763792783022
0.021296875551342964
0.009195691905915737
0.003331991843879223
0.007967240177094936
0.018409816548228264
0.007623358629643917
0.01025940291583538
0.012684514746069908
0.023560013622045517
0.02405223250389099
0.015538819134235382
0.008655675686895847
0.004633735865354538
0.01322341337800026
0.013829797506332397
0.002768348902463913
0.01333526335656643
0.01787405088543892
0.008328348398208618
0.012866487726569176
0.014200786128640175
0.015262942761182785
0.0014101410051807761
0.027160461992025375
0.009573487564921379
0.01342494785785675
0.012081418186426163
0.0013373397523537278
0.015067719854414463
0.019775541499257088
0.008346335031092167
0.015158480033278465
0.0010662395507097244
0.009897397831082344
0.023075012490153313
0.030078519135713577
0.01441699918359518
0.028060223907232285
0.011342721991240978
0.010077578946948051
0.028039131313562393
0.0042589022777974606
0.00236793071962893
0.009478614665567875
0.002381758764386177
0.020916761830449104
0.015612524002790451
0.012607207521796227
0.0009289573645219207
0.007107621058821678
0.007544987834990025
0.012728552334010601
0.0029589906334877014
0.009939405135810375
0.015394645743072033
0.10069529712200165
0.008708213455975056
0.009195738472044468
0.0006815303931944072
0.007303185760974884
0.0028163089882582426
0.011998378671705723
0.015210315585136414
0.009917166084051132
0.018978383392095566
0.006657654419541359
0.0003992066776845604
0.02130298689007759
0.009506561793386936
0.0018429274205118418
0.012648278847336769
0.01177650410681963
0.014113541692495346
0.008613206446170807
0.011949246749281883
0.014526581391692162
0.0023946284782141447
0.020178373903036118
0.017780274152755737
0.00173215102404356
0.0008704293868504465
0.0008383497479371727
0.002626091707497835
0.005197386257350445
0.0014096095692366362
0.0003054334665648639
0.00858843233436346
0.011482950299978256
0.01396825723350048
0.012998783960938454
0.023671362549066544
0.00967653002589941
0.006442307960242033
0.014068657532334328
0.000580193183850497
0.009052611887454987
0.01615070179104805
0.001959391636773944
0.007734989747405052
0.008783704601228237
0.009271955117583275
0.006595052778720856
0.0042711584828794
0.00832219235599041
0.010813962668180466
0.01230644155293703
0.018469754606485367
0.04346980154514313
0.013695700094103813
0.013583793304860592
0.045863620936870575
0.0025584069080650806
0.006713054142892361
0.016914159059524536
0.012561202049255371
0.02362673357129097
0.004796750843524933
0.011737022548913956
0.023485317826271057
0.007996886037290096
0.008739523589611053
0.017432905733585358
0.0002963970764540136
0.01888975128531456
0.005197499413043261
0.0012073280522599816
0.011256305500864983
0.004335112404078245
0.0008065811707638204
0.00322682224214077
0.007977375760674477
0.010653568431735039
0.020424799993634224
0.019851695746183395
0.0006273292819969356
0.0014904183335602283
0.008254903368651867
0.02244008332490921
0.01738896034657955
0.0013882145285606384
0.024916131049394608
0.0011890595778822899
0.02678101882338524
0.0004606239381246269
0.009848332032561302
0.02127835527062416
0.007255741395056248
0.01982053555548191
0.023791424930095673
0.01880834437906742
0.011576086282730103
0.01003279909491539
0.0025503041688352823
0.0022245277650654316
0.0010643687564879656
0.0065830666571855545
0.003907793201506138
0.011161981150507927
0.03982778638601303
0.026893194764852524
0.011857888661324978
0.0006076646386645734
0.02875995822250843
0.010915295220911503
0.012634340673685074
0.0043070875108242035
0.0003175723541062325
0.011730849742889404
0.023495769128203392
0.009280718863010406
0.0011918757809326053
0.01446683518588543
0.002927388297393918
0.01086386851966381
0.009320627897977829
0.00822887197136879
0.022048240527510643
0.0016041552880778909
0.01274651288986206
0.013532507233321667
0.007775535807013512
0.00844256579875946
0.011934146285057068
0.0022779093123972416
0.0006804582080803812
0.011110400781035423
0.013920732773840427
0.015264957211911678
0.0129588283598423
0.01487515214830637
0.0059468187391757965
0.011114304885268211
0.010587980970740318
0.0006498522125184536
0.0009231854928657413
0.0043856557458639145
0.005468503572046757
0.010935036465525627
0.0012063405010849237
0.008065908215939999
0.010130646638572216
0.009029960259795189
0.005708872806280851
0.0058928984217345715
0.004282125737518072
0.010135364718735218
0.01986786350607872
0.009351922199130058
0.028827084228396416
0.008787043392658234
0.012876354157924652
0.005097926594316959
0.008877696469426155
0.0018544956110417843
0.024323944002389908
0.0006344672292470932
0.016736377030611038
0.0026089842431247234
0.0024724772665649652
0.007480146363377571
0.00022376389824785292
0.013048671185970306
0.008502759039402008
0.010389129631221294
0.033434607088565826
0.03799118846654892
0.0038552156183868647
0.018041599541902542
0.019987890496850014
0.014546243473887444
0.000926426553633064
0.018039926886558533
0.012464430183172226
0.0013723305892199278
0.01243554800748825
0.038308583199977875
0.010617622174322605
0.001178397098556161
0.00823979638516903
0.021010123193264008
0.010427717119455338
0.025317182764410973
0.0012444783933460712
0.010405885055661201
0.015747087076306343
0.007023869082331657
0.008353011682629585
0.009792311117053032
0.013576104305684566
0.0068473415449261665
0.007708500139415264
0.005244735162705183
0.007345331832766533
0.005850840359926224
0.015636848285794258
0.006171565502882004
0.028073051944375038
0.024799469858407974
0.016621733084321022
0.007263965904712677
0.01771756447851658
0.009020315483212471
0.008331729099154472
0.010361427441239357
0.0012474835384637117
0.011401981115341187
0.0007903288351371884
0.013913528993725777
0.001680217101238668
0.008809576742351055
0.012218055315315723
0.009866646490991116
0.005987779702991247
0.008979746140539646
0.012051951140165329
0.0046866401098668575
0.002579667139798403
0.015630774199962616
0.009933693334460258
0.016584180295467377
0.009704375639557838
0.015918832272291183
0.012257948517799377
0.0003747051814571023
0.018048912286758423
0.006547190248966217
0.008501778356730938
0.005407057702541351
0.03517206013202667
0.033802248537540436
0.031279344111680984
0.008977481164038181
0.005736066959798336
0.009272327646613121
0.017432913184165955
0.049449801445007324
0.03450506180524826
0.02343781664967537
0.013618780300021172
0.0180446058511734
0.0049337707459926605
0.006861094851046801
0.03157641366124153
0.0159834623336792
0.00683186762034893
0.026739472523331642
0.011362909339368343
0.004679542966187
0.01722315140068531
0.016626080498099327
0.010942344553768635
0.006996390409767628
0.0017278391169384122
0.00974405650049448
0.006644889246672392
0.021176151931285858
0.0021745827980339527
0.0035644222516566515
0.006590910255908966
0.033085260540246964
0.012458127923309803
0.015432886779308319
0.008238029666244984
0.036173127591609955
0.010774887166917324
0.0011398311471566558
0.011963650584220886
0.0003379375266376883
0.010485183447599411
0.00800344068557024
0.008857295848429203
0.0016652117483317852
0.00788009725511074
0.00954018160700798
0.0010992037132382393
0.011439334601163864
0.008493809960782528
0.0038102567195892334
0.008090955205261707
0.013786213472485542
0.01921463944017887
0.012313560582697392
0.006865503266453743
0.00035870319698005915
0.012701996602118015
0.000517527456395328
0.0192660391330719
0.007913791574537754
0.007443632464855909
0.008464067243039608
0.008799498900771141
0.01039509940892458
0.015140905044972897
0.006035150494426489
0.009456212632358074
0.03386425971984863
0.013164613395929337
0.009031001478433609
0.01144425943493843
0.006808657199144363
0.00771575141698122
0.019346870481967926
0.022082045674324036
0.004383205436170101
0.00041775518911890686
0.014460296370089054
0.021825112402439117
0.0008690205868333578
0.015581977553665638
0.012076891958713531
0.031622957438230515
0.01702929101884365
0.008868259377777576
0.009487852454185486
0.01479287352412939
0.025059092789888382
0.02213333733379841
0.008696711622178555
0.013908101245760918
0.013512981124222279
0.0018392469501122832
0.00045916400267742574
0.0013719314010813832
0.013719079084694386
0.0029202578589320183
0.0019253967329859734
0.008249910548329353
0.0005160062573850155
0.0010513225570321083
0.008683575317263603
0.016712117940187454
0.007046349346637726
0.0012755445204675198
0.022427691146731377
0.014878698624670506
0.009919282980263233
0.021939421072602272
0.010635767132043839
0.016031771898269653
0.009043121710419655
0.011506520211696625
0.0007206836016848683
0.001531851477921009
0.0010977410711348057
0.0008511639898642898
0.1178576871752739
0.009255385026335716
0.0072323051281273365
0.00037111795973032713
0.008087117224931717
0.012728771194815636
0.03962478041648865
0.022161517292261124
0.0007391643011942506
0.0008275245781987906
0.009756661020219326
0.0006291284807957709
0.0015717762289568782
0.009785501286387444
0.004151007626205683
0.009124702773988247
0.009118597954511642
0.009707986377179623
0.0015779979294165969
0.010261564515531063
0.009615933522582054
0.0031394092366099358
0.0029047089628875256
0.01327656488865614
0.016407378017902374
0.0013538909843191504
0.031334634870290756
0.004132317379117012
0.010505865328013897
0.016617057844996452
0.008407735265791416
0.012445135973393917
0.02941186912357807
0.007901104167103767
0.012894297018647194
0.05589089170098305
0.028963938355445862
0.020133303478360176
0.006853115279227495
0.015825198963284492
0.009302552789449692
0.014609580859541893
0.009609361179172993
0.0070526208728551865
0.007706758566200733
0.008397727273404598
0.026445625349879265
0.016079474240541458
0.007451991550624371
0.010190188884735107
0.030059102922677994
0.012977901846170425
0.009599032811820507
0.011386564001441002
0.019915184006094933
0.009120361879467964
0.002033703261986375
0.06266343593597412
0.008410907350480556
0.0008753753500059247
0.021674929186701775
0.008259893395006657
0.013416046276688576
0.0009647783008404076
0.0010615637293085456
0.013504644855856895
0.0003908815560862422
0.014476059935986996
0.003696405328810215
0.0036445751320570707
0.006512871943414211
0.00702773779630661
0.01903570257127285
0.012555904686450958
0.007750178687274456
0.014426399022340775
0.021158035844564438
0.012739898636937141
0.008196881040930748
0.0009459051070734859
0.0011330677662044764
0.022488689050078392
0.0016270085470750928
0.006457747891545296
0.0017074557254090905
0.0012632766738533974
0.008575597777962685
0.011397364549338818
0.013511326164007187
