0.0018666990799829364
0.06607019901275635
0.034038983285427094
0.010460997931659222
0.03138367459177971
0.005109557416290045
0.009517093189060688
0.028964553028345108
0.005991190671920776
0.020632179453969002
0.005054589826613665
0.17740078270435333
0.2094762921333313
0.4634414315223694
0.08339382708072662
0.021208584308624268
0.07814053446054459
0.004713571164757013
0.19139732420444489
0.015507380478084087
0.004754473455250263
0.009049932472407818
0.2681344151496887
0.00502761360257864
0.00713769719004631
0.017258742824196815
0.026991259306669235
0.1200394406914711
0.05557215213775635
0.0054652513936161995
0.00693755317479372
0.013790511526167393
0.3044023811817169
1.0623011589050293
0.008077016100287437
0.06969141960144043
0.19285795092582703
0.010878379456698895
0.026658080518245697
0.11259434372186661
0.007264455780386925
0.0067702424712479115
0.07893826067447662
0.005826374515891075
0.07680173963308334
0.0560506172478199
0.00493654515594244
0.06224006041884422
0.0023399675264954567
0.4008886218070984
0.05446149408817291
0.023544397205114365
0.14904969930648804
0.19983269274234772
0.03625527396798134
0.008389407768845558
0.049278177320957184
0.03187219798564911
0.011355014517903328
0.024517063051462173
0.0182119719684124
0.07428324222564697
0.0021718337666243315
0.010334194637835026
0.004164444282650948
0.04883796349167824
0.03539128974080086
0.028869522735476494
0.015143453143537045
0.007643942255526781
0.07443230599164963
0.009925385005772114
0.08334863185882568
0.02249055542051792
0.0750105232000351
0.020261839032173157
0.010052156634628773
0.008257508277893066
0.06395099312067032
0.0009097888832911849
0.5234384536743164
4.509114660322666e-05
0.007539562880992889
0.0881192535161972
0.09826694428920746
0.003453146433457732
0.048921745270490646
0.008385252207517624
0.05847266688942909
0.010711302049458027
0.03827901557087898
0.0029193058144301176
0.01440945640206337
0.059719521552324295
0.0038166227750480175
0.013042161241173744
0.018640071153640747
0.044935911893844604
0.00907992199063301
0.00926346704363823
0.005689723417162895
0.015107099898159504
0.005325350910425186
0.3286491632461548
0.06023168936371803
0.06294969469308853
0.0019344219472259283
0.00618975143879652
0.008347229100763798
0.1390141397714615
0.001837508869357407
0.005713317077606916
0.05096853896975517
0.01667104661464691
0.03566073253750801
0.1633608341217041
0.014693716540932655
0.0010555284097790718
0.009998403489589691
0.1020556390285492
0.0025592707097530365
0.0027526356279850006
0.009205151349306107
0.03150465339422226
0.00448132399469614
0.02815435826778412
0.004660623613744974
0.012686828151345253
0.10579430311918259
0.00727866543456912
0.2078978717327118
0.002217896981164813
0.007625821977853775
0.03670298308134079
0.008941199630498886
0.01659518852829933
0.00496579147875309
0.01705443486571312
0.014854886569082737
0.12048417329788208
0.005062570795416832
0.08997345715761185
0.02106802724301815
0.010811774991452694
0.014635482802987099
0.05858475714921951
0.020037615671753883
0.07492218166589737
0.08797633647918701
0.03342932090163231
0.014802003279328346
0.12806421518325806
0.0057257991284132
0.011340921744704247
0.11128148436546326
0.01785374991595745
0.053029149770736694
0.01314853597432375
0.022018326446413994
0.021885333582758904
0.10990633070468903
0.0022912113927304745
0.007720062509179115
0.08877582848072052
0.07844982296228409
0.004418617580085993
0.008753983303904533
0.14204727113246918
0.015441999770700932
0.07253541052341461
0.018152160570025444
0.04065129905939102
0.007442747242748737
0.10858225077390671
0.020530827343463898
0.0015789386816322803
0.04741337150335312
0.07304464280605316
0.007306941784918308
0.019505130127072334
0.04731876403093338
0.0038380150217562914
0.03805265948176384
0.08077851682901382
0.28936928510665894
0.02785852923989296
0.02663249522447586
0.15174582600593567
0.009743661619722843
0.01212623156607151
0.031147222965955734
0.01085742749273777
0.047699108719825745
0.011154421605169773
0.008682619780302048
0.06523726880550385
0.026889098808169365
0.01318302657455206
0.021365152671933174
0.10446913540363312
0.07366807758808136
0.073655866086483
0.0787288174033165
0.00830763392150402
0.07060261070728302
0.09540446102619171
0.16079460084438324
0.001131565310060978
0.0005772542208433151
0.09263639897108078
0.016181662678718567
0.025475552305579185
0.0021967878565192223
0.025348268449306488
0.023353418335318565
0.03723524883389473
0.02905866876244545
0.08029088377952576
0.03916599601507187
0.011606935411691666
0.1499682515859604
0.023872314020991325
0.13502328097820282
0.06225817650556564
0.13527581095695496
0.00429618451744318
0.0010853930143639445
0.0013762072194367647
0.14033088088035583
0.0036654886789619923
0.02296786941587925
0.0016261960845440626
0.04290264844894409
0.009703370742499828
0.1014942079782486
0.028529450297355652
0.01944633387029171
0.30314698815345764
0.24083733558654785
0.08769729733467102
0.14055921137332916
0.002825692994520068
0.011495803482830524
0.002874918282032013
0.004900204949080944
0.14587228000164032
0.09533707797527313
0.06677396595478058
0.13922034204006195
0.2501567304134369
0.08593054115772247
0.017555836588144302
0.07589850574731827
0.027940824627876282
0.03074665181338787
0.13147203624248505
0.008153317496180534
0.0029376691672950983
0.05703487992286682
0.008097175508737564
0.0044224560260772705
0.0029035392217338085
0.0022285375744104385
0.0036728710401803255
0.007521681487560272
0.0097469761967659
0.011925844475626945
0.0013615165371447802
0.061772555112838745
0.025424612686038017
0.012556860223412514
0.06722933799028397
0.030809063464403152
0.005466263275593519
0.0018674653256312013
0.0072799064218997955
0.024579772725701332
0.015422618016600609
0.020061224699020386
0.129819855093956
0.026053475216031075
0.014278552494943142
0.00423788744956255
0.024322036653757095
0.07451903820037842
0.005635724402964115
0.07306110858917236
0.003274256829172373
0.02732919342815876
0.02822934277355671
0.004598801024258137
0.05042846500873566
0.0008712103590369225
0.0015572733245790005
0.20471076667308807
0.23081693053245544
0.05923643708229065
0.022464998066425323
0.0035403405781835318
0.2507639229297638
0.02142876759171486
0.07195855677127838
0.0033052696380764246
0.015403044410049915
0.0010913009755313396
0.1168237030506134
0.09289910644292831
0.19933860003948212
0.018162909895181656
0.11282007396221161
0.00017419960931874812
0.006264983210712671
0.008091587573289871
0.015917327255010605
0.06237270310521126
0.16373462975025177
0.2334446907043457
0.162424236536026
0.054803408682346344
0.07770602405071259
0.007127323187887669
0.04229656234383583
0.02246306650340557
0.025799686089158058
0.04997658357024193
0.1686759740114212
0.012689204886555672
0.0608447790145874
0.029576580971479416
0.08523888140916824
0.09366808831691742
0.06484083831310272
0.0031664795242249966
0.09276619553565979
0.006304242182523012
0.0026739449240267277
0.008882821537554264
0.09207261353731155
0.002751850290223956
0.007554058451205492
0.008701849728822708
0.0943702980875969
0.12309839576482773
0.010558162815868855
0.055954840034246445
0.0060199410654604435
0.0817638635635376
0.012759418226778507
0.024715986102819443
0.09233895689249039
0.0074635641649365425
0.010293710045516491
0.13151055574417114
0.0365658737719059
0.20657673478126526
0.20680305361747742
0.06799399107694626
0.06264940649271011
0.06469347327947617
0.014356683008372784
0.12430337816476822
0.010729611851274967
0.06226644292473793
0.37194496393203735
0.13474586606025696
0.04240790754556656
0.014310583472251892
0.02275955118238926
0.16140155494213104
0.08235354721546173
0.018301738426089287
0.30241838097572327
0.0065602464601397514
0.0031182635575532913
0.0626932680606842
0.03153759613633156
0.023958327248692513
0.049233920872211456
0.007639070972800255
0.04577229171991348
0.1424301415681839
0.0018925508484244347
0.05144220590591431
0.07980136573314667
0.002512583276256919
0.012463068589568138
0.00991859007626772
0.09660030901432037
0.05440337210893631
0.14349181950092316
0.07294388115406036
0.010804420337080956
0.015573025681078434
0.0671597421169281
0.017313605174422264
0.03826810047030449
0.09323513507843018
0.006228692829608917
0.028936244547367096
0.005357692949473858
0.26542192697525024
0.005475038196891546
0.03244566172361374
0.10240140557289124
0.004976165946573019
0.017687806859612465
0.16605906188488007
0.07187598943710327
0.01069724466651678
0.005111972335726023
0.00433105044066906
0.06405262649059296
0.033150605857372284
0.019617272540926933
0.007676249369978905
0.007579005789011717
0.06021233648061752
0.018819373100996017
0.07444155216217041
0.010569333098828793
0.06873797625303268
0.10277915745973587
0.27837327122688293
0.007769494317471981
0.009233877994120121
0.00325523572973907
0.17692387104034424
0.00921322125941515
0.1361648440361023
0.10131725668907166
0.016955051571130753
0.006510078441351652
0.025460394099354744
0.03578022122383118
0.004448337946087122
0.08388636261224747
0.011387857608497143
0.0920620784163475
0.004855131730437279
0.005180700216442347
0.07426756620407104
0.046458758413791656
0.01714310422539711
0.009795078076422215
0.01512228511273861
0.00912456028163433
0.13145802915096283
0.006394630763679743
0.006525165401399136
0.0031478151213377714
0.006536123342812061
0.07448403537273407
0.006879017222672701
0.008884365670382977
0.08574029058218002
0.05361783877015114
0.009165503084659576
0.2926548719406128
0.006363498046994209
0.011621634475886822
0.013149493373930454
0.007983696646988392
0.15487197041511536
0.05497550219297409
0.012769937515258789
0.08424223959445953
0.01799764111638069
0.008435435593128204
0.046178046613931656
0.026800036430358887
0.017399204894900322
0.017253831028938293
0.1112617701292038
0.24996261298656464
0.004975115414708853
0.04180171340703964
0.015084007754921913
0.006773422937840223
0.2620077133178711
0.015526385977864265
0.013968068175017834
0.004657011013478041
0.00638174545019865
0.1292593628168106
0.05984904617071152
0.11873496323823929
0.015534820966422558
0.01848984882235527
0.00013765535550191998
0.004950373433530331
0.017828574404120445
0.13633319735527039
0.050198186188936234
0.0021666744723916054
0.06789165735244751
0.24591246247291565
0.029425794258713722
1.1019116640090942
0.1562417447566986
0.005104340612888336
0.003860871074721217
0.023851972073316574
0.0667019635438919
0.013753414154052734
0.20588457584381104
0.01211406011134386
0.015542890876531601
0.08058661222457886
0.003351996187120676
0.0691937655210495
0.003987929783761501
0.09274367243051529
0.027797289192676544
0.010147088207304478
0.011060494929552078
0.014458523131906986
0.06922262161970139
0.21552211046218872
0.11775194853544235
0.06555041670799255
0.07691198587417603
0.0024902678560465574
0.004220856353640556
0.031733833253383636
0.009107583202421665
0.011218774132430553
0.16596485674381256
0.005449119955301285
0.02768550254404545
0.016319677233695984
0.012593844905495644
0.01520339585840702
0.43536558747291565
0.010723710991442204
0.04541723430156708
0.03799784183502197
0.041739050298929214
0.01347232237458229
0.004262130707502365
0.045594919472932816
0.004696071147918701
0.07935056835412979
0.011575954034924507
0.2897176742553711
0.0050768377259373665
0.033480145037174225
0.004923275671899319
0.12276217341423035
0.00951751321554184
0.09805022925138474
0.1241682693362236
0.003072816412895918
0.009833700954914093
0.028430970385670662
0.007196857128292322
0.05606772005558014
0.006354242097586393
0.03972606360912323
0.05643793195486069
2.9579659894807264e-05
0.019628524780273438
0.020293697714805603
0.007492782082408667
0.011365927755832672
0.012845817022025585
0.026182828471064568
0.009872347116470337
0.007580287754535675
0.228163942694664
0.006193933077156544
0.023859120905399323
0.015032324939966202
0.010416205041110516
0.04288438335061073
0.021214911714196205
0.09030158072710037
0.01879204250872135
0.03790990635752678
0.18500979244709015
0.011216545477509499
0.5318284630775452
0.003615750465542078
0.08174960315227509
0.012232402339577675
0.04300129413604736
0.0064523848704993725
0.2305326759815216
0.39834222197532654
0.002339431084692478
0.003923492506146431
1.0015077590942383
0.3065372407436371
0.07750087976455688
0.06548113375902176
0.041308190673589706
0.07099168747663498
0.12560784816741943
0.11575563997030258
0.006167903076857328
0.017999261617660522
0.061263300478458405
0.018126431852579117
0.021754471585154533
0.0067648994736373425
0.14334559440612793
0.08582591265439987
0.051372431218624115
0.006145081482827663
0.5325195789337158
0.03635574132204056
0.005139525048434734
0.05756006017327309
0.0083191292360425
0.0506647452712059
0.017766771838068962
0.014832153916358948
0.008152825757861137
0.037008367478847504
0.15217743813991547
0.005783878266811371
0.016129659488797188
0.00734799075871706
0.020227937027812004
0.018412623554468155
0.019605301320552826
0.01266553346067667
0.15519824624061584
0.08520741760730743
0.025924235582351685
0.05630926042795181
0.011898539029061794
0.03839143365621567
0.0516294427216053
0.012631993740797043
0.019986119121313095
0.011698710732161999
0.02215631678700447
0.0040953513234853745
0.2000642567873001
0.002179115079343319
0.1283220797777176
0.008753502741456032
0.060607124119997025
0.014737660996615887
0.12314223498106003
0.012136565521359444
0.10016228258609772
0.053846441209316254
0.012744436971843243
0.023104192689061165
0.24320034682750702
0.013534991070628166
0.006993521004915237
0.03503140062093735
1.158091425895691
0.09645435959100723
0.22036036849021912
0.037720937281847
0.073481984436512
0.0045743100345134735
0.10463592410087585
0.06931739300489426
0.05918867141008377
0.010526277124881744
0.011669443920254707
0.0684657171368599
0.017954956740140915
0.03308912366628647
0.04161631688475609
0.01945699006319046
0.0964616909623146
0.10788846015930176
0.008324909955263138
0.0016109111020341516
0.034994937479496
0.012671995908021927
0.0037094829604029655
0.005839504301548004
0.02482694759964943
0.06662764400243759
0.011304808780550957
0.014236651360988617
0.015891846269369125
0.014859847724437714
0.021324127912521362
0.14829885959625244
0.012177017517387867
0.011463657021522522
0.002351822331547737
0.0019963644444942474
0.05602674558758736
0.010749812237918377
0.01370601449161768
0.07323838770389557
0.0041086021810770035
0.027653440833091736
0.005183780565857887
0.08568505942821503
0.00946088321506977
0.003380941227078438
0.030978968366980553
0.08520836383104324
0.10113625228404999
0.004322516731917858
0.008027993142604828
0.04828234389424324
0.07803646475076675
0.21428611874580383
0.015393972396850586
0.017318060621619225
0.04998043179512024
0.034101225435733795
0.05542873591184616
0.0021537113934755325
0.017031271010637283
9.655662142904475e-05
0.05518445745110512
0.02101770043373108
0.0014680948806926608
0.00565507635474205
0.011457986198365688
0.06985475867986679
0.23850798606872559
0.0077260518446564674
0.06919572502374649
0.07068810611963272
0.003502812935039401
0.019900837913155556
0.02549004927277565
0.10870305448770523
0.00704739335924387
0.003343569580465555
0.00938373152166605
0.083945631980896
0.03338067978620529
0.02350267954170704
0.0149532500654459
0.0015328454319387674
0.016581201925873756
0.016611482948064804
0.02647281438112259
0.001300130970776081
0.014406325295567513
0.04396337643265724
0.030495095998048782
0.07726837694644928
0.03967302292585373
0.07551266252994537
0.007994935847818851
0.0019115633331239223
0.01054443046450615
0.00859126541763544
0.015832362696528435
0.005235785618424416
0.01849800907075405
0.006198647432029247
0.005738052539527416
0.0029604448936879635
0.009467685595154762
0.0032124225981533527
0.04020409286022186
0.0006180244963616133
0.007956648245453835
0.04290429502725601
0.010513216257095337
0.001726482529193163
0.0054520610719919205
0.01753203198313713
0.006760718300938606
0.008093704469501972
0.018003806471824646
0.023331498727202415
0.056245796382427216
0.012930982746183872
0.07981227338314056
0.11233402043581009
0.009251214563846588
0.09397642314434052
0.09645280987024307
0.13594669103622437
0.006588159129023552
0.05404436215758324
0.04605911299586296
0.09523183852434158
0.04017448052763939
0.04342755675315857
0.12136165052652359
0.007392939180135727
0.036430250853300095
0.004365733824670315
0.02049597166478634
0.09266413003206253
0.11818279325962067
0.012815979309380054
0.09413007646799088
0.01330623123794794
0.0021925654727965593
0.004904957488179207
0.005785584449768066
0.011208728887140751
0.08527667820453644
0.15482361614704132
0.018233824521303177
0.0198555588722229
0.023462848737835884
0.08684228360652924
0.001551072346046567
0.02972709946334362
0.08653892576694489
0.05009207874536514
0.0075589739717543125
0.010600190609693527
0.003726942464709282
0.002533651888370514
0.001859495765529573
0.0020912373438477516
0.00488930381834507
0.0014166653854772449
0.021341513842344284
0.0019066466484218836
0.011654737405478954
0.013623903505504131
0.024693619459867477
0.029185913503170013
0.08204053342342377
0.004236734006553888
0.007853688672184944
0.007540120743215084
0.0026913750916719437
0.23964819312095642
0.00669659860432148
0.043591082096099854
0.0625862330198288
0.009098519571125507
0.015813296660780907
0.046818606555461884
0.00444883992895484
0.032345741987228394
0.02219393663108349
0.058583684265613556
0.0025562727823853493
0.062088727951049805
0.8009617328643799
0.005806867964565754
0.004773800726979971
0.13340865075588226
0.008415349759161472
0.004115539137274027
0.04334692284464836
0.005404463969171047
0.13227252662181854
0.09951911866664886
0.25917506217956543
0.015110941603779793
0.0036064398009330034
0.0018535719718784094
0.03584393858909607
0.08676714450120926
0.14069050550460815
0.01858671009540558
0.08568975329399109
0.011619203723967075
0.021372362971305847
0.0644122064113617
0.04513755440711975
0.15285521745681763
0.004371745511889458
0.0005427284631878138
0.007516416721045971
0.009072598069906235
0.006016594357788563
0.046789150685071945
0.004071007948368788
0.06517896801233292
0.09202228486537933
0.1255517303943634
0.027435239404439926
0.04003739356994629
0.0019900065381079912
0.008189419284462929
0.012389256618916988
0.033628735691308975
0.004595411475747824
0.006430232897400856
0.015211468562483788
0.010525645688176155
0.07631248980760574
0.05145325884222984
0.07967188954353333
0.004691282752901316
0.0023829853162169456
0.0059058768674731255
0.0022375129628926516
0.04432349652051926
0.014774316921830177
0.15515166521072388
0.11592523753643036
0.16676674783229828
0.008412391878664494
0.00969384703785181
0.016565512865781784
0.05570850521326065
0.02376253716647625
0.16543298959732056
0.0857073962688446
0.0450759120285511
0.013098456896841526
0.07284009456634521
0.009092527441680431
0.011331427842378616
0.0029750242829322815
0.00692477123811841
0.008873188868165016
0.1500396877527237
0.16278590261936188
0.028813323006033897
0.09752638638019562
0.00457368791103363
0.007940120063722134
0.01787005178630352
0.010501674376428127
0.008359537459909916
0.010962113738059998
0.01857869327068329
0.0075860400684177876
0.051052067428827286
0.05225284397602081
0.018956976011395454
0.010305248200893402
0.09980956465005875
0.06889449059963226
0.005928583908826113
0.002759322989732027
0.0486806258559227
0.00217837980017066
0.22833065688610077
0.005862494930624962
0.05719025433063507
0.26891231536865234
0.009752477519214153
0.03121996857225895
0.01413139421492815
0.011316418647766113
0.2585853338241577
0.07585480809211731
0.025956105440855026
0.012400914914906025
0.012089384719729424
0.10478715598583221
0.145013689994812
0.0777403861284256
0.013223459012806416
0.18798087537288666
0.04870043694972992
0.11613689363002777
0.011666171252727509
0.009023222140967846
0.0029047150164842606
0.038524381816387177
0.005622987635433674
0.02726704068481922
0.0013639871031045914
0.01065834891051054
0.22393688559532166
0.07714197039604187
0.008148714900016785
0.06999759376049042
0.1259663701057434
0.05240973085165024
0.05814991518855095
0.020058413967490196
0.06612900644540787
0.009883582592010498
0.041575461626052856
0.0010493131121620536
0.003245835890993476
0.008745774626731873
0.0019412105903029442
0.09116505831480026
0.16797861456871033
0.007093397434800863
0.0026420357171446085
0.05732478201389313
0.2900007963180542
0.10377120226621628
0.00809509214013815
0.09615632891654968
0.17633947730064392
0.06778234243392944
0.014531182125210762
0.0032181895803660154
0.050611112266778946
0.008807037025690079
0.004445461090654135
0.050370946526527405
0.015574321150779724
0.07686002552509308
0.11429156363010406
0.08453556150197983
0.13729692995548248
0.006428326480090618
0.0035474421456456184
0.02651361934840679
0.05745670199394226
0.004977473523467779
0.004827746190130711
0.1784074902534485
0.11341457068920135
0.029780305922031403
0.09095308184623718
0.0093245143070817
0.03879775106906891
0.0028056800365448
0.07581598311662674
0.05900616943836212
0.037734828889369965
0.6809353828430176
0.01650094985961914
0.07145474851131439
0.019325094297528267
0.0044039273634552956
0.015434167347848415
0.07578197121620178
0.009107408113777637
0.1059311032295227
0.016412198543548584
0.08177654445171356
0.009558888152241707
0.0067622787319123745
0.09248950332403183
0.04452303424477577
0.27277880907058716
0.1592627912759781
0.06451138854026794
0.00701421033591032
0.02386031486093998
0.00915400218218565
0.044700611382722855
0.010465946048498154
0.04042641073465347
0.0017392942681908607
0.0038306484930217266
0.001032901694998145
0.048664774745702744
0.049168068915605545
0.13779495656490326
0.012778539210557938
0.009564738720655441
0.08405748754739761
0.010806187987327576
0.3054102659225464
0.17897406220436096
0.04474116861820221
0.00762847950682044
0.0862434059381485
0.0036999536678195
0.009349813684821129
0.0005085291340947151
0.014023981988430023
0.005842680111527443
0.0036610537208616734
0.0021803362760692835
0.07123255729675293
0.005166575312614441
0.0009429099154658616
0.08018669486045837
0.008699971251189709
0.0027257585898041725
0.008734816685318947
0.019405419006943703
0.07166190445423126
0.09686398506164551
0.011781712993979454
0.11951600015163422
0.014568876475095749
0.00852644070982933
0.16971129179000854
0.006311303935945034
0.0045262593775987625
0.011818909086287022
0.005089459475129843
0.05083337798714638
0.060584958642721176
0.015565088018774986
0.07203558832406998
0.008257461711764336
0.07359550893306732
0.007123471237719059
0.08139297366142273
0.0004908546688966453
0.04918677732348442
0.007743948604911566
0.01751236990094185
0.01563400588929653
0.006245042663067579
0.09004180133342743
0.001811767229810357
0.02710581384599209
0.007981455884873867
0.038366496562957764
0.03980162739753723
0.00710590835660696
0.009330356493592262
0.006293286569416523
0.24727380275726318
0.004025469999760389
0.02159050665795803
0.040622420608997345
0.053331270813941956
0.07768471539020538
0.04600232467055321
0.10018907487392426
0.0021759162191301584
0.08956970274448395
0.013347857631742954
0.022928664460778236
0.017603542655706406
0.05378590151667595
0.0047132642939686775
0.11453709751367569
0.005863683298230171
0.09177061915397644
0.05446307733654976
0.038152068853378296
0.005386024713516235
0.028721673414111137
0.0053099943324923515
0.005571037996560335
0.0009749681339599192
0.11118742823600769
0.038754772394895554
0.0016551997978240252
0.002165443729609251
0.036717500537633896
0.0018426614115014672
0.11254680901765823
0.005933556240051985
0.07769384980201721
0.007304165977984667
0.015116119757294655
0.05915902554988861
0.004728260915726423
0.005350206047296524
0.011707426980137825
0.08037176728248596
0.013206002302467823
0.11309465020895004
0.13411226868629456
0.011524219997227192
0.004969827830791473
0.07623746991157532
0.09746457636356354
0.25665438175201416
0.010289225727319717
0.06273960322141647
0.005031522363424301
0.09708939492702484
0.027270402759313583
0.007830485701560974
0.022118709981441498
0.007032160647213459
0.07112959027290344
0.00506542157381773
0.0016099134227260947
0.015571746975183487
0.0037032475229352713
0.11973648518323898
0.049406081438064575
0.0291815847158432
0.012199411168694496
0.006911506410688162
0.025573842227458954
0.029983067885041237
0.10272811353206635
0.03042905405163765
0.0023182411678135395
0.016992660239338875
0.010516714304685593
0.010554725304245949
0.07699345797300339
0.03806111216545105
0.010864540934562683
0.1368006467819214
0.08678951114416122
0.0073726000264286995
0.01161227934062481
0.013433931395411491
0.009823757223784924
0.007742897607386112
0.006935774814337492
0.1953105479478836
0.03300703689455986
0.01132406760007143
0.017074104398489
0.005604851059615612
0.07803042978048325
7.622605335200205e-05
0.0024246186949312687
0.0036754098255187273
0.01069935504347086
0.005579058080911636
0.002388706896454096
0.004788678605109453
0.07340343296527863
0.2547730803489685
0.1068161353468895
0.013846676796674728
0.08728055655956268
0.05082552880048752
0.002215553540736437
0.064292773604393
0.1048075407743454
0.08740904927253723
0.12141984701156616
0.052737392485141754
0.2015620321035385
0.011199137195944786
0.010733451694250107
0.01604812778532505
0.011116869747638702
0.04069989174604416
0.0056545911356806755
0.005911523476243019
0.006089166738092899
0.004863780923187733
0.07832393795251846
0.15629996359348297
0.04900624230504036
0.005423612892627716
0.05007610470056534
0.01758868433535099
0.006316157057881355
0.05775442719459534
0.03115749917924404
0.017682891339063644
0.14952529966831207
0.029763441532850266
0.025221120566129684
0.002690528053790331
0.08857745677232742
0.13724088668823242
0.005263341125100851
0.0015718818176537752
0.04998030886054039
0.15266843140125275
0.046964023262262344
0.011346535757184029
0.03934749215841293
0.03150646761059761
0.06368857622146606
0.004617349710315466
0.014243409037590027
0.002940074075013399
0.19970808923244476
0.08649007976055145
0.013952305540442467
0.015202723443508148
0.046338800340890884
0.07204367220401764
0.05861624330282211
0.0021291107404977083
0.008361006155610085
0.004493054002523422
0.009159266948699951
0.0029738126322627068
0.05743303894996643
0.051313333213329315
0.0013537685154005885
0.020917071029543877
0.07420329749584198
0.002482030773535371
0.028081880882382393
0.01593715511262417
0.027804352343082428
0.04379482939839363
0.128663569688797
0.0032545009162276983
0.02300255186855793
0.012174318544566631
0.011504195630550385
0.019304748624563217
0.003554738825187087
0.0045061493292450905
0.00983504019677639
0.04854598268866539
0.0067984238266944885
0.009376924484968185
0.051092423498630524
0.05675544962286949
0.0024711224250495434
0.004101051948964596
0.07012757658958435
0.04041488841176033
0.022542038932442665
0.0433826707303524
0.0024075345136225224
0.0019395933486521244
0.07672455906867981
0.015185259282588959
0.025227015838027
0.0037122478242963552
0.06523099541664124
0.06456603854894638
0.06419176608324051
0.07424812763929367
0.009861678816378117
0.05358043685555458
0.013850538060069084
0.011296955868601799
0.07492814213037491
0.01711995154619217
0.09899986535310745
0.1764809787273407
0.0026267943903803825
0.05992608889937401
0.01864044740796089
0.09798979014158249
0.010066675953567028
0.016007088124752045
0.1509646326303482
0.008032958023250103
0.09831933677196503
0.14509296417236328
0.02077331207692623
0.006068369839340448
0.005396381951868534
0.011831373907625675
0.21774251759052277
0.05132639408111572
0.07520174980163574
0.15736180543899536
0.05498141795396805
0.008339022286236286
0.14474919438362122
0.04781729727983475
0.008636847138404846
0.08738601952791214
0.003352221567183733
0.0021492294035851955
0.005259925499558449
0.17993293702602386
0.004978100769221783
0.4298962950706482
0.003448301926255226
0.07246030122041702
0.0817028135061264
0.020747149363160133
0.00967969186604023
0.005382746923714876
0.049370136111974716
0.01710573025047779
0.06968864053487778
0.004494260996580124
0.043096475303173065
0.03248191997408867
0.005241855513304472
0.0013534522149711847
0.11289726197719574
0.02712232805788517
0.0036846306174993515
0.0916728526353836
0.006493944209069014
0.09393349289894104
0.037349775433540344
0.014166973531246185
0.0051107811741530895
0.2850889563560486
2.2301857825368643e-05
0.10350552201271057
0.06538620591163635
0.09848751127719879
0.3951934278011322
0.00318606523796916
0.00680492352694273
0.19532090425491333
0.11982803046703339
0.011820578016340733
0.020232809707522392
0.04610540345311165
0.007221546024084091
0.22498482465744019
0.015221566893160343
0.0031540803611278534
0.0025672786869108677
0.007035758346319199
0.05569927394390106
0.02184891141951084
0.10422678291797638
0.025562051683664322
0.006073649041354656
0.10944221913814545
0.01393924094736576
0.005033246241509914
0.004099681042134762
0.0081370510160923
0.16028191149234772
0.03823356330394745
0.0857672169804573
0.009526509791612625
0.13340286910533905
0.01098291203379631
0.09283778071403503
0.20648272335529327
0.019850533455610275
0.008949859999120235
0.0033938116393983364
0.06791629642248154
0.1607586145401001
0.18611398339271545
0.0073957196436822414
0.04959710314869881
0.07612785696983337
0.19065453112125397
0.3142474293708801
0.5128825306892395
0.003600765485316515
0.0046446966007351875
0.009924866259098053
0.11876004934310913
0.09057758748531342
0.18999792635440826
0.012230666354298592
0.006838133558630943
0.005251815542578697
0.027436861768364906
0.014415964484214783
0.04594267159700394
0.025691181421279907
0.0760885700583458
0.03896437585353851
0.1878172606229782
0.022222723811864853
0.03600906580686569
0.06985586881637573
0.003558204509317875
0.09220722317695618
0.00988843198865652
0.006878227926790714
0.013570884242653847
0.02602042444050312
0.022970110177993774
0.030396385118365288
0.0053755417466163635
0.007848679088056087
0.0038811247795820236
0.06212618947029114
0.05736280605196953
0.05786474421620369
0.022472776472568512
0.0033541552256792784
0.0010443581268191338
0.0024091084487736225
0.07976619899272919
0.05467347800731659
0.011234075762331486
0.007129996549338102
0.0050511290319263935
0.01871977560222149
0.009336981922388077
0.009381018579006195
0.0034676454961299896
0.04598398134112358
0.07769456505775452
0.09526950865983963
0.02928498014807701
0.0010493554873391986
0.0007025678642094135
0.15204870700836182
0.0012490702793002129
0.0333557054400444
0.006244729273021221
0.001991400495171547
0.01886390708386898
0.05699014663696289
0.07494577020406723
0.1584938019514084
0.023673193529248238
0.014459101483225822
0.03649379312992096
0.13903455436229706
0.012972773984074593
0.008466599509119987
0.12050202488899231
0.017737243324518204
0.002775844419375062
0.008157389238476753
0.08340110629796982
0.026013104245066643
0.021325716748833656
0.10121749341487885
0.06721536070108414
0.04201335459947586
0.015262865461409092
0.1129639595746994
0.07242709398269653
0.008129313588142395
0.0014868307625874877
0.01405930332839489
0.044189855456352234
0.08235367387533188
0.013870816677808762
0.05484101176261902
0.03978472203016281
0.01125066913664341
0.0392790362238884
0.05263059213757515
0.13827413320541382
0.045607466250658035
0.07327577471733093
0.0018814308568835258
0.07956763356924057
0.007449616212397814
0.02007903903722763
0.0019805720075964928
0.14710433781147003
0.04258996993303299
0.005697702057659626
0.03599431738257408
0.07547420263290405
0.31014692783355713
0.02033843658864498
0.006025723647326231
0.027835825458168983
0.06592472642660141
0.039411187171936035
0.022261008620262146
0.005345260724425316
0.01548756193369627
0.003961887676268816
0.011185446754097939
0.13749980926513672
0.00984859373420477
0.009060817770659924
0.009542631916701794
0.013490301556885242
0.021262725815176964
0.0012079393491148949
0.02962309494614601
0.012560611590743065
0.005654729902744293
0.22639714181423187
0.005418655462563038
0.016831504181027412
0.023604486137628555
0.13893312215805054
0.011143777519464493
0.02869286946952343
0.007476864382624626
0.09002076834440231
0.0027641754131764174
0.0024294101167470217
0.0027913530357182026
0.09298292547464371
0.15422064065933228
0.08718323707580566
0.04579508677124977
0.03310873359441757
0.06918421387672424
0.24007946252822876
0.01075582206249237
0.2602675259113312
0.0875488892197609
0.09980230033397675
0.015198010951280594
0.045135144144296646
0.06052250415086746
0.022933166474103928
0.0015074876137077808
0.07267149537801743
0.019070373848080635
0.07131995260715485
0.0034067663364112377
0.0066847046837210655
0.0072827814146876335
0.007792092859745026
0.0999561995267868
0.03205932676792145
0.0809745118021965
0.0961676612496376
0.018284546211361885
0.02136073261499405
0.002135887509211898
0.0029230837244540453
4.0697326767258346e-05
0.09940838068723679
0.10814467072486877
0.03179058060050011
0.04220220074057579
0.009038449265062809
0.005599377676844597
0.5160836577415466
0.27656957507133484
0.006331251468509436
0.011570323258638382
0.010237963870167732
0.11435715854167938
0.06839949637651443
0.011534908786416054
0.01707853004336357
0.14701378345489502
0.008978533558547497
0.008886421099305153
0.019538836553692818
0.012542822398245335
0.0135673638433218
0.14882253110408783
0.05762043222784996
0.025890400633215904
0.004152029752731323
0.010937676765024662
0.12199743092060089
0.25333163142204285
0.017421716824173927
0.18478073179721832
0.20742100477218628
0.01621381938457489
0.027264609932899475
0.040214333683252335
0.06452705711126328
0.010034349747002125
0.020852716639637947
0.014206635765731335
0.1449630856513977
0.032220590859651566
0.0028499485924839973
0.005727643612772226
0.14047186076641083
0.058213118463754654
0.08417553454637527
0.048715826123952866
0.10435403138399124
0.16858172416687012
0.08438967913389206
0.004829817917197943
0.06917700171470642
0.09585104137659073
0.006163961254060268
0.09184553474187851
0.07748383283615112
0.0033159044105559587
0.07039787620306015
0.07017189264297485
0.003975276835262775
0.0028082584030926228
0.004430675879120827
0.016313396394252777
0.07677166908979416
0.0016498113982379436
0.005677245557308197
0.0068630375899374485
0.07748505473136902
0.0048803770914673805
0.08640148490667343
0.015334189869463444
0.010126559063792229
0.002581019653007388
0.0047737713903188705
0.007036336697638035
0.18027251958847046
0.02845948003232479
0.015154531225562096
0.004721620120108128
0.049055054783821106
0.004685514140874147
0.03602239489555359
0.05406895652413368
0.027438046410679817
0.09225086122751236
0.057724159210920334
0.043819595128297806
0.019310124218463898
0.013998644426465034
0.1050308346748352
0.054920293390750885
0.014608110301196575
0.04582677781581879
0.0013021045597270131
0.07824559509754181
0.011481196619570255
0.07031533867120743
0.12448162585496902
0.020510252565145493
0.00679012481123209
0.0439542680978775
0.08429591357707977
0.5446525812149048
0.004226370714604855
0.04318352788686752
0.0357452854514122
0.07649014890193939
0.016523774713277817
0.03030761331319809
0.08091025054454803
0.004453669767826796
0.001954097766429186
0.07582823932170868
0.007746092043817043
0.09058447927236557
0.004609756637364626
0.01463273260742426
0.003975478000938892
0.009174318984150887
0.01093058567494154
0.0043526021763682365
0.001824114704504609
0.034166380763053894
0.005118425935506821
0.1275615394115448
0.011388774961233139
0.007683491334319115
0.017006071284413338
0.012911781668663025
0.10722871124744415
0.07691289484500885
0.12247832864522934
0.1472349613904953
0.05517692118883133
0.013598447665572166
0.011002135463058949
0.033789876848459244
9.586371015757322e-05
0.01596180349588394
0.03751527518033981
0.23615187406539917
0.001905274810269475
0.009774336591362953
0.00890480075031519
0.055699724704027176
0.036044541746377945
0.023180581629276276
0.1778985857963562
0.11866722255945206
0.08898306638002396
0.011328490450978279
0.2274867296218872
0.0199225265532732
0.005907288286834955
0.11190906167030334
0.0037618400529026985
0.009616604074835777
0.011319723911583424
0.06282945722341537
0.007623724639415741
0.005022911354899406
0.1192268431186676
0.0013844635104760528
0.07960832118988037
0.07193387299776077
0.01400806661695242
0.01286937203258276
0.01308892946690321
0.06772031635046005
0.10687194019556046
0.07331610471010208
0.00608676765114069
0.124737448990345
0.10520720481872559
0.04293246567249298
0.005591267719864845
0.0006547224475070834
0.0067289178259670734
0.03843570128083229
0.04159253463149071
0.015802690759301186
0.0715884417295456
0.008342569693922997
0.033492956310510635
0.11085931956768036
0.12753309309482574
0.021168245002627373
0.09314741939306259
0.02191433683037758
0.07421719282865524
0.00731726223602891
0.12271765619516373
0.012388058938086033
0.0019439406460151076
0.044414859265089035
0.011336417868733406
0.004863280802965164
0.0057862610556185246
0.003856722265481949
0.027223754674196243
0.00668311957269907
0.7996159791946411
0.1803763508796692
0.45701783895492554
0.16484226286411285
0.045501112937927246
0.11765910685062408
0.15076418220996857
0.00400858698412776
0.0051612514071166515
0.20803038775920868
0.0945986732840538
0.005794163793325424
0.08982819318771362
0.09112060815095901
0.015981551259756088
0.07931452989578247
0.008841983042657375
0.09072664380073547
0.0059352051466703415
0.007840856909751892
0.031096087768673897
0.002164107747375965
0.015242235735058784
0.015824908390641212
0.005616666283458471
0.3573685586452484
0.20280005037784576
0.242283433675766
0.0039569903165102005
0.05145254731178284
0.014662991277873516
0.004006797913461924
0.03809023275971413
0.031281936913728714
0.0071537247858941555
0.04226665943861008
0.048253923654556274
0.0027915691025555134
0.004373152740299702
0.004723503254354
0.10044179856777191
0.0068022748455405235
0.23510068655014038
0.07027556002140045
0.0080522196367383
0.02888074703514576
0.01817217469215393
0.11833946406841278
0.07600763440132141
0.005620733834803104
0.000871314259711653
0.003942910581827164
0.004456191323697567
0.12495368719100952
0.13989633321762085
7.895566523075104e-05
0.014620399102568626
0.14144690334796906
0.16084443032741547
0.00811317190527916
0.11310872435569763
0.24597030878067017
0.20812399685382843
0.0006825626478530467
0.001548358122818172
0.005354444961994886
0.07559085637331009
0.005457369610667229
0.09858814626932144
0.00653392868116498
0.009942947886884212
0.0301712267100811
0.0468154177069664
0.0016539802309125662
0.11519406735897064
0.018635960295796394
0.010650143027305603
0.08482901751995087
0.0072200708091259
0.002330673625692725
0.019639162346720695
0.01071798987686634
0.013134470209479332
0.13425767421722412
0.005473053082823753
0.01255742833018303
0.13795340061187744
0.004352922551333904
0.07965026050806046
0.03158850222826004
0.02491500973701477
0.1227244883775711
0.015592396259307861
0.045456696301698685
0.008909766562283039
0.005474395118653774
0.007249368354678154
0.04928670451045036
0.00919643696397543
0.034369658678770065
0.0034406762570142746
0.00922685768455267
0.0196223184466362
0.04282708093523979
0.041314005851745605
0.040441013872623444
0.037694402039051056
0.11145348846912384
0.02240760251879692
0.00608876021578908
0.005284049082547426
0.03590560331940651
0.0552641823887825
0.12214948982000351
0.004106918349862099
0.016018133610486984
0.01094171404838562
0.06366284191608429
0.08544441312551498
0.059154100716114044
0.021588098257780075
0.7024707198143005
0.12440145015716553
0.04316798970103264
0.01396750658750534
0.014842776581645012
0.0066750203259289265
0.13149181008338928
0.016579197719693184
0.07538900524377823
0.03864853084087372
0.19539955258369446
0.04159318655729294
0.0018543179612606764
0.0038213126827031374
0.09364891052246094
0.013143423944711685
0.023271014913916588
0.056456103920936584
0.005841571372002363
0.07249573618173599
0.002168605336919427
0.15543530881404877
0.0066822487860918045
0.012483496218919754
0.014041151851415634
0.013162034563720226
0.07484681904315948
0.011526129208505154
0.006907888222485781
0.006957181729376316
0.10282880067825317
0.15594369173049927
0.03550552949309349
0.06480691581964493
0.003578711999580264
0.02420026622712612
0.009392593055963516
0.010911397635936737
0.0032086330465972424
0.18041904270648956
0.008026422001421452
0.008994192816317081
0.00018168159294873476
0.061491645872592926
0.03667815774679184
0.05184915289282799
0.008043620735406876
0.008905337192118168
0.005302636884152889
0.01641666330397129
0.016274502500891685
0.010282068513333797
0.012339917942881584
0.09731017053127289
0.06732578575611115
0.015389472246170044
0.0031715475488454103
0.016027675941586494
0.012090755626559258
0.034212421625852585
0.09065842628479004
0.008173055946826935
0.07410906255245209
0.018658151850104332
0.12325549125671387
0.005709082819521427
0.026408158242702484
0.28672274947166443
0.057689934968948364
0.00015030635404400527
0.00808147806674242
0.07710391283035278
0.16063645482063293
0.00475190207362175
0.2668933570384979
0.021471276879310608
0.007454105652868748
0.07593318074941635
0.003538908902555704
0.036335498094558716
0.011403568089008331
0.011380143463611603
0.005724193062633276
0.0731012299656868
0.036797262728214264
0.11939499527215958
0.08682193607091904
0.022846853360533714
0.030876781791448593
0.01601962372660637
0.0575408861041069
0.10581429302692413
0.005398573353886604
0.0680445209145546
0.01255008764564991
9.137540473602712e-05
0.008358655497431755
0.007082249969244003
0.024470143020153046
0.011994334869086742
0.023422062397003174
0.023413605988025665
0.0025803667958825827
0.11198951303958893
0.024794934317469597
0.08687423914670944
0.024661492556333542
0.12048690021038055
0.03828209266066551
0.12358906865119934
0.11200027167797089
0.02699906937777996
0.00869758240878582
0.09599273651838303
0.13436755537986755
0.10697688907384872
0.09878905117511749
0.052877940237522125
0.04177572950720787
0.12436732649803162
0.006607638206332922
0.00345722958445549
0.09120224416255951
0.16021722555160522
0.004554577637463808
0.04783100634813309
0.02950289100408554
0.03171158581972122
0.015289592556655407
0.8639885187149048
0.010357649996876717
0.1388639509677887
0.02028479427099228
0.01151369884610176
0.002237281994894147
0.03338558226823807
0.005215622950345278
0.05950300768017769
0.21411186456680298
0.014706497080624104
0.27888938784599304
0.048504408448934555
0.023380085825920105
0.062425773590803146
0.08536897599697113
0.00014280027244240046
0.001375678344629705
0.050346266478300095
0.003921385854482651
0.2131119966506958
0.119014672935009
0.2206832766532898
0.012388588860630989
0.002965976484119892
0.014380441047251225
0.005465310532599688
0.03137589246034622
0.019161663949489594
0.012584608048200607
0.007235363125801086
0.0030863271094858646
0.04242752492427826
0.007449028082191944
0.5323877334594727
0.0032735192216932774
0.0034661544486880302
0.020843753591179848
0.0017752754501998425
0.11878621578216553
0.009952070191502571
0.00831790640950203
0.00213436596095562
0.02055102214217186
0.04376243054866791
0.013696707785129547
0.011036552488803864
0.40555569529533386
0.06281442940235138
0.004791824147105217
0.09641025960445404
0.1270124912261963
0.03133215010166168
0.06367827951908112
0.0633043497800827
0.0036395350471138954
0.0033879694528877735
0.023169124498963356
0.06056822091341019
0.010007556527853012
0.004435626789927483
0.003248858032748103
0.0030919425189495087
0.023171311244368553
0.010170603170990944
0.01713745854794979
0.007623749785125256
0.026048697531223297
0.05696523189544678
0.07863731682300568
0.016675719991326332
0.15061306953430176
0.1092275083065033
0.024927914142608643
9.230419527739286e-05
0.0028569886926561594
0.11462618410587311
0.009754015132784843
0.0030440855771303177
0.1454717516899109
0.010325164534151554
0.5110486149787903
0.0011117757530882955
0.05078856274485588
0.024300871416926384
0.01949349418282509
0.005883251782506704
0.11329174786806107
0.08183477073907852
0.01667298935353756
0.022737285122275352
0.004523501265794039
0.11776324361562729
0.01304910983890295
0.006375547964125872
0.004210810177028179
0.0063448757864534855
0.15152965486049652
0.22675099968910217
0.20463070273399353
0.07575607299804688
0.045586276799440384
0.2490096390247345
0.015101995319128036
0.09225308895111084
0.003850962035357952
0.005555881652981043
0.01630520261824131
1.623771071434021
0.00795791670680046
0.003051507519558072
0.23714514076709747
0.006222211755812168
0.0382423959672451
0.07663503289222717
0.014058456756174564
0.011356250382959843
0.01094195619225502
0.0595700666308403
0.015331205911934376
0.11701381951570511
0.005639202892780304
0.02597072906792164
0.004038761369884014
0.002633268479257822
0.007517921272665262
0.010776589624583721
0.018239911645650864
0.06972920149564743
0.009145979769527912
0.0780462995171547
0.013663695193827152
0.02007715031504631
0.0021934767719358206
0.11863167583942413
0.0014404554385691881
0.007209147326648235
0.2643349766731262
0.16211381554603577
0.012798133306205273
0.009823689237236977
0.003222079947590828
0.08145971596240997
0.06782498955726624
0.07602221518754959
0.0639236718416214
0.007791002281010151
0.1857805848121643
0.041284818202257156
0.08469796925783157
0.27436089515686035
0.03699299693107605
0.03243337199091911
0.007941099815070629
0.04807592183351517
0.025084760040044785
0.004813122563064098
0.03132346644997597
0.0067173270508646965
0.03234003856778145
0.04764796048402786
0.06188413128256798
0.003782446263357997
0.023580703884363174
0.06211930140852928
0.0030176211148500443
0.014791224151849747
0.02400960586965084
0.012641847133636475
0.008164303377270699
0.031197581440210342
0.007021252531558275
0.013852732256054878
0.07732966542243958
0.015795761719346046
0.06012364849448204
0.009726163931190968
0.0026299445889890194
0.014914529398083687
0.009487705305218697
0.030932316556572914
0.0073492759838700294
0.07625746726989746
0.04178624600172043
0.0022086899261921644
0.006371555384248495
0.00736381858587265
0.032012708485126495
0.01785203255712986
0.012169908732175827
0.012697120197117329
0.04469567537307739
0.12403377145528793
0.01474140863865614
0.002377546625211835
4.601402179105207e-05
0.1936718374490738
0.019408248364925385
0.12170500308275223
0.0065404088236391544
0.0681857094168663
0.003411448560655117
0.018319368362426758
0.003365278709679842
0.08383715152740479
0.008718661963939667
0.06494785100221634
0.023965654894709587
0.00814284197986126
0.013153789564967155
0.016118861734867096
0.009617755189538002
0.027988364920020103
0.17462566494941711
0.000923883228097111
0.037761982530355453
0.02003464102745056
0.08655919879674911
0.0634843111038208
0.08082633465528488
0.0062522911466658115
0.01748519018292427
0.026149528101086617
0.02045939490199089
0.0126552265137434
0.06807542592287064
0.011875859461724758
0.1280621588230133
0.042853787541389465
0.0060485899448394775
0.014081597328186035
0.02433299459517002
0.06720434874296188
0.15000033378601074
0.003874844405800104
0.0070037152618169785
0.08135479688644409
0.03525400534272194
0.020964480936527252
0.10440902411937714
0.05240945890545845
0.0486796610057354
0.006548693869262934
0.09489764273166656
0.0694824680685997
0.005362682975828648
0.004288211464881897
0.021663682535290718
0.012438769452273846
0.020661164075136185
0.0020374655723571777
0.04563896358013153
0.09242021292448044
0.006020018830895424
0.7643740177154541
0.020012497901916504
0.010516226291656494
0.01509266346693039
0.1044413298368454
0.022768765687942505
0.02266807109117508
0.07212844491004944
0.24052749574184418
0.006920251064002514
0.0096342284232378
0.0061222948133945465
0.00011563897714950144
0.024364368990063667
0.014901161193847656
0.10606296360492706
0.05902235954999924
0.025359705090522766
0.008310621604323387
0.0045557403936982155
0.05143062025308609
0.002097757300361991
0.006582053378224373
0.004384049214422703
0.01921001821756363
0.13856707513332367
0.18241506814956665
0.01831166259944439
0.12636353075504303
0.08609852194786072
0.08511720597743988
0.03383547067642212
0.02098049968481064
0.04401783272624016
0.9266751408576965
0.06795436888933182
0.053737573325634
0.18417826294898987
0.012971842661499977
0.05141405388712883
0.019335754215717316
0.008968546986579895
0.03142542392015457
0.01212327554821968
0.21272167563438416
0.001183826825581491
0.15400910377502441
0.006395531818270683
0.0057812463492155075
0.009286561980843544
0.02018713392317295
0.09003446996212006
0.011535393074154854
0.0023263241164386272
0.07900502532720566
0.07989329099655151
0.09471811354160309
0.013523869216442108
0.0030532791279256344
0.15911918878555298
0.013546089641749859
0.02515016496181488
2.2933569198357873e-05
0.006759955082088709
0.25880923867225647
0.003420573193579912
0.018144555389881134
0.0021208138205111027
0.06936180591583252
0.018897809088230133
0.01721033826470375
0.07867398858070374
0.00834734458476305
0.1292223334312439
0.10260240733623505
0.06498050689697266
0.006086849607527256
0.0017235435079783201
0.008109432645142078
0.021977052092552185
0.015991270542144775
0.05983814597129822
0.010440023615956306
0.012237691320478916
0.023016130551695824
0.06850653141736984
0.002179542789235711
0.006772652734071016
0.0508873276412487
0.019997790455818176
0.05515069141983986
0.02608950436115265
0.15487456321716309
0.034803204238414764
0.007006129249930382
0.08988528698682785
0.007624126970767975
0.0049584973603487015
0.06605297327041626
0.0418059378862381
0.2505905032157898
0.00669080251827836
0.0782424733042717
0.00517317047342658
0.02814481221139431
0.0006040856242179871
0.06408502906560898
0.011833845637738705
0.12049967795610428
0.06353073567152023
0.03052624501287937
9.694320397102274e-06
0.015560725703835487
0.038519203662872314
0.011065496131777763
0.008575049228966236
0.004111272282898426
0.001313383225351572
0.06740271300077438
0.00345997279509902
0.009051920846104622
0.05103568360209465
0.004816296510398388
0.09524329006671906
0.009004257619380951
0.06768715381622314
0.026097441092133522
0.12882810831069946
0.01128629595041275
0.07967968285083771
0.1860819011926651
0.023556485772132874
0.007931390777230263
0.04962129518389702
0.09266510605812073
0.17133064568042755
0.02083667367696762
0.005947081372141838
0.044849708676338196
0.04537522792816162
0.007554570212960243
0.0416240431368351
0.013819146901369095
0.013564812019467354
0.008964038453996181
0.04322361946105957
0.05782562121748924
0.0023934601340442896
0.0905720517039299
0.01337903831154108
0.009981200098991394
0.036085404455661774
0.04883807152509689
0.0049350974150002
0.011745790019631386
0.004324048757553101
0.16787414252758026
0.11090768128633499
0.002457353053614497
0.06897298246622086
0.0027169142849743366
0.13516804575920105
0.04129936173558235
0.00806503091007471
0.0016796591226011515
0.03576353192329407
0.029526764526963234
0.003742559114471078
0.0025835123378783464
0.07878349721431732
0.09537528455257416
0.007184051908552647
0.0026745316572487354
0.006048154551535845
0.04950055852532387
0.022331884130835533
0.004619639366865158
0.04768762364983559
0.003658161498606205
0.010693389922380447
0.1000567078590393
0.04884564131498337
0.07403591275215149
0.016947390511631966
0.004937697201967239
0.024700742214918137
0.030803147703409195
0.08495961874723434
0.1107846200466156
0.051784493029117584
0.10713236033916473
0.001465850742533803
0.0275411419570446
0.061814431101083755
0.06891937553882599
0.06168224290013313
0.0016751476796343923
0.03695884719491005
0.018282482400536537
0.006714853458106518
0.1629677712917328
0.006281337235122919
0.04063703119754791
0.04200964793562889
0.029950154945254326
0.10945653915405273
0.023072466254234314
0.055171217769384384
0.04640892893075943
0.10908180475234985
0.04394736513495445
0.0039040937554091215
0.05421091988682747
0.003481645602732897
0.0987669974565506
0.018373306840658188
0.037719160318374634
0.07927677035331726
0.04611681029200554
0.00020870764274150133
0.0033336603082716465
0.12806949019432068
0.009827347472310066
0.0042024459689855576
0.14740720391273499
0.10537397116422653
0.024653403088450432
0.014150121249258518
0.06721727550029755
0.01620727963745594
0.13023898005485535
0.010202356614172459
0.013269828632473946
0.0491703636944294
0.024206124246120453
0.037971578538417816
0.018271492794156075
0.012604943476617336
0.0685834139585495
0.0033528259955346584
0.010337989777326584
0.005799277685582638
0.012872414663434029
0.13246749341487885
0.007168634794652462
0.00010875094449147582
0.031796034425497055
0.3047768771648407
0.049393750727176666
0.010764961130917072
0.018217891454696655
0.007106490898877382
0.014459272846579552
0.01423821784555912
0.018979106098413467
0.01787531189620495
0.023512141779065132
0.1253914088010788
0.008878286927938461
0.07660342752933502
0.018550029024481773
0.10978236049413681
0.05809410661458969
0.021715113893151283
0.0268331877887249
0.007044533267617226
0.007961063645780087
0.035165052860975266
0.021966923028230667
0.01105557568371296
0.09956454485654831
0.0030333842150866985
0.017113037407398224
0.015585248358547688
0.11279753595590591
0.0832848846912384
0.005411896854639053
0.007864484563469887
0.013280251063406467
0.06782633066177368
0.06324487924575806
0.08312809467315674
0.03400015830993652
0.004094263538718224
0.01324191689491272
0.046355169266462326
0.06312239915132523
0.049630895256996155
0.07161243259906769
0.008591210469603539
0.02931314893066883
0.018868915736675262
0.021732456982135773
0.04346237704157829
0.16678974032402039
0.057200223207473755
0.010028437711298466
0.032272495329380035
0.5631659626960754
0.11978033185005188
0.00458609638735652
0.006123140454292297
0.025705227628350258
0.12292847782373428
0.035590820014476776
0.0204464178532362
0.057525280863046646
0.011991980485618114
0.04386359453201294
0.02166207879781723
0.0154606057330966
0.011064846068620682
0.07437849789857864
0.01290288195014
0.41479888558387756
0.016131356358528137
0.026622671633958817
0.021947141736745834
0.1316249966621399
0.07638734579086304
0.004767864942550659
0.02654087543487549
0.524265468120575
0.07219763100147247
0.017061753198504448
0.0024344255216419697
0.00581688666716218
0.0077871764078736305
0.014116933569312096
0.1163940504193306
0.009889007546007633
0.029659079387784004
0.11007948219776154
0.0055663129314780235
0.015823915600776672
0.007561277598142624
0.002861220622435212
0.05064529925584793
0.1771666705608368
0.010286630131304264
0.042443424463272095
0.00813274271786213
0.041348058730363846
0.03596251457929611
0.005508667789399624
0.02309778518974781
0.0004663907748181373
0.004696367774158716
0.007839260622859001
0.01728038862347603
0.0038964429404586554
0.021437132731080055
0.03309786692261696
0.019464615732431412
0.04977437108755112
0.006781625561416149
0.027294347062706947
0.004508158657699823
0.03776678815484047
0.043537482619285583
0.00731648737564683
0.004049890674650669
0.005730001255869865
0.016389816999435425
0.0075056832283735275
0.08747417479753494
0.0866023600101471
0.003972203005105257
0.006490066181868315
0.06643327325582504
0.009663566015660763
0.0013480761554092169
0.31880679726600647
0.03424149379134178
0.21808978915214539
0.06696351617574692
0.010766472667455673
0.08517637103796005
0.020657796412706375
0.001896326313726604
0.005088631995022297
0.053296804428100586
0.06295381486415863
0.0028271584305912256
0.06222604215145111
0.10436883568763733
0.061220280826091766
0.0036221384070813656
0.020077669993042946
0.008823741227388382
0.008214844390749931
0.0045567830093204975
0.06700925529003143
0.07192716002464294
0.013900790363550186
0.10969600081443787
0.03667515143752098
0.30513796210289
0.0022911690175533295
0.013206448405981064
0.0015513838734477758
0.16699205338954926
0.006904816720634699
0.004920676350593567
0.147932767868042
0.018397923558950424
0.008249403908848763
0.04103993996977806
0.00409363117069006
0.09495479613542557
0.13211965560913086
0.02686869166791439
0.01485394686460495
0.05882028117775917
0.2716131806373596
0.008866832591593266
0.08568999171257019
0.08691786974668503
0.003451511962339282
0.004206721670925617
0.04975583776831627
0.11468257009983063
0.005523619242012501
0.00920899212360382
0.0053464812226593494
0.15334166586399078
0.015888016670942307
0.001106748590245843
0.1255616694688797
0.01595657505095005
0.008688044734299183
0.08063536137342453
0.027025744318962097
0.06204305589199066
0.06776599586009979
0.04806879162788391
0.1348200887441635
0.012611589394509792
0.010601679794490337
0.010139647871255875
0.008405438624322414
0.006866239011287689
0.032273780554533005
0.05537398159503937
0.024609701707959175
0.1604394018650055
0.026352379471063614
0.014752850867807865
0.09737354516983032
0.05868184566497803
0.133933886885643
0.18595315515995026
0.07232144474983215
0.00211283634416759
0.0022371159866452217
0.021807830780744553
0.00280541880056262
0.012403145432472229
0.08844275772571564
0.009300027042627335
0.1638181060552597
0.028119629248976707
0.00878060981631279
0.07487890124320984
0.0042715296149253845
0.019810542464256287
0.06270668655633926
0.010958618484437466
0.007015879265964031
0.05617319419980049
0.015429542399942875
0.006373418495059013
0.08039478957653046
0.010320289991796017
0.0239349827170372
0.005992136895656586
0.002811023499816656
0.05398055166006088
0.004154691472649574
0.11239678412675858
0.22071902453899384
0.012125559151172638
0.14761072397232056
0.0017743445932865143
0.3416047692298889
0.057370807975530624
0.053419098258018494
0.010321199893951416
0.005624271463602781
0.3442073166370392
0.0075429403223097324
0.014823349192738533
0.007959166541695595
0.06870891153812408
0.0017513358034193516
0.0054185097105801105
0.0762430801987648
0.042494308203458786
0.15852876007556915
0.06846073269844055
0.036905545741319656
0.09380084276199341
0.005093734245747328
0.008354410529136658
0.00341594684869051
0.014997859485447407
0.020362205803394318
0.03659578040242195
0.022371860221028328
0.015927424654364586
0.011601900681853294
0.019014477729797363
0.07473518699407578
0.005010863766074181
0.024378981441259384
0.5460468530654907
0.015697641298174858
0.011508375406265259
0.1404677778482437
0.004697058349847794
0.011271767318248749
0.07910716533660889
0.020807180553674698
0.025603625923395157
0.007114314939826727
0.00914646964520216
0.00593795720487833
0.035259418189525604
0.00807387288659811
0.06787866353988647
0.07659247517585754
0.02300131507217884
0.10847200453281403
0.05404946953058243
0.07170092314481735
0.012049809098243713
0.05067300423979759
0.024961713701486588
0.046493373811244965
0.0033074193634092808
0.046518899500370026
0.04180257022380829
0.18005716800689697
0.030424155294895172
0.19631659984588623
0.00948401726782322
0.005494730547070503
0.006940613966435194
0.07534141093492508
0.035537056624889374
0.0009088651277124882
0.014970912598073483
0.0027875900268554688
0.06332895159721375
0.005281447432935238
0.020920773968100548
0.07977000623941422
0.09681620448827744
0.09211795777082443
0.5115926265716553
0.02452315017580986
0.005749291740357876
0.0024288783315569162
0.00022123676899354905
0.12403891235589981
0.005154226906597614
0.1493467539548874
0.10658199340105057
0.0837949737906456
0.01907043531537056
0.0039092847146093845
0.16324172914028168
0.009321704506874084
0.01384245790541172
0.07465432584285736
0.012995019555091858
0.1294826865196228
0.4218802750110626
0.2322729229927063
0.009608116000890732
0.06473048031330109
0.006925503723323345
0.027566207572817802
0.018314868211746216
0.13549989461898804
0.04847323149442673
0.004793694242835045
0.09924139082431793
0.01191655918955803
0.02477087453007698
0.13770180940628052
0.004766829311847687
0.018940208479762077
0.00830685906112194
0.12448981404304504
0.07990364730358124
0.006507899146527052
0.013303724117577076
0.23007254302501678
0.25806954503059387
0.005638469941914082
0.008326740004122257
0.004126001615077257
0.017061566933989525
0.10414259135723114
0.25359687209129333
0.006496584042906761
0.0915055200457573
0.00013844478235114366
0.011440674774348736
0.015447893179953098
0.06188295781612396
0.010378347709774971
0.02793046459555626
0.007083594333380461
0.0019497827161103487
0.01998402178287506
9.896020889282227
0.0474105142056942
0.007765362039208412
0.008835743181407452
5.94132870901376e-05
0.0023818810004740953
0.0005884255515411496
0.13678127527236938
0.007681192830204964
0.2525753974914551
0.007072991691529751
0.01081868726760149
0.020125502720475197
0.026320895180106163
0.009088913910090923
0.0693679228425026
0.06965315341949463
0.015835678204894066
0.01714075356721878
0.012642714194953442
0.013031468726694584
0.02964787557721138
0.18970121443271637
0.18018470704555511
0.011199777014553547
0.020254258066415787
0.00836525671184063
0.00864016730338335
0.006247127428650856
0.015522763133049011
0.0020892880856990814
0.005998736247420311
0.03226997330784798
0.016340088099241257
0.0658310279250145
0.003106888150796294
0.10343506187200546
0.009285161271691322
0.1504528522491455
0.29367712140083313
0.07495740056037903
0.22316229343414307
0.010438480414450169
0.024199947714805603
0.0219886377453804
0.008509154431521893
0.010976430959999561
0.07494360208511353
0.019633902236819267
0.01190398819744587
0.15528744459152222
0.11567579209804535
0.01390261109918356
0.08835741877555847
0.07125766575336456
0.0019547464326024055
0.027994617819786072
0.05099838227033615
0.05580826476216316
0.04429573565721512
0.08245668560266495
0.004902247805148363
0.005086674354970455
0.005011199042201042
0.05731189623475075
0.0687873363494873
0.03395867347717285
0.01184939220547676
0.07746300846338272
0.13247361779212952
0.18962256610393524
0.007652194704860449
0.01650973968207836
0.021847743541002274
0.2146388441324234
0.04010872542858124
0.004672764800488949
0.032271966338157654
0.15118657052516937
0.1055263802409172
0.009351097978651524
0.00615227734670043
0.059474680572748184
0.06930726766586304
0.09312000125646591
0.02818521112203598
0.007672952022403479
0.03138241544365883
0.07451740652322769
0.06224837154150009
0.0041104936972260475
0.052691034972667694
0.11184053122997284
0.005845691543072462
0.008035678416490555
0.16866900026798248
0.05312759801745415
0.010815232060849667
0.0645425096154213
0.10271748155355453
0.039471548050642014
0.019267018884420395
0.005448183044791222
0.020428335294127464
0.01901984214782715
0.0710650309920311
0.6679818034172058
0.0807320699095726
0.0969909057021141
0.00706136180087924
0.09455755352973938
0.0048732152208685875
0.13629093766212463
0.009787902235984802
0.003534180112183094
0.017025135457515717
0.03669688105583191
0.06664872169494629
0.012460037134587765
0.02984580770134926
0.010583801195025444
0.013163386844098568
0.06417092680931091
0.10930968821048737
0.05522766709327698
0.011627057567238808
0.0026871785521507263
0.009676254354417324
0.01408420316874981
0.09378348290920258
0.02022949419915676
0.04839995503425598
0.38146233558654785
0.01476101391017437
0.06602204591035843
0.17381635308265686
0.07116790860891342
0.11977442353963852
0.001182336127385497
0.008808184415102005
0.022772567346692085
0.09394586086273193
0.012922076508402824
0.19724102318286896
0.05959206074476242
0.033512432128190994
0.010608077980577946
0.023403776809573174
0.0018823633436113596
0.04799078032374382
0.07734489440917969
0.018489139154553413
0.005162516608834267
0.011026032269001007
0.15153169631958008
0.1220574826002121
0.011485212482511997
0.05549341067671776
0.005361942574381828
0.022530369460582733
0.01785941980779171
0.002950415015220642
0.017798082903027534
0.0032271319068968296
0.036115147173404694
0.01574091799557209
0.0042763762176036835
