0.060049064457416534
0.03917781263589859
0.017324555665254593
0.018397442996501923
0.02165095880627632
0.06745769828557968
0.03740200027823448
0.04538646340370178
0.016999762505292892
0.036024052649736404
0.022239159792661667
0.02263115718960762
0.028756998479366302
0.018390873447060585
0.025905299931764603
0.04638601094484329
0.03918880969285965
0.018099086359143257
0.06420718133449554
0.05178363248705864
0.20814549922943115
0.047020770609378815
0.016800731420516968
0.3767620623111725
0.23851263523101807
0.09297576546669006
0.044513408094644547
0.024855488911271095
0.0517248660326004
0.03711584210395813
0.029002103954553604
0.026853075250983238
0.26297247409820557
0.030362926423549652
0.5412059426307678
0.018008822575211525
0.022121552377939224
0.021146491169929504
0.07856841385364532
0.03029610775411129
0.0662025585770607
0.018047917634248734
0.07818692922592163
0.01625724509358406
0.019552292302250862
0.029091916978359222
0.02607436291873455
0.02184930257499218
0.0546945296227932
0.015820374712347984
0.026012929156422615
0.02321668341755867
0.02989383600652218
0.012038479559123516
0.0866110697388649
0.040902405977249146
0.026326138526201248
0.16301797330379486
0.06671519577503204
0.026270322501659393
0.05583851411938667
0.037357840687036514
0.017554983496665955
0.019997626543045044
0.04000173509120941
0.04705654829740524
0.030356040224432945
0.35793542861938477
0.050405628979206085
0.03949206322431564
0.02355216071009636
0.022568177431821823
0.05017246678471565
0.11853301525115967
0.04379338398575783
0.07452745735645294
0.030804432928562164
0.028561174869537354
0.2854660153388977
0.04175422340631485
0.04912060499191284
0.058943040668964386
0.042239073663949966
0.04575449600815773
0.026842452585697174
0.0786144882440567
0.10067084431648254
0.11182819306850433
0.029109174385666847
0.051197730004787445
0.0656009241938591
0.03970501199364662
0.016732584685087204
0.038895200937986374
0.03749328479170799
0.03506088629364967
0.02684488147497177
0.04525111988186836
0.031020352616906166
0.15090727806091309
0.03494521230459213
0.2653535008430481
0.03283312916755676
0.06178756803274155
0.032025739550590515
0.022023862227797508
0.03263391554355621
0.0242706798017025
0.06718435883522034
0.31595534086227417
0.051362309604883194
0.030651023611426353
0.03455882519483566
0.02810649201273918
0.04071282595396042
0.01671629399061203
0.051176682114601135
0.03744053468108177
0.02965964376926422
0.044471196830272675
0.041258737444877625
0.024771058931946754
0.022420449182391167
0.03312285989522934
0.020392214879393578
0.07388006150722504
0.030107945203781128
0.03014911152422428
0.03705548495054245
0.05138034373521805
0.05454413220286369
0.04352683573961258
0.05298057571053505
0.03889395296573639
0.04322598874568939
0.032826848328113556
0.03698820620775223
0.06144363060593605
0.06840458512306213
0.0897011011838913
0.056324638426303864
0.03455516695976257
0.19092810153961182
0.034509819000959396
0.055729057639837265
0.04454735293984413
0.03334178403019905
0.05766739696264267
0.05432618409395218
0.03454488515853882
0.04637611657381058
0.029968220740556717
0.3255825638771057
0.04249655082821846
0.055626995861530304
0.03772810474038124
0.03546601161360741
0.30210739374160767
0.030763041228055954
0.0473293662071228
0.05429070442914963
0.11498381942510605
0.027182888239622116
0.031311776489019394
0.033353541046381
0.06392014026641846
0.032267168164253235
0.05874738469719887
0.06121734529733658
0.067964568734169
0.08138865977525711
0.04266633093357086
0.04480469599366188
0.06318148970603943
0.029003102332353592
0.04612690955400467
0.04389133304357529
0.05399969220161438
0.15467499196529388
0.05629698932170868
0.04102345183491707
0.041074905544519424
0.04251563176512718
0.06848785281181335
0.03878546506166458
0.04577375203371048
0.04691886901855469
0.08047602325677872
0.0648651123046875
0.0366034209728241
0.0571197085082531
0.06978721171617508
0.012456880882382393
0.07079616189002991
0.015459133312106133
0.07262721657752991
0.02328447252511978
0.011603739112615585
0.0074544306844472885
0.005282347556203604
0.031086649745702744
0.04363933578133583
0.024115480482578278
0.007074957713484764
0.012458817102015018
0.07843191176652908
0.04142037034034729
0.031159106642007828
0.022755945101380348
0.024846933782100677
0.018368301913142204
0.01625131256878376
0.023818613961338997
0.007921080105006695
0.011662904173135757
0.015190687030553818
0.0038643984589725733
0.019958388060331345
0.029492074623703957
0.009169274009764194
0.08118865638971329
0.009926830418407917
0.012610270641744137
0.007093362510204315
0.008160189725458622
0.31072404980659485
0.008680043742060661
0.05713154003024101
0.01837962679564953
0.038704849779605865
0.020617986097931862
0.011795742437243462
0.006936399731785059
0.020513061434030533
0.014583174139261246
0.0064794812351465225
0.07528959214687347
0.005697066895663738
0.0110961077734828
0.03382004797458649
0.009647752158343792
0.012104623019695282
0.010537288151681423
0.01968967169523239
0.011467836797237396
0.004717392381280661
0.07966750115156174
0.008980890735983849
0.010741261765360832
0.003985890187323093
0.00977607537060976
0.009511202573776245
0.009371682070195675
0.07484740018844604
0.02685745432972908
0.06951352208852768
0.030207589268684387
0.05308789387345314
0.010990910232067108
0.03609656170010567
0.03096991404891014
0.009236099198460579
0.009477543644607067
0.010163388215005398
0.011839616112411022
0.014303157106041908
0.013208262622356415
0.051386814564466476
0.011614445596933365
0.07358037680387497
0.01063812430948019
0.025335129350423813
0.022749638184905052
0.01432227622717619
0.02473478391766548
0.3445335924625397
0.3048398494720459
0.033136334270238876
0.011726895347237587
0.017816172912716866
0.014305615797638893
0.02101597934961319
0.16724130511283875
0.016833316534757614
0.041873566806316376
0.014242595061659813
0.02250422164797783
0.589777946472168
0.006683327257633209
0.035811834037303925
0.023196186870336533
0.017688849940896034
0.030762897804379463
0.026101307943463326
0.023114606738090515
0.015244103968143463
0.14229455590248108
0.037385668605566025
0.012788739986717701
0.018800579011440277
0.011012599803507328
0.015858063474297523
0.03582773730158806
0.08848091959953308
0.11994818598031998
0.012507772073149681
0.05180637910962105
0.01648269221186638
0.01800551638007164
0.022007768973708153
0.06378018856048584
0.02344568446278572
0.03245481476187706
0.03572973608970642
0.020272938534617424
0.008342932909727097
0.06417771428823471
0.0881718322634697
0.029793383553624153
0.03153395280241966
0.006672201212495565
0.020602770149707794
0.012268786318600178
0.005838183686137199
0.01487178634852171
0.018248308449983597
0.011381709948182106
0.0072340695187449455
0.012536454014480114
0.007710218895226717
0.01274709589779377
0.014987525530159473
0.01811915822327137
0.053095344454050064
0.005859105847775936
0.015690701082348824
0.012298854067921638
0.008452323265373707
0.005637870170176029
0.014847900718450546
0.011954535730183125
0.008088609203696251
0.01891596056520939
0.017691096290946007
0.013053810223937035
0.01016505341976881
0.00844139326363802
0.01773160696029663
0.00571222510188818
0.00592701556161046
0.006311386823654175
0.022197101265192032
0.007460650056600571
0.11869844049215317
0.006602110341191292
0.016575271263718605
0.020770199596881866
0.024056799709796906
0.1027294397354126
0.010161297395825386
0.0052694883197546005
0.013464530929923058
0.014104925096035004
0.005491104908287525
0.005689628422260284
0.014959407970309258
0.009713299572467804
0.006607248447835445
0.005308067891746759
0.00631547998636961
0.03178153187036514
0.01863357611000538
0.00530041242018342
0.006384122185409069
0.02430688589811325
0.015077571384608746
0.018333066254854202
0.032945599406957626
0.005344128701835871
0.011211967095732689
0.005745748523622751
0.01953117549419403
0.012084100395441055
0.0038022310473024845
0.026640677824616432
0.015364266000688076
0.051409199833869934
0.023835493251681328
0.025042444467544556
0.08841098845005035
0.11858130991458893
0.02654850482940674
0.03938698023557663
0.02519921399652958
0.06668965518474579
0.030649784952402115
0.46386292576789856
0.028846047818660736
0.033175624907016754
0.020555054768919945
0.025686973705887794
0.021854931488633156
0.14710019528865814
0.028000539168715477
0.09976036846637726
0.041841257363557816
0.06736449152231216
0.03867365047335625
0.02307642251253128
0.5027235150337219
0.051637519150972366
0.026769299060106277
0.019029034301638603
0.02806767076253891
0.08186651021242142
0.032638903707265854
0.05463264882564545
0.015042487531900406
0.02278912626206875
0.019382189959287643
0.07456938177347183
0.03881358727812767
0.025080982595682144
0.050169508904218674
0.05104959011077881
0.02682344615459442
0.035861194133758545
0.029593603685498238
0.10163871198892593
0.0236823633313179
0.015099000185728073
0.027050836011767387
0.17617297172546387
0.022324830293655396
0.024297401309013367
0.014131900854408741
0.02975613623857498
0.09535256773233414
0.018209073692560196
0.039717935025691986
0.017500005662441254
0.026784643530845642
0.029784906655550003
0.02991793304681778
0.032370805740356445
0.032351359724998474
0.21541181206703186
0.068117156624794
0.10642626136541367
0.047510597854852676
0.026580538600683212
0.03880000114440918
0.09298200160264969
0.05503172427415848
0.04332559555768967
0.06488282978534698
0.056628696620464325
0.07383693009614944
0.03484988585114479
0.17970195412635803
0.053250037133693695
0.29470592737197876
0.028895771130919456
0.07364897429943085
0.052062757313251495
0.03378048911690712
0.08131695538759232
0.0536065474152565
0.06206740066409111
0.026642771437764168
0.1657736599445343
0.4353666305541992
0.04627720266580582
0.06652063876390457
0.05758928507566452
0.04196920990943909
0.03747037053108215
0.027304332703351974
0.04138397425413132
0.11804719269275665
0.09715165942907333
0.04351207613945007
0.04409551993012428
0.03727493807673454
0.046189308166503906
0.07229720801115036
0.032343488186597824
0.05494637414813042
0.06117553636431694
0.07878995686769485
0.0406951867043972
0.056266069412231445
0.03083038702607155
0.043240465223789215
0.07591509073972702
0.06827204674482346
0.04128482565283775
0.05552658811211586
0.05877353996038437
0.09482474625110626
0.03988232463598251
0.04073043167591095
0.04031497985124588
0.08341052383184433
0.125213623046875
0.05239030718803406
0.040027569979429245
0.07553883641958237
0.0587894469499588
0.4105791449546814
0.05627671256661415
0.05314035713672638
0.015882296487689018
0.01081308163702488
0.010437914170324802
0.010214703157544136
0.014452341943979263
0.028695862740278244
0.012475617229938507
0.015847228467464447
0.02217061258852482
0.31158536672592163
0.018296649679541588
0.010689277201890945
0.009092617779970169
0.009908041916787624
0.013426737859845161
0.012668994255363941
0.3788120150566101
0.03315580263733864
0.15671411156654358
0.0200655534863472
0.018684159964323044
0.014391585253179073
0.02202088199555874
0.03937086835503578
0.02214042842388153
0.017057789489626884
0.00925062969326973
0.01453652698546648
0.028292622417211533
0.009608708322048187
0.0462968572974205
0.014772631227970123
0.01342800073325634
0.016844099387526512
0.1869683563709259
0.012288241647183895
0.02671704813838005
0.008218876086175442
0.020430779084563255
0.013709433376789093
0.02257520891726017
0.04513850063085556
0.016618000343441963
0.01501370221376419
0.011058736592531204
0.006681729573756456
0.05370435118675232
0.107181616127491
0.014448246918618679
0.010264351963996887
0.03254010155797005
0.01829921267926693
0.019947364926338196
0.012249278835952282
0.020773500204086304
0.014570432715117931
0.021531594917178154
0.021034643054008484
0.47539764642715454
0.015486158430576324
0.008247897028923035
0.05212186649441719
0.028075965121388435
0.16738371551036835
0.05495133996009827
0.042558107525110245
0.04800385236740112
0.058454304933547974
0.06906727701425552
0.03117057867348194
0.05924452096223831
0.05633671209216118
0.05328115448355675
0.049550995230674744
0.09804163128137589
0.05330546945333481
0.054281942546367645
0.16304413974285126
0.05931660532951355
0.07492288947105408
0.054755087941884995
0.18597818911075592
0.07703140377998352
0.14681166410446167
0.08268067240715027
0.07071997225284576
0.04668595641851425
0.0630471259355545
0.031472016125917435
0.16336415708065033
0.04436914995312691
0.03662392124533653
0.05256368964910507
0.07698798179626465
0.03575209155678749
0.052503690123558044
0.04826889932155609
0.03669702634215355
0.06510733813047409
0.06523551046848297
0.06942350417375565
0.05381367355585098
0.08206367492675781
0.22552776336669922
0.04109162092208862
0.040283579379320145
0.0842132717370987
0.040505774319171906
0.05196304991841316
0.0421014279127121
0.03342451900243759
0.0667581558227539
0.09510239213705063
0.05076779052615166
0.03541427105665207
0.05820285901427269
0.03598830848932266
0.06664957851171494
0.06416621804237366
0.06144239008426666
0.04992818087339401
0.0527365505695343
0.06612065434455872
0.04392056167125702
0.031179416924715042
0.03975879028439522
0.04747563600540161
0.054861366748809814
0.03917818143963814
0.019564319401979446
0.02601422369480133
0.03832182288169861
0.014733409509062767
0.050658874213695526
0.04406457766890526
0.026118183508515358
0.033192865550518036
0.04233101010322571
0.06698974221944809
0.033810436725616455
0.20442865788936615
0.033824771642684937
0.038322336971759796
0.025861715897917747
0.02943871170282364
0.03163352236151695
0.020928367972373962
0.016304895281791687
0.06826689094305038
0.027444643899798393
0.025593595579266548
0.021382316946983337
0.03138721361756325
0.019855637103319168
0.0188100878149271
0.018434936180710793
0.020443005487322807
0.019656721502542496
0.022811155766248703
0.04682327061891556
0.019041066989302635
0.038330916315317154
0.018963638693094254
0.017224371433258057
0.035895612090826035
0.014001875184476376
0.02645232528448105
0.05294860154390335
0.025588393211364746
0.021611452102661133
0.01328481175005436
0.017110398039221764
0.01730005256831646
0.046741776168346405
0.0242810919880867
0.025105049833655357
0.03931726515293121
0.07160104811191559
0.02717377245426178
0.025338828563690186
0.023978544399142265
0.024384930729866028
0.02503982186317444
0.02484319545328617
0.03419117629528046
0.06915632635354996
0.02402379922568798
0.03921188786625862
0.039641641080379486
0.024090703576803207
0.026271292939782143
0.020684864372015
0.057275138795375824
0.04363091662526131
0.04212433099746704
0.0348801463842392
0.03746074065566063
0.04056709259748459
0.029984712600708008
0.04089342802762985
0.03301891312003136
0.025791406631469727
0.034442104399204254
0.024783508852124214
0.40746986865997314
0.03949335590004921
0.1527121365070343
0.03912552818655968
0.058237992227077484
0.041275423020124435
0.0391487181186676
0.035995740443468094
0.05138619244098663
0.04924784228205681
0.030967146158218384
0.03806266561150551
0.04395550489425659
0.036214590072631836
0.03561188653111458
0.042539022862911224
0.07488775253295898
0.08276382833719254
0.08164163678884506
0.10658491402864456
0.05418309196829796
0.03163547441363335
0.031051281839609146
0.03319117799401283
0.04508653283119202
0.18193557858467102
0.03855520486831665
0.03398710861802101
0.04207911342382431
0.046815045177936554
0.036055631935596466
0.04511132463812828
0.03233552724123001
0.04034649208188057
0.30512577295303345
0.0997719094157219
0.03922213613986969
0.1258372664451599
0.051016926765441895
0.06975211948156357
0.0328981839120388
0.03603115677833557
0.049469705671072006
0.06309735774993896
0.05640406534075737
0.05324013903737068
0.03138003125786781
0.0678955689072609
0.03318649157881737
0.05122704431414604
0.0487142875790596
0.06900665163993835
