1.0686837434768677
1.3321982622146606
0.7262855768203735
0.7308496832847595
1.0288630723953247
1.6855419874191284
1.0236732959747314
1.0672149658203125
1.7024320363998413
0.8700511455535889
0.8970295190811157
1.5068273544311523
1.0515198707580566
1.0562102794647217
1.3056389093399048
1.0445555448532104
2.4462668895721436
1.0940375328063965
1.1094157695770264
1.8819806575775146
0.8580656051635742
0.9826898574829102
1.778175711631775
0.8493075966835022
0.9013999104499817
1.0517655611038208
0.8153561353683472
0.9680386781692505
0.9492138624191284
1.530639886856079
1.2280654907226562
1.088956356048584
1.6182034015655518
1.1367087364196777
1.8782155513763428
1.5372657775878906
0.7590160965919495
1.0597708225250244
0.7370976209640503
0.9227643609046936
0.9227892756462097
0.7915308475494385
0.9537187814712524
0.9430513978004456
0.950341522693634
0.808800995349884
0.6858434081077576
14.154284477233887
1.1924018859863281
0.9707481265068054
1064.8671875
2.4106969833374023
1.8781208992004395
0.9273924827575684
1.1818008422851562
1.1508111953735352
1.2134835720062256
0.9066154360771179
0.9030575752258301
1.1100248098373413
9.004792213439941
0.824324905872345
1.5831825733184814
1.5650571584701538
0.9939486980438232
1.3011212348937988
1.304680585861206
0.7193390130996704
0.9897732734680176
1.354116678237915
0.8453293442726135
1.099778413772583
0.8606522083282471
1.4348204135894775
0.6994469165802002
0.8107990026473999
0.8595389127731323
0.8777465224266052
1.0339317321777344
0.8023964166641235
1.2968862056732178
1.3493186235427856
1.2960665225982666
1.5551890134811401
0.9434066414833069
1.007015347480774
1.0170693397521973
1.0718271732330322
0.8624602556228638
1.102841854095459
1.393613576889038
1.0106807947158813
8.823629379272461
0.9181727170944214
0.7831347584724426
0.9249036312103271
0.7814251184463501
10.431156158447266
1.5589780807495117
5.784603118896484
1.0669989585876465
0.9881124496459961
1.5986299514770508
0.8677167296409607
1.2689474821090698
1.3674514293670654
1.30857253074646
1.317995548248291
1.5100831985473633
1.0098609924316406
0.9353054165840149
0.970839262008667
0.8814774751663208
0.8390989899635315
1.2013925313949585
0.9824905395507812
0.8778907060623169
1.4324960708618164
1.1670042276382446
0.8384190797805786
0.8199722766876221
1.7673908472061157
0.86220383644104
1.4268821477890015
1.0288386344909668
1.0860430002212524
3.490086555480957
0.9092568159103394
79.4336166381836
1.2605894804000854
0.888878345489502
1.5367674827575684
1.4086480140686035
1.1475168466567993
0.9621077179908752
1.184719443321228
1.1172478199005127
0.7947934865951538
0.8149834275245667
0.9874266982078552
1.2288345098495483
1.0556843280792236
1.0694595575332642
0.9696587920188904
23.75230598449707
1.8163453340530396
1.7311384677886963
1.3494548797607422
0.9500176906585693
2.1192548274993896
0.7236635088920593
0.866197943687439
1.5567678213119507
1.538017749786377
1.449048638343811
0.7653485536575317
0.8806957006454468
0.7812238931655884
1.076865315437317
1.3964489698410034
1.3993592262268066
0.8974756598472595
1.771071195602417
1.2794270515441895
0.8429816961288452
1.2416841983795166
1.6782692670822144
1.2570176124572754
1.1512643098831177
1.343934416770935
1.1517140865325928
1.425964593887329
1.0439014434814453
1.3579459190368652
0.9376687407493591
0.9380147457122803
1.3694899082183838
1.949329137802124
1.2884501218795776
1.3092708587646484
1.6035674810409546
1.0839765071868896
1.0341856479644775
0.927939236164093
1.1001664400100708
1.373583436012268
1.374106764793396
0.9909870028495789
1.0085570812225342
0.8629106283187866
1.2849342823028564
1.0837551355361938
112.29731750488281
0.81705641746521
1.1835287809371948
1.413825511932373
0.8609604239463806
1.1382631063461304
13.45499038696289
0.8379888534545898
0.6613866090774536
1.455291509628296
0.8545162677764893
0.8001959323883057
1.077598214149475
0.9121633172035217
1.5348507165908813
1.2676997184753418
1.3045573234558105
1.3907650709152222
1.4392980337142944
1.2132539749145508
0.8596280813217163
0.95513516664505
0.9313191771507263
0.975037157535553
1.0569008588790894
0.7860537171363831
1.0082014799118042
1.5705913305282593
0.960552453994751
0.8560585379600525
1.076582431793213
1.188816785812378
0.9813668131828308
1.3532845973968506
1.5969401597976685
1.091041088104248
0.9688131213188171
18.762916564941406
1.1846638917922974
1.2667144536972046
0.8874205946922302
3.2790122032165527
0.9682332873344421
1.468985676765442
1.4555250406265259
1.9052691459655762
0.9356275796890259
0.9283380508422852
1.0030752420425415
0.8465224504470825
0.8585073947906494
0.7829674482345581
1.1831724643707275
1.4024003744125366
0.8751919269561768
0.8208580017089844
1.1965619325637817
1.4039610624313354
4.180005073547363
1.3456875085830688
0.8865208625793457
0.7985885739326477
0.8402470350265503
0.9808089137077332
1.658151626586914
1.59873628616333
0.8427448272705078
1.2039434909820557
1.0640549659729004
0.9836376905441284
27.708675384521484
1288.1387939453125
1.4428410530090332
0.8863025903701782
1.0669623613357544
1.034802794456482
1.4780977964401245
0.8993919491767883
1.425540566444397
1.3805294036865234
1.239432454109192
1.3468868732452393
24.720535278320312
1.3296427726745605
0.954812228679657
0.8168356418609619
0.8508626222610474
1.6146633625030518
0.7994704842567444
1.280082106590271
0.7042966485023499
1.045767903327942
33.368587493896484
1.2818390130996704
1.178351640701294
1.3530255556106567
1.0929256677627563
34.86609649658203
1.1212774515151978
1.1378824710845947
0.9856274127960205
1.2291243076324463
1.8732192516326904
0.8355332016944885
0.8654357194900513
1.8526126146316528
1.3284257650375366
1.560357928276062
0.8136842250823975
0.9261663556098938
1.2641537189483643
11.612752914428711
18.160076141357422
0.8224964737892151
1.2842497825622559
0.7978222370147705
1.0107266902923584
0.8629945516586304
0.9496529698371887
1.1270248889923096
12.129850387573242
1.2504726648330688
1.3358014822006226
1.1546508073806763
1.1587769985198975
0.8130781054496765
0.8366739153862
0.7645958662033081
1.148614764213562
3.877415418624878
1.3907310962677002
1.2902672290802002
3.1885993480682373
0.828194797039032
0.9440348148345947
0.9925664663314819
1.128499150276184
0.8336385488510132
1.1384320259094238
0.8459265232086182
1.3482699394226074
1.5245168209075928
1.3597047328948975
1.2683500051498413
1.9202080965042114
0.9708291292190552
4.852465629577637
0.8815609216690063
0.8606255650520325
0.953546404838562
1.022849440574646
0.9710372686386108
0.8895993232727051
3.2078514099121094
1.0060821771621704
1.587007999420166
0.9482460021972656
2.1682658195495605
1.1951563358306885
1.0104296207427979
0.9196580052375793
0.8461561799049377
0.9969282746315002
4.241419792175293
0.8594121336936951
0.7339526414871216
0.8570008277893066
1.5507385730743408
0.7924518585205078
1.266448736190796
1.0968682765960693
1.501604437828064
1.2795900106430054
0.9082885384559631
1.0448596477508545
1.331102728843689
0.6601429581642151
6.480119705200195
0.9029982686042786
1.509013295173645
1.6907848119735718
1.3097010850906372
1.1530095338821411
0.985880434513092
0.9614836573600769
1.1492671966552734
1.3121273517608643
1.4644243717193604
1.418507695198059
1.2396504878997803
1.0139193534851074
1.3059285879135132
0.7677298784255981
0.8234032392501831
1.0011507272720337
1.0083825588226318
0.9432794451713562
0.8420289158821106
1.0222522020339966
0.8872923254966736
0.8598763942718506
1.3880571126937866
1.6483936309814453
1.0186443328857422
1.3361214399337769
1.124997615814209
1.0947694778442383
0.9971449375152588
0.9220858216285706
2.7291107177734375
1.286240577697754
1.2082732915878296
1.1052943468093872
2.2566778659820557
1.0844109058380127
0.7887070775032043
0.8133975267410278
3.5520124435424805
0.8531542420387268
0.8428007960319519
1.0078754425048828
0.7422264814376831
1.1364030838012695
1.0231873989105225
0.9033527374267578
0.9320224523544312
0.97004234790802
1.0087909698486328
0.8540334701538086
13.122614860534668
1.0090947151184082
0.9665703773498535
1.1240310668945312
0.973141074180603
0.9675425291061401
1.0032933950424194
5.629458427429199
1.1298524141311646
11.17676067352295
12.250890731811523
0.886298656463623
0.9181230664253235
3.02923583984375
2.6572251319885254
0.8900845050811768
0.8714138269424438
1.3097716569900513
0.7711936235427856
1.126999855041504
1.0634715557098389
1.0458033084869385
1.3240678310394287
1.0197128057479858
0.951262891292572
1.0923831462860107
0.9879487156867981
0.7634949088096619
1.4411293268203735
28.74394416809082
1.078800082206726
0.9015559554100037
1.008777379989624
0.8436920642852783
2.3329436779022217
0.9656251072883606
0.8199596405029297
0.9364975690841675
1.3552225828170776
1.0425976514816284
1.094085454940796
1.3373106718063354
0.7922980785369873
1.1372060775756836
0.7205023169517517
0.9486388564109802
0.6835649609565735
1.1616380214691162
1.295617699623108
0.8357721567153931
1.3527803421020508
663.6898803710938
1.5394326448440552
0.753409206867218
1.3267556428909302
1.2589691877365112
0.8265447616577148
1.0219378471374512
1.155967354774475
1.1681697368621826
1.1731046438217163
1.260050892829895
0.7445452809333801
0.9371708035469055
5.907954216003418
1.2882143259048462
1.4098601341247559
1.042733907699585
1.002488136291504
0.8962615728378296
0.9194893836975098
0.9768372774124146
1.71176016330719
0.9101709127426147
0.757433295249939
4.36479377746582
1.2139827013015747
0.9682909250259399
0.9212535619735718
0.8206595182418823
0.9721911549568176
1.1424782276153564
1.0431537628173828
1.007403016090393
1.3153802156448364
0.785523533821106
1.3142057657241821
0.9955806732177734
0.8830096125602722
1.0728232860565186
0.7506821751594543
0.7607481479644775
1.0426852703094482
0.986599862575531
1.4820082187652588
0.9672038555145264
34.90762710571289
0.7966724038124084
41.367820739746094
0.9193505644798279
0.8046709299087524
1.121949315071106
0.9404520392417908
1.0239372253417969
1.4907312393188477
1.4967536926269531
0.739600419998169
1.2720327377319336
1.1068145036697388
0.8808436989784241
1.073792815208435
0.7021738886833191
0.933295488357544
0.8179152011871338
0.7932811379432678
1.3190138339996338
0.8734630942344666
1.0901572704315186
0.8903160691261292
0.9665567874908447
1.648859977722168
1.3885657787322998
1.152230143547058
0.8731541633605957
1.1859899759292603
0.9355490207672119
1.4161800146102905
0.8050855398178101
0.8705320954322815
0.9749688506126404
0.6121005415916443
1.5401456356048584
1.2672537565231323
0.9207054376602173
1.1998252868652344
0.8675525188446045
1.0183815956115723
0.9176056385040283
0.7989436388015747
1.0121952295303345
1.0883197784423828
0.750259518623352
8.825349807739258
1.134984016418457
1.1035666465759277
0.9095556139945984
0.6108845472335815
1.0234453678131104
0.9724818468093872
1.0924257040023804
0.7700483798980713
1.057166576385498
1.4520697593688965
1.277366280555725
0.8433245420455933
1.8886754512786865
1.2635818719863892
1.212493896484375
0.7563992738723755
0.9399659633636475
1.0071415901184082
0.990390956401825
0.819301187992096
1.036302924156189
1.3265191316604614
0.9499825835227966
1.671275019645691
1.1855659484863281
1.21292245388031
1.364797592163086
0.8982974290847778
1.547234296798706
1.246541976928711
1.4285955429077148
0.6735793948173523
1.1841182708740234
1.591530203819275
2.2016899585723877
1.6286594867706299
1.048110008239746
0.7932716608047485
1.1817811727523804
1.2859079837799072
1.0465991497039795
1.1573419570922852
1.077996850013733
1.3314180374145508
1.2422147989273071
0.7986226677894592
0.9107193946838379
0.9937037229537964
1.1189390420913696
0.8510820269584656
1.3474245071411133
1.3199446201324463
0.985916793346405
0.8709296584129333
0.7703365683555603
1.4326715469360352
0.8445355296134949
1.563583493232727
1.6869056224822998
0.8554436564445496
0.86737060546875
0.965276300907135
0.8765997290611267
0.985276460647583
1.05809485912323
1.3180540800094604
1.6953253746032715
1.522938847541809
1.2272437810897827
0.7070750594139099
0.9072633385658264
1.9047555923461914
1.106365442276001
0.9056962728500366
0.8370392322540283
0.8860169649124146
0.8466449975967407
0.9766581654548645
1.1995798349380493
1.210692048072815
0.9227702617645264
1.193434715270996
1.3553235530853271
0.9079150557518005
0.9777522087097168
0.8519728183746338
0.9668393731117249
0.8849995732307434
1.050321340560913
0.9554077982902527
1.1625738143920898
0.7438029646873474
0.8936011791229248
2.989975929260254
0.8913516402244568
0.9952840805053711
0.6464333534240723
0.8958478569984436
13.079875946044922
0.8772704601287842
1.1638712882995605
1.1492842435836792
1.3040777444839478
0.9054522514343262
0.7371158599853516
0.9788981676101685
0.7003491520881653
3.7999677658081055
1.6688209772109985
0.9198974967002869
0.9661225080490112
0.9018474221229553
0.8194469809532166
0.8366365432739258
0.8213024735450745
1.5978139638900757
0.9088969230651855
1.3404072523117065
1.241029977798462
1.0123118162155151
0.8257743120193481
0.8093997836112976
0.7950133085250854
0.9737693071365356
1.1909005641937256
1.3538435697555542
1.238582968711853
1.279597282409668
1.0313814878463745
1.0231062173843384
1.1775034666061401
1.0028331279754639
1.0914992094039917
0.9174041152000427
0.8815732598304749
1.500095248222351
0.6579104661941528
0.993015706539154
0.716572105884552
0.7912764549255371
1.2517805099487305
1.1945768594741821
1.1138584613800049
0.8909246325492859
0.9197563529014587
0.8996868133544922
0.9685173630714417
0.8362775444984436
1.2436535358428955
0.9672823548316956
1.5707741975784302
1.3649945259094238
7.522018909454346
0.9573655128479004
0.9086810350418091
1.1366487741470337
0.8420407772064209
10.641000747680664
1.1604986190795898
1.059257984161377
0.9556066393852234
0.9207236170768738
1.0826072692871094
0.6918869614601135
1.002700686454773
0.8448697924613953
0.8553310632705688
0.7966641783714294
1.1852632761001587
2.083144187927246
1.07313072681427
0.9668117761611938
1.2772080898284912
1.202290654182434
0.9933938980102539
1.1908073425292969
0.7101965546607971
1.4860796928405762
1.2240281105041504
1.135010004043579
1.0841093063354492
0.8763220310211182
1.1965363025665283
1.9011067152023315
11.627686500549316
1.4716217517852783
1.0727664232254028
0.9850771427154541
1.5059831142425537
1.0377119779586792
1.1472132205963135
0.8448402285575867
2.7801754474639893
1.316821813583374
0.7500040531158447
3.0418813228607178
0.8184458017349243
1.4174981117248535
3.895746946334839
1.1268609762191772
0.9350846409797668
0.794918954372406
1.4604833126068115
1.398086428642273
