0.06993726640939713
0.05950932204723358
0.06475058197975159
0.06597210466861725
0.04758802428841591
0.053920064121484756
0.06528392434120178
0.07139803469181061
0.052470576018095016
0.054236751049757004
0.06727096438407898
0.05025577172636986
0.10260268300771713
0.06173214316368103
0.05139097943902016
0.07407714426517487
0.06928914785385132
0.0692918449640274
0.059968315064907074
0.07631297409534454
0.04054960981011391
0.07892114669084549
0.07213060557842255
0.057492636144161224
0.0558684766292572
0.07133849710226059
0.06686241924762726
0.059491656720638275
0.06567680835723877
0.07466254383325577
0.06904134154319763
0.6330564022064209
0.06521695852279663
0.10453566908836365
0.05490446835756302
0.06209500506520271
0.07153511792421341
0.7299603819847107
0.07812047749757767
0.05326487869024277
0.05787317082285881
0.06961436569690704
0.09188685566186905
0.0713757574558258
0.06281457841396332
0.060258712619543076
0.07448611408472061
0.05485846474766731
0.04929942637681961
0.06536759436130524
0.0628679096698761
0.054483264684677124
0.09471670538187027
0.06666716188192368
0.0754365622997284
0.06027868017554283
0.05223948881030083
0.11351053416728973
0.10803259909152985
0.06610293686389923
0.06483905017375946
0.06546825915575027
0.05589037016034126
0.055812593549489975
0.06386049091815948
0.07039882242679596
0.06893028318881989
0.08213113248348236
0.06924515962600708
0.1585543304681778
0.08908983319997787
0.06182832643389702
0.08269583433866501
0.0674372985959053
0.07757673412561417
1.2606019973754883
0.0787331610918045
0.06954766064882278
0.06779403984546661
0.0555194616317749
0.08035479485988617
0.07224167138338089
0.07981860637664795
0.09911095350980759
0.07492835074663162
0.16038665175437927
0.06636831164360046
0.07304025441408157
0.08303326368331909
0.07099802047014236
0.0646071508526802
0.06692705303430557
0.07947326451539993
0.060870710760354996
0.0731314942240715
0.08187639713287354
0.09091611951589584
0.057569775730371475
0.06720652431249619
0.11436626315116882
0.059949006885290146
0.06498529016971588
0.0766897052526474
0.06342106312513351
0.07442635297775269
0.0819469541311264
0.07875712215900421
0.06704463064670563
0.07292164117097855
0.07232687622308731
0.07687094807624817
0.07453758269548416
0.07242868840694427
0.06275952607393265
0.07157567888498306
0.06291508674621582
0.07490234822034836
0.0761350765824318
0.060913801193237305
0.4959603250026703
0.0712413489818573
0.09352770447731018
0.06425351649522781
0.06294245272874832
0.0709138959646225
0.06759104877710342
0.0810728669166565
0.07799462974071503
0.11142176389694214
0.06646634638309479
0.07355065643787384
0.0799337849020958
0.07236155867576599
0.07130450010299683
0.11545664817094803
0.09933234751224518
0.07163700461387634
0.08685994148254395
0.09688131511211395
1.1548025608062744
0.07772152125835419
0.05147978290915489
0.1526441127061844
0.10903709381818771
0.11844296008348465
0.09382369369268417
0.12416139245033264
0.09039877355098724
0.10787692666053772
0.07741679251194
0.0843031108379364
0.11211775243282318
0.07489436119794846
0.08294490724802017
0.08977854996919632
0.07493795454502106
0.0719425231218338
0.08309226483106613
0.07433632016181946
0.08127004653215408
0.0498921275138855
0.10634582489728928
0.06364806741476059
0.07183565944433212
0.9345109462738037
0.11535626649856567
0.10456772148609161
0.07419491559267044
0.0744662880897522
0.08864349126815796
0.0980476588010788
0.07612805813550949
0.08588511496782303
0.06424334645271301
0.12054700404405594
0.08015535771846771
0.10266590118408203
0.06493117660284042
0.086821049451828
0.06659957766532898
0.07306558638811111
0.08933883905410767
0.07466421276330948
0.09517531096935272
0.0798405334353447
0.096425861120224
0.08440378308296204
0.09829579293727875
0.06624539196491241
0.07226231694221497
0.08911612629890442
0.09027566015720367
0.10037244856357574
0.07026570290327072
0.07041185349225998
0.09372895210981369
0.07469029724597931
0.09309521317481995
0.05900721997022629
0.08023495972156525
0.05653369054198265
0.08203163743019104
0.06668475270271301
0.06847051531076431
0.05909261479973793
0.07656668871641159
0.0767243355512619
0.09595184773206711
0.06064204126596451
0.0549374520778656
0.06516445428133011
0.06321115046739578
0.05659346282482147
0.06736709177494049
0.06902895122766495
0.07262223213911057
0.09745986759662628
0.05636988580226898
0.18199467658996582
0.09637123346328735
0.06024477630853653
0.054901234805583954
0.08830366283655167
0.07047049701213837
0.0695037767291069
0.08257859200239182
0.06271889805793762
0.0746668353676796
0.529487669467926
0.07528283447027206
0.08576033264398575
0.07266201078891754
0.06397193670272827
0.0640954002737999
0.07780525088310242
0.08066485822200775
0.08008548617362976
0.0688469409942627
0.6692827939987183
0.08488903939723969
0.07210749387741089
0.047170352190732956
0.07422944903373718
0.05591639131307602
0.06671440601348877
0.0869380459189415
0.1778343766927719
0.06386533379554749
0.06982441246509552
0.04703325033187866
0.08451773226261139
0.106772780418396
0.08246727287769318
0.058371998369693756
0.057841040194034576
0.06347213685512543
0.07644590735435486
0.06916140764951706
0.0512978620827198
0.3690451979637146
0.056319963186979294
0.05749281868338585
0.056355420500040054
0.053933680057525635
0.0646040067076683
0.07349613308906555
0.08090457320213318
0.06299048662185669
0.07616786658763885
0.06176251545548439
0.08489324152469635
0.053506799042224884
0.06253108382225037
0.06334269046783447
0.06376811116933823
0.6561563611030579
0.12141166627407074
0.07741593569517136
0.11522427201271057
0.05952132120728493
0.07958406955003738
0.0656798928976059
0.062376901507377625
0.06421533972024918
0.05945936217904091
0.10065057873725891
0.06273351609706879
0.06478600949048996
0.07251131534576416
0.056793808937072754
0.0698157474398613
0.055786047130823135
0.0703987330198288
0.07803253829479218
0.08346274495124817
0.05360007286071777
0.07626566290855408
0.06394782662391663
0.06777337938547134
0.0716392919421196
0.08327634632587433
0.06642916798591614
0.07243180274963379
0.04760807007551193
0.06198938935995102
0.06061926111578941
0.04874706268310547
0.07604814320802689
0.06782922148704529
0.05359504744410515
0.06560494005680084
0.054982542991638184
0.05717328190803528
0.053748197853565216
0.06214871257543564
0.049724798649549484
0.05665948987007141
0.06981658935546875
1.1780668497085571
0.0766114592552185
0.03628792241215706
0.04341774806380272
0.035448141396045685
0.042091064155101776
0.04670705646276474
0.048494353890419006
0.04705780744552612
0.05175795033574104
0.04152672365307808
0.03730354830622673
0.05016440898180008
0.042788900434970856
0.05187372863292694
0.0531635507941246
0.051763806492090225
0.200398787856102
0.04361826926469803
0.04759383946657181
0.05421556532382965
0.04451334476470947
0.036256708204746246
0.04161578044295311
0.038981225341558456
0.0474688746035099
0.07498180121183395
0.05516808480024338
0.052244264632463455
0.045645102858543396
0.047931477427482605
0.048811834305524826
0.057450663298368454
0.04600919410586357
0.048530641943216324
0.05798026919364929
0.0609341524541378
0.060499779880046844
0.050415780395269394
0.05193232744932175
0.08334312587976456
0.03852276876568794
0.037702515721321106
0.05110204964876175
0.039245523512363434
0.043272797018289566
0.049809545278549194
0.0474260039627552
0.05818456783890724
0.0489998422563076
0.03139859065413475
0.05621981993317604
0.04104901850223541
0.04326891154050827
0.03855261206626892
0.05076388642191887
0.05645452439785004
0.04600607603788376
0.03727445751428604
0.05102822184562683
0.037956930696964264
0.04190048202872276
0.057120662182569504
0.49428796768188477
0.4402586817741394
0.04680429399013519
0.09623055905103683
0.07854287326335907
0.08830839395523071
0.07732391357421875
0.1346357762813568
0.10048109292984009
0.09635113179683685
0.06811029464006424
0.08309424668550491
0.0932912677526474
0.12179677188396454
0.09458362311124802
0.1055164784193039
0.10977207124233246
0.11642246693372726
0.07930406928062439
0.10385581851005554
0.11176594346761703
0.11517795920372009
0.09854848682880402
0.12046228349208832
0.08376259356737137
0.11485272645950317
0.0950176790356636
0.09066585451364517
0.08409016579389572
0.18056157231330872
0.11526639759540558
0.09102241694927216
0.08973758667707443
0.1004757508635521
0.10572361946105957
0.08378875255584717
0.07981642335653305
0.9524688720703125
0.0809909999370575
0.07403496652841568
0.09909777343273163
0.07415667176246643
0.11341741681098938
0.09899201989173889
0.08562283962965012
0.11556605249643326
0.10084459185600281
0.11610202491283417
0.0683639794588089
0.09698325395584106
0.097615547478199
0.10608135163784027
0.09555293619632721
0.10330921411514282
0.10124943405389786
0.09675700962543488
0.09915293008089066
0.12726670503616333
0.09537253528833389
0.09021158516407013
0.0749826729297638
0.10048855096101761
0.09070812165737152
0.07600776106119156
0.07958729565143585
0.45392560958862305
0.10705612599849701
0.06406711041927338
0.14152811467647552
0.07598957419395447
0.0893695130944252
0.09401406347751617
0.06800398975610733
0.08773097395896912
0.07059367746114731
0.07760968804359436
0.08934372663497925
0.5586205720901489
0.07254260778427124
0.07679282128810883
0.05422995239496231
0.08384070545434952
0.06581851840019226
0.0892067402601242
0.05666923522949219
0.15605436265468597
0.5520794987678528
0.08355384320020676
0.07208714634180069
0.08894193917512894
0.05248476564884186
0.08113853633403778
0.05749446153640747
0.06999054551124573
0.07271573692560196
0.06721356511116028
0.12173070013523102
0.08893108367919922
0.15650296211242676
0.08038657903671265
0.10079597681760788
0.08722291141748428
0.08771132677793503
0.11360917240381241
0.08351928740739822
0.05678149312734604
0.07598081976175308
0.1015559732913971
0.14298516511917114
0.0683099627494812
0.07826050370931625
0.06885016709566116
0.08724308758974075
0.06575225293636322
0.059380777180194855
0.07353439927101135
0.08661878108978271
0.053015440702438354
0.07953634113073349
0.08256939798593521
0.09266816079616547
0.08589404821395874
0.06618703901767731
0.057013802230358124
0.07611023634672165
0.05781529098749161
0.06222562491893768
0.08609393239021301
0.07664467394351959
0.09351956844329834
0.08401625603437424
0.08699703961610794
0.08641719073057175
0.09885724633932114
0.08187123388051987
0.0873078852891922
0.07092052698135376
0.07062448561191559
0.0693444013595581
0.07948296517133713
0.10852169990539551
0.07117044180631638
0.09124628454446793
1.051424264907837
0.08009026199579239
0.07874175906181335
0.10662685334682465
0.07961428165435791
0.08578284084796906
0.07930240780115128
0.1413503736257553
0.08296900242567062
0.06747052073478699
0.06902953237295151
0.10109937936067581
0.09724900871515274
0.07965989410877228
0.06274724751710892
0.07176199555397034
0.07504485547542572
0.09469059109687805
0.07184086740016937
0.081130251288414
0.08424928039312363
0.1425466388463974
0.06273335218429565
0.06220734119415283
0.08288080245256424
0.08473186194896698
0.10638180375099182
0.10204285383224487
0.07236909866333008
0.09023865312337875
0.07484881579875946
0.05405386537313461
0.10868541896343231
0.10136473923921585
0.06539057195186615
0.07944758981466293
0.10146614164113998
0.10867968201637268
0.10650508105754852
0.08108010143041611
0.06777383387088776
0.07235994935035706
0.07940826565027237
0.07044220715761185
0.8855385184288025
0.10309810191392899
0.09695839881896973
0.06861864775419235
0.1063084751367569
0.07519370317459106
0.07532045990228653
0.06520063430070877
0.08720818161964417
0.09631279855966568
0.11064745485782623
0.1190367266535759
0.16601121425628662
0.0879485160112381
0.09627585858106613
0.08508247882127762
0.085657998919487
0.08850458264350891
0.10386429727077484
0.12054862827062607
0.08579260855913162
0.11196625977754593
0.10946165025234222
0.10542819648981094
0.10964469611644745
0.09118977189064026
0.09331795573234558
0.09451036155223846
0.10570751875638962
0.0905931368470192
0.13723377883434296
0.0797666385769844
0.11347167193889618
0.10593773424625397
0.5771663784980774
0.10321931540966034
0.11744334548711777
0.10136936604976654
0.11062639206647873
0.11395776271820068
0.09769469499588013
0.14770835638046265
0.1014166846871376
0.11593171209096909
0.09358056634664536
0.08998220413923264
0.07833650708198547
0.10928739607334137
0.10601454973220825
0.08361490815877914
0.13225945830345154
1.8131036758422852
0.12549269199371338
0.11878196895122528
0.10922662168741226
0.09963499009609222
0.12146370857954025
0.11007000505924225
0.10548890382051468
0.07539436221122742
0.4879562258720398
0.09868951141834259
0.08636923134326935
0.08856017887592316
0.09822984039783478
0.08111623674631119
0.1034652441740036
0.10714448988437653
0.11006859689950943
0.10613847523927689
0.10022811591625214
0.08422920852899551
0.08841490000486374
0.05609845370054245
0.07313653826713562
0.06810614466667175
0.07848572731018066
0.5135161280632019
0.0768435075879097
0.06725630164146423
0.06390048563480377
0.0719575583934784
0.05890326201915741
0.10181925445795059
0.07261578738689423
0.07668004184961319
0.09269199520349503
0.06842756271362305
0.06550224870443344
0.06905100494623184
0.07181665301322937
0.07211312651634216
0.07649321854114532
0.06780964881181717
0.0846758484840393
0.07884231954813004
0.08597031235694885
0.05964122712612152
0.0657619833946228
0.08848796784877777
0.07324486970901489
0.07515653967857361
0.07073426246643066
0.050572074949741364
0.07065193355083466
0.07179638743400574
0.08305627107620239
0.07318922877311707
0.0880613625049591
0.09019208699464798
0.07046445459127426
0.08069206774234772
0.06097446382045746
0.7882329821586609
0.07989779859781265
0.05176972597837448
0.13273000717163086
0.1337720900774002
0.05608757212758064
0.04764431342482567
0.07223200798034668
0.06940735876560211
0.06815621256828308
0.09296072274446487
0.06185448169708252
0.07593554258346558
0.06353195756673813
0.07953836023807526
0.060420118272304535
0.06985697150230408
0.06535547971725464
0.1021886095404625
0.06738855689764023
0.05341682583093643
0.08115844428539276
0.07188719511032104
0.09712421149015427
0.08168396353721619
0.12428274750709534
0.08064150810241699
0.0752662718296051
0.09480754286050797
0.07403312623500824
0.0916074812412262
0.08029511570930481
0.10490714758634567
0.09104303270578384
0.08568769693374634
0.06635040044784546
0.07240039110183716
0.09035833925008774
0.05944601446390152
0.0693751871585846
0.07314861565828323
0.07538046687841415
0.09400239586830139
0.07654045522212982
0.9938833713531494
0.0866774469614029
0.06556334346532822
0.0654650330543518
0.07388290017843246
0.08262576162815094
0.09787862747907639
0.1030309647321701
0.09398006647825241
0.09718474000692368
0.061059705913066864
0.11879970878362656
0.10959648340940475
0.09418464452028275
0.08962677419185638
0.05633806064724922
0.0553852841258049
0.08637817203998566
0.07082913815975189
0.09421532601118088
0.10799902677536011
0.09603949636220932
0.1132861077785492
0.08518519252538681
0.0948496013879776
0.08952618390321732
0.06830243766307831
0.09913354367017746
0.07121288031339645
0.0830923318862915
0.07131757587194443
0.08631724119186401
1.02701735496521
0.09895972162485123
0.11482669413089752
0.09172371029853821
0.08534030616283417
0.0926830992102623
0.06838058680295944
0.08164184540510178
0.10693152248859406
0.07859718799591064
0.06781750172376633
