0.008336174301803112
0.004648639354854822
0.005208068527281284
0.0028922955971211195
0.003304810030385852
0.005116601474583149
0.0060167862102389336
0.004158071242272854
0.004338696599006653
0.0026936458889395
0.003274396527558565
0.004801884293556213
0.002569927368313074
0.0046401615254580975
0.006575508508831263
0.004035822115838528
0.008126908913254738
0.008070722222328186
0.002686399035155773
0.009488838724792004
0.0030545126646757126
0.005997273605316877
0.00572278443723917
0.004743402358144522
0.008518649265170097
0.109467513859272
0.0026517892256379128
0.002856074832379818
0.002627555513754487
0.003836703486740589
0.007027058862149715
0.004827026277780533
0.004956880584359169
0.0033958195708692074
0.005135733634233475
0.00496421754360199
0.005179199390113354
0.0024937645066529512
0.002823078539222479
0.002335349330678582
0.005466870032250881
0.007752796169370413
0.005059426184743643
0.003656695131212473
0.0024706036783754826
0.002420671284198761
0.01442351657897234
0.006276111584156752
0.0033761831000447273
0.0022748017217963934
0.0046331556513905525
0.005934868473559618
0.003147928509861231
0.004700120072811842
0.008041956461966038
0.0038060867227613926
0.004945617634803057
0.004281449597328901
0.004546795971691608
0.005731793120503426
0.0026651357766240835
0.006849684286862612
0.005918447393923998
0.0024163308553397655
0.011251786723732948
0.004955620504915714
0.006420332007110119
0.008681578561663628
0.009980447590351105
0.007265753112733364
0.008605306968092918
0.006359060760587454
0.012665344402194023
0.00771053321659565
0.006505446042865515
0.006981757003813982
0.009066698141396046
0.007677903864532709
0.006000432185828686
0.3758174777030945
0.0077220844104886055
0.012326382100582123
0.011094669811427593
0.00705740274861455
0.006720163859426975
0.004847707226872444
0.006517814937978983
0.008077716454863548
0.008656486868858337
0.008399603888392448
0.014750122092664242
0.008350676856935024
0.007137707434594631
0.01385248452425003
0.01316177099943161
0.006574647966772318
0.007929213345050812
0.009147006087005138
0.018244152888655663
0.00805600918829441
0.006414448842406273
0.007869694381952286
0.00965584721416235
0.0077555361203849316
0.05925936624407768
0.009067677892744541
0.00662490539252758
0.009559737518429756
0.006838553585112095
0.01973247528076172
0.012588849291205406
0.00823377724736929
0.007769063580781221
0.008985443040728569
0.007391323801130056
0.012384092435240746
0.007369278930127621
0.010269368067383766
0.008354967460036278
0.008841173723340034
0.005243069492280483
0.006548204924911261
0.007980454713106155
0.013455355539917946
0.007853114046156406
0.00891030952334404
0.5261768102645874
0.006350263021886349
0.007674598600715399
0.0019266128074377775
0.0021767360158264637
0.0012398347025737166
0.0011888234876096249
0.0014677674043923616
0.0012726932764053345
0.0017022519605234265
0.0014285214710980654
0.0012201840290799737
0.002430824562907219
0.004108678083866835
0.0203662421554327
0.001315631321631372
0.00617612199857831
0.04289650171995163
0.0012059322325512767
0.009668376296758652
0.0033365595154464245
0.002300347900018096
0.0012647389667108655
0.004516709595918655
0.01600683107972145
0.0026948165614157915
0.00340622803196311
0.020755615085363388
0.002001314889639616
0.014446294866502285
0.011883384548127651
0.021913820877671242
0.00236849719658494
0.0019017377635464072
0.0016522827791050076
0.0012787620071321726
0.024166228249669075
0.0012464146129786968
0.0068259472027421
0.0013412266271188855
0.0024239998310804367
0.0013178774388507009
0.021827852353453636
0.001197381061501801
0.009371737949550152
0.006675717420876026
0.0013385771308094263
0.012534122914075851
0.015211342833936214
0.0013080216012895107
0.0031457170844078064
0.07128006964921951
0.006745236460119486
0.0012840584386140108
0.03307843580842018
0.013333585113286972
0.0012849548365920782
0.007238422054797411
1.4923826456069946
0.0015321060782298446
0.0017676958814263344
0.0036193279083818197
0.02266121469438076
0.001526224659755826
0.011346662417054176
0.0064081791788339615
0.032750457525253296
0.029500111937522888
0.04128733277320862
0.021135542541742325
0.019350139424204826
0.02761824242770672
0.03837290778756142
0.02668730914592743
0.020213725045323372
0.019150178879499435
0.015162376686930656
0.013284311629831791
0.013938477262854576
0.02913893386721611
0.019684258848428726
0.030715830624103546
0.01613664999604225
0.02624061331152916
0.013687786646187305
0.03465409204363823
0.03681269288063049
0.024496959522366524
0.04310503974556923
0.038981225341558456
0.025244619697332382
0.027565117925405502
0.021912667900323868
0.00954432412981987
0.026326285675168037
0.01609325222671032
0.014852414838969707
0.024939488619565964
0.035517044365406036
0.03934914246201515
0.013597238808870316
0.04544598609209061
0.042259614914655685
0.014374255202710629
0.03590497002005577
0.022085150703787804
0.01361114252358675
0.061653297394514084
0.02264411561191082
0.01407828088849783
0.01390986330807209
0.017250768840312958
0.01928158663213253
0.013004733249545097
0.027695592492818832
0.022617347538471222
0.02410651370882988
0.029346222057938576
0.021565767005085945
0.029371313750743866
0.0214054174721241
0.03919044882059097
0.023994626477360725
0.03423897176980972
0.02442174404859543
0.07322503626346588
0.010672036558389664
0.024303611367940903
0.01740688644349575
0.01802552305161953
0.7597066164016724
0.2562287449836731
0.013009810820221901
0.0012717924546450377
0.0016109015559777617
0.0058283619582653046
0.001168293645605445
0.01412239484488964
0.004688839893788099
0.012446732260286808
0.001989960204809904
0.005411286372691393
0.001290990156121552
0.005328589119017124
0.0023362922947853804
0.004256015177816153
0.004051317926496267
0.005697076674550772
0.0012067155912518501
0.0022321653086692095
0.039376966655254364
0.23629142343997955
0.006112080067396164
0.0012952773831784725
0.0033511859364807606
0.0012544785859063268
0.006605397444218397
0.004517427179962397
0.0027856933884322643
0.0012466987827792764
0.011596336960792542
0.00582572678104043
0.0017158190021291375
0.33659374713897705
0.0013147668214514852
0.0012319728266447783
0.001357151661068201
0.00572833139449358
0.011617087759077549
0.0012779664248228073
0.0012699462240561843
0.0013377722352743149
0.0013601144310086966
0.001598021830432117
0.0013941904762759805
0.012358374893665314
0.014199880883097649
0.00417578499764204
0.0013800803571939468
0.0012303614057600498
0.024272358044981956
0.0012994414428249002
0.003927196841686964
0.0017241971800103784
0.0013601460959762335
0.012503236532211304
0.0011774890590459108
0.0022064908407628536
0.0012892251834273338
0.004424177575856447
0.004135137889534235
0.001188855734653771
0.0020363610237836838
0.014431726187467575
0.0024150421377271414
0.001871756510809064
0.0020577034447342157
0.0015036470722407103
0.0018580990144982934
0.0034529520198702812
0.0013901249039918184
0.0012538572773337364
0.0038786798249930143
0.002459052950143814
0.0014165124157443643
0.004074935335665941
0.0019323272863402963
0.0014335531741380692
0.0014767996035516262
0.002403342630714178
0.0014841639203950763
0.0014046236174181104
0.0035873970482498407
0.0016071849968284369
0.0016155410557985306
0.0015361516270786524
0.0035722656175494194
0.0016480216290801764
0.001495555741712451
0.001955585554242134
0.0014283068012446165
0.0022417546715587378
0.0013387699145823717
0.0016600170638412237
0.0014232369139790535
0.002698583761230111
0.0013320550788193941
0.001702750800177455
0.0025285515002906322
0.0014187206979840994
0.0021025892347097397
0.0020642923191189766
0.0029524362180382013
0.001664642826654017
0.001505088759586215
0.0030385698191821575
0.0015872830990701914
0.002812801394611597
0.001559985103085637
0.0025917598977684975
0.004381411708891392
0.0014264867641031742
0.0013784078182652593
0.001634987653233111
0.0018517723074182868
0.0013223000569269061
0.0014106642920523882
0.002373959869146347
0.0035527723375707865
0.0015404362929984927
0.0013914615847170353
0.0016478289617225528
0.0015350832836702466
0.0015168444951996207
0.0014109470648691058
0.002706922823563218
0.0014749047113582492
0.0021055196411907673
0.2423780858516693
0.009197904728353024
0.22079980373382568
0.004928736016154289
0.004094330128282309
0.007183588109910488
0.003704293631017208
0.007028526626527309
0.00705783860757947
0.005915867164731026
0.029967429116368294
0.0027380604296922684
0.002845427952706814
0.02641858346760273
0.002665903652086854
0.005295554641634226
0.02976890653371811
0.3012746572494507
0.007571295835077763
0.002103348495438695
0.008733722381293774
0.008638209663331509
0.004371629096567631
0.14995679259300232
0.001617145724594593
0.14894308149814606
0.001416241517290473
0.0018197974422946572
0.007010979577898979
0.0021712046582251787
0.008074981160461903
0.0022025068756192923
0.004541270900517702
0.004101506434381008
0.001847928622737527
0.008345331065356731
0.0045431237667799
0.0023798083420842886
0.00440517533570528
0.006386096589267254
0.009336918592453003
0.009388699196279049
0.0020379535853862762
0.25815349817276
0.009155330248177052
0.005738977342844009
0.0042902762070298195
0.04944070801138878
0.010085836052894592
0.004098587203770876
0.08872681856155396
0.001640059519559145
0.008848601952195168
0.005371603183448315
0.0016037772875279188
0.005798337981104851
0.0042016590014100075
0.20865178108215332
0.001432999619282782
0.0026870467700064182
0.0038564063142985106
0.003323626471683383
0.00300784595310688
0.8900879621505737
0.004991767928004265
0.0023153750225901604
0.0049196952022612095
0.0020158584229648113
0.0024053589440882206
0.002263544360175729
0.001802052604034543
0.0021392018534243107
0.0018807546002790332
0.0027299560606479645
0.0029742312617599964
0.002049954142421484
0.0020155650563538074
0.002046601613983512
0.0018549625528976321
0.002148670144379139
0.004411270841956139
0.002599418628960848
0.001983934547752142
0.0021001126151531935
0.0020408553536981344
0.0017431284068152308
0.008566801436245441
0.001961005385965109
0.0017471505561843514
0.0018476401455700397
0.0024242643266916275
0.001702579203993082
0.0021873253863304853
0.0016555713955312967
0.0036405783612281084
0.0020286673679947853
0.0034023812040686607
0.002385902451351285
0.004993704613298178
0.0027440618723630905
0.0018847595201805234
0.0023309369571506977
0.0022910593543201685
0.0029918428044766188
0.0027352548204362392
0.0023475810885429382
0.0019535552710294724
0.0018087509088218212
0.0019020198378711939
0.001872146618552506
0.0022395248524844646
0.004742526914924383
0.002069915411993861
0.0059519363567233086
0.0019117544870823622
0.0026567757595330477
0.0020693556871265173
0.001675560837611556
0.0021452659275382757
0.0016626686556264758
0.0022391476668417454
0.0017837872728705406
0.005113742779940367
0.0019910805858671665
0.0018609714461490512
0.0016700115520507097
0.0032517239451408386
0.002070598304271698
0.1059560626745224
0.15914474427700043
0.0811312273144722
0.10292450338602066
0.11793602257966995
0.08742395788431168
0.10833404958248138
0.09548506140708923
0.0789019763469696
0.13148227334022522
0.1068132296204567
0.1170322522521019
0.08981802314519882
0.11222812533378601
0.12530387938022614
0.12755173444747925
0.10464247316122055
0.1255989819765091
0.08015210926532745
0.14410005509853363
0.06716394424438477
0.09314168244600296
0.15813994407653809
0.10024154186248779
0.14924411475658417
0.06665531545877457
0.20574873685836792
0.0838223472237587
0.11226481199264526
0.08768680691719055
0.08031782507896423
0.11680266261100769
0.10180547833442688
0.0720100924372673
0.08818965405225754
0.07596834003925323
0.10780593007802963
0.07125401496887207
0.0955650806427002
0.08947306871414185
0.09915393590927124
0.07359064370393753
0.1539352834224701
0.14248694479465485
0.0940709337592125
0.08496929705142975
0.09389996528625488
0.10715534538030624
0.09779373556375504
0.10160386562347412
0.1371224820613861
0.09389935433864594
0.0972370058298111
0.07711657136678696
0.09951265156269073
0.31578779220581055
0.08011237531900406
0.07443380355834961
0.06566431373357773
0.1277683973312378
0.0886368453502655
0.09572304040193558
0.08363878726959229
0.07673192024230957
0.003116114530712366
0.003175686113536358
0.0013705015880987048
0.0015079593285918236
0.0032326141372323036
0.0019785352051258087
0.003379583591595292
0.0016274196095764637
0.0018749419832602143
0.0015410353662446141
0.0027256719768047333
0.0015471176011487842
0.003089914796873927
0.0035417808685451746
0.0031584356911480427
0.001502710278145969
0.001978539861738682
0.0013918218901380897
0.0017710215179249644
0.0013864121865481138
0.0015838135732337832
0.0020211217924952507
0.0024887057952582836
0.0021332481410354376
0.0015514334663748741
0.0028277987148612738
0.0015776491491124034
0.0014341269852593541
0.01081041805446148
0.0022970866411924362
0.10612745583057404
0.015356818214058876
0.001305634737946093
0.0026863461825996637
0.0016458687605336308
0.002585579641163349
0.002961472375318408
0.0014578694244846702
0.0016175670316442847
0.0023275152780115604
0.0023389351554214954
0.0033654344733804464
0.0017841171938925982
0.0063974373042583466
0.0016513681039214134
0.003368789330124855
0.0018379816319793463
0.002602493856102228
0.007593345828354359
0.10840272903442383
0.00267407251521945
0.0015304486732929945
0.0014812072040513158
0.002422886434942484
0.0018465500324964523
0.002359975129365921
0.001574555179104209
0.3481970727443695
0.003319674637168646
0.0020355219021439552
0.002323734574019909
0.002347824862226844
0.002496325643733144
0.0019804940093308687
0.24181053042411804
0.03523050248622894
0.029422566294670105
0.12490885704755783
0.04108131676912308
0.0220615416765213
0.04887358471751213
0.08225902915000916
0.046186067163944244
0.05630086734890938
0.031161677092313766
0.031162584200501442
0.16407497227191925
0.09968040138483047
0.16732341051101685
0.04484233632683754
0.02198104001581669
0.15477222204208374
0.2593351900577545
0.05262729153037071
0.38074791431427
0.030676286667585373
0.0359523743391037
0.24561409652233124
0.03407673165202141
0.06863085180521011
0.06219863519072533
0.5498605966567993
0.018177205696702003
0.8059065937995911
0.07101733982563019
0.7741273641586304
0.031224342063069344
0.1447238028049469
1.168710470199585
0.024822484701871872
0.36988863348960876
0.049705229699611664
0.02289729379117489
0.11421675235033035
1.2203118801116943
0.039650119841098785
0.06411667913198471
0.6511136889457703
1.7881184816360474
0.1816471517086029
0.0397338941693306
0.03372447192668915
0.03424973413348198
0.03959302604198456
0.08492714166641235
0.20157180726528168
0.03707012161612511
0.271019846200943
0.06493376195430756
0.0372576043009758
0.031185660511255264
0.7191411852836609
0.1448097974061966
0.2466801106929779
0.028663480654358864
0.054052650928497314
0.035551365464925766
0.03188639134168625
0.007791917771100998
0.006368793547153473
0.011811475269496441
0.005549196153879166
0.008293134160339832
0.007230091840028763
0.007514600642025471
0.0068193902261555195
0.007522184401750565
0.00801378395408392
0.006628174800425768
0.0077636404894292355
0.018614063039422035
0.007619528099894524
0.00458152312785387
0.007503238972276449
0.011619964614510536
0.008660843595862389
0.006082150153815746
0.007269634865224361
0.008441152051091194
0.005047887563705444
0.006745527498424053
0.01079793181270361
0.026884960010647774
0.010801316238939762
0.012212978675961494
0.0056336428970098495
0.008277191780507565
0.005701316054910421
0.005469122901558876
0.00780834536999464
0.005655551794916391
0.010959659703075886
0.009823760949075222
0.015256582759320736
0.007689246442168951
0.008325351402163506
0.00834441278129816
0.008217409253120422
0.009909332729876041
0.009152006357908249
0.1532578319311142
0.006834646686911583
0.005907588172703981
0.00784966628998518
0.00834810733795166
0.008150954730808735
0.009583557024598122
0.007906350307166576
0.011861232109367847
0.00877202209085226
0.011261720210313797
0.015197346918284893
0.00944489985704422
0.010881597176194191
0.011496571823954582
0.004629691131412983
0.08420605957508087
0.0109541155397892
0.007775395642966032
0.009973407723009586
0.013156630098819733
0.010064295493066311
