0.011404489167034626
0.014092431403696537
0.6170175671577454
0.03002590872347355
0.024766333401203156
1.24797785282135
0.1931368112564087
0.08533334732055664
0.0901254266500473
0.003951423801481724
0.5622087717056274
0.05263783037662506
0.2909759283065796
0.008923772722482681
0.07385706901550293
0.055552080273628235
0.032399922609329224
0.05651792138814926
0.014370533637702465
0.09733614325523376
0.031137196347117424
0.03573087230324745
0.00566774420440197
0.005005374550819397
0.10970217734575272
0.0017192941159009933
0.4322780668735504
0.13418227434158325
0.001591675216332078
0.005855495110154152
0.006324579007923603
0.0012116334401071072
0.03357720375061035
0.19188456237316132
0.041728101670742035
0.11528125405311584
0.12566359341144562
0.030728844925761223
0.017149554565548897
0.01252538338303566
0.012101583182811737
0.01842520944774151
0.04373984411358833
0.006518014241009951
1.1465764045715332
0.34648406505584717
0.5629100799560547
0.03501008450984955
0.15541353821754456
0.005051524378359318
0.1189153641462326
0.2640155255794525
0.15039843320846558
0.03496392071247101
0.015205572359263897
0.00045897840755060315
0.04145732522010803
0.025345927104353905
0.02394511178135872
0.00037957995664328337
0.018928173929452896
0.002224668161943555
0.00449838861823082
0.008237038739025593
0.008548883721232414
0.03432841971516609
0.0022064608056098223
0.007651614956557751
0.0041412771679461
0.21143664419651031
0.11122310161590576
0.08679942786693573
0.16006657481193542
0.004700296092778444
0.03602199628949165
0.007076332811266184
0.0006322810659185052
0.0006536371074616909
0.003520817728713155
0.009306434541940689
0.012901302427053452
0.015485440380871296
0.0900263860821724
0.043501004576683044
0.03458099439740181
0.0003957614244427532
0.013727564364671707
0.01230598334223032
0.11024067550897598
0.004318637773394585
0.0031668597366660833
0.004866518080234528
0.004959041252732277
0.5291938185691833
0.023426305502653122
0.2860458195209503
0.13858945667743683
0.24012522399425507
1.805240273475647
0.20549911260604858
0.04478882998228073
0.073891282081604
0.1582091748714447
0.058988455682992935
0.011210167780518532
0.00632881373167038
0.00348102580755949
0.005269240587949753
0.0156813133507967
0.09386534243822098
0.002384427236393094
0.021207857877016068
0.024953914806246758
0.002704082289710641
0.002657134085893631
0.006061197258532047
0.0021004651207476854
0.08035425841808319
0.12907108664512634
0.013991224579513073
0.45085933804512024
0.21025203168392181
0.0014121162239462137
0.03335557132959366
0.003909849561750889
1.193113088607788
0.28409290313720703
0.001518769538961351
0.005813471972942352
0.03085130825638771
0.002697366988286376
0.06566844135522842
0.07384257018566132
0.3221471905708313
0.00825775507837534
0.0036569267977029085
3.706766801769845e-05
0.08256182819604874
0.2619841992855072
0.007557400036603212
0.6821236610412598
0.48607632517814636
0.08665119111537933
0.0024405554868280888
0.024188784882426262
0.05381832271814346
0.04958947002887726
0.03225107118487358
0.03490540012717247
0.005299988202750683
0.19974829256534576
0.09882576018571854
0.833736777305603
0.0004354232514742762
0.25948387384414673
0.9789526462554932
0.01843680441379547
0.0027916927356272936
0.010390390641987324
0.015707433223724365
0.000378684897441417
0.04203937575221062
0.012352107092738152
0.022277723997831345
0.16688859462738037
0.16016586124897003
0.008273250423371792
0.013952849432826042
0.021742351353168488
0.022957781329751015
0.03996578976511955
0.0011079866671934724
0.013135208748281002
0.07871615141630173
0.035032615065574646
0.06102977693080902
0.0032260622829198837
0.021051790565252304
0.009849953465163708
0.008546190336346626
0.016253968700766563
0.0005028625018894672
0.042272139340639114
0.0012276292545720935
0.7572132349014282
0.05937045440077782
0.07649420201778412
0.0012781410478055477
0.09107008576393127
0.008123988285660744
0.004139232449233532
0.013054104521870613
0.022032959386706352
0.0998305156826973
0.0010171044850721955
0.011035632342100143
0.015505429357290268
0.032047782093286514
0.013287222012877464
0.01099295262247324
0.004215485416352749
0.024392176419496536
0.012329252436757088
0.0967421755194664
0.05814322829246521
0.00014879471564199775
0.04992770403623581
0.014143547043204308
0.00456337770447135
0.0012502867029979825
0.0012501634191721678
0.08567515760660172
0.26758772134780884
0.1289701610803604
0.009860826656222343
0.0057410988956689835
0.061049941927194595
0.08670758455991745
0.05152084678411484
0.014332765713334084
0.00026836092001758516
0.0010193124180659652
0.003196019446477294
0.023910298943519592
0.0050553204491734505
0.002205809112638235
0.0015411557396873832
0.0003726340946741402
0.0001985760172829032
0.0003637720365077257
0.4981335997581482
0.021118076518177986
0.07884197682142258
0.0018438678234815598
0.029882481321692467
0.00402891356498003
0.012363376095890999
0.2723970115184784
0.007268460933119059
0.023001965135335922
0.062375687062740326
0.06750914454460144
0.0412268228828907
0.03395052254199982
0.10675220191478729
0.000498371955472976
0.12538281083106995
0.002205353695899248
0.009205448441207409
0.07055249810218811
0.00673348642885685
0.043635010719299316
0.011997345834970474
0.030394813045859337
0.15067242085933685
0.029734937474131584
0.10465927422046661
0.046771321445703506
0.0032298346050083637
0.0010888781398534775
0.05823130905628204
0.1414894014596939
0.006785362958908081
0.12849962711334229
0.015746591612696648
0.03432008624076843
0.1062198206782341
0.0359162837266922
0.10641679912805557
0.005957137793302536
0.029303085058927536
0.007932644337415695
0.024337995797395706
0.019638584926724434
0.20827428996562958
0.23796582221984863
0.008161099627614021
0.0017489332240074873
1.1600700616836548
0.2101227194070816
0.00022038711176719517
0.01726032979786396
0.07995879650115967
0.057713672518730164
0.003024384845048189
0.002058244775980711
0.011694244109094143
0.2425210326910019
0.0014611247461289167
0.016190119087696075
0.24671615660190582
0.037170469760894775
0.0018171396804973483
0.00045063302968628705
0.007996033877134323
0.00263763964176178
0.4179074764251709
0.00011158380220877007
0.0013138828799128532
0.160980686545372
0.028799504041671753
0.02946539968252182
0.0019885327201336622
0.07684625685214996
0.09964177757501602
0.0031058331951498985
0.08704531192779541
0.13471069931983948
0.09290972352027893
0.7671999931335449
0.016697844490408897
0.0028616287745535374
0.12606734037399292
0.23563160002231598
0.06747313588857651
0.16278716921806335
0.21358317136764526
0.03310750797390938
0.036436814814805984
0.04511759802699089
0.01974061131477356
0.047466643154621124
0.0008392285089939833
0.0028206692077219486
0.762191116809845
0.0686526820063591
0.00018302156240679324
0.007713182829320431
0.0063697523437440395
0.26056188344955444
0.03362104296684265
0.008329312317073345
0.0011983582517132163
0.0441473014652729
0.03974281996488571
0.07105506211519241
0.02082519605755806
0.15841391682624817
0.11893302202224731
0.001170845003798604
0.01640905626118183
0.06440981477499008
0.0039812419563531876
2.725975718931295e-05
0.018274860456585884
0.07038352638483047
0.11194358766078949
0.01960705779492855
0.11662869900465012
0.032192643731832504
0.026060188189148903
0.18016356229782104
0.009983139112591743
0.013020052574574947
0.22938840091228485
0.0367305725812912
0.0020074269268661737
0.00711852079257369
0.1326022446155548
0.012740904465317726
0.003905265126377344
0.05400703847408295
0.043335866183042526
0.0004982422105967999
0.23660457134246826
0.07301249355077744
0.04132842645049095
0.9703097939491272
0.0094898147508502
0.9498459696769714
0.10989135503768921
0.10543391108512878
0.0009425992029719055
0.12137962877750397
0.0014617274282500148
0.03153631091117859
0.013022374361753464
0.086675725877285
0.25472021102905273
0.27400872111320496
0.017055727541446686
0.041480984538793564
0.0019711237400770187
0.0129811130464077
0.046307194977998734
0.008359558880329132
0.0036388211883604527
0.06141392141580582
0.0013096430338919163
0.0014057181542739272
0.0034880833700299263
0.0328356996178627
0.010071814060211182
0.0015594313153997064
0.027068505063652992
0.3155600428581238
0.03959161788225174
0.0016003603814169765
0.03278219327330589
0.17031756043434143
0.09665483236312866
0.0006655844044871628
0.20930215716362
0.03800348564982414
0.01040226686745882
0.026373013854026794
0.10230469703674316
0.29986247420310974
0.06335415691137314
0.1161411702632904
0.14206628501415253
0.02462039142847061
0.12740813195705414
0.07871133089065552
0.8835602402687073
0.01737968437373638
0.3205432891845703
0.028171595185995102
0.0006513175321742892
0.0161014124751091
0.0028829395305365324
0.04720942676067352
0.003648191224783659
0.007888879626989365
0.045928582549095154
0.019630679860711098
0.012834785506129265
0.002316257916390896
0.0006422897567972541
0.02503475919365883
0.11809592694044113
0.024400323629379272
0.007989506237208843
0.11749206483364105
0.12509599328041077
0.019743552431464195
0.010056372731924057
0.034745022654533386
0.006230651400983334
0.07060239464044571
0.05648950859904289
0.002294075209647417
0.08317744731903076
0.00022119685309007764
0.017571907490491867
0.03111310862004757
0.0016533957095816731
0.021886948496103287
0.009540743194520473
1.892060936370399e-05
0.027175476774573326
0.0005662303301505744
0.11470358073711395
0.18167981505393982
0.012065335176885128
0.055615849792957306
0.02182910032570362
0.01133692916482687
0.198209747672081
0.00622067553922534
0.2642289400100708
0.025182576850056648
0.025966959074139595
0.018211083486676216
0.09906921535730362
0.018372803926467896
0.08925271034240723
0.009510953910648823
0.0008688017842359841
0.06980230659246445
0.05268041044473648
0.007505460642278194
0.004314873833209276
0.02413776144385338
0.01199300680309534
0.014357338659465313
0.0011019218945875764
0.08689279109239578
0.05952054262161255
0.002844525035470724
0.05061265081167221
0.012715162709355354
0.017237968742847443
0.03406940773129463
0.006587794050574303
0.5803014636039734
0.02903844602406025
0.05602113902568817
0.00728641776368022
0.025359056890010834
0.029379207640886307
0.0023100811522454023
0.0749841034412384
0.0711493119597435
0.005446365103125572
0.02542591467499733
0.0038721193559467793
0.23777352273464203
0.04307730495929718
0.03585755079984665
0.013615640811622143
0.03054068237543106
0.10378749668598175
5.823887840961106e-05
0.010946966707706451
0.00016535456234123558
0.01773682050406933
0.11777664721012115
0.5021771192550659
0.033706456422805786
0.7693016529083252
0.029072925448417664
0.31937989592552185
0.00812140479683876
0.005997472442686558
0.054682642221450806
0.0020243912003934383
6.304735143203288e-05
0.04998468607664108
0.0754104033112526
0.018301144242286682
0.021952537819743156
0.2818264961242676
0.04580520838499069
0.24678856134414673
0.005490607116371393
0.028985828161239624
0.004745679907500744
0.037792399525642395
0.03129243850708008
0.057462260127067566
0.04090063273906708
0.050395283848047256
0.008874217048287392
0.00696389889344573
0.00483477208763361
0.12926721572875977
0.04642967879772186
0.07820013165473938
0.018811222165822983
0.03470244258642197
0.2581764757633209
0.01346281822770834
0.11346723139286041
0.022906381636857986
0.005989245604723692
0.016624504700303078
0.1705198436975479
0.0010932710720226169
1.007443904876709
0.005084988661110401
0.09317495673894882
0.0744299367070198
0.08215156197547913
0.011870104819536209
0.5921061635017395
0.01751912385225296
0.04255833849310875
0.017322445288300514
2.107831278408412e-06
0.011089561507105827
0.014836139045655727
0.2657148241996765
0.028105847537517548
0.03880142793059349
0.05699646472930908
0.11280973255634308
0.031178027391433716
0.282866895198822
0.08176355808973312
0.12282770872116089
0.08368247747421265
0.2048952877521515
0.06782228499650955
0.12167888879776001
0.0026632975786924362
0.336991548538208
0.010722847655415535
0.046435754746198654
0.003766078967601061
0.004206879995763302
0.005205966532230377
0.014107774011790752
0.022271450608968735
0.006531852297484875
0.016598951071500778
0.006197081413120031
0.004189511761069298
0.01202298328280449
0.08615859597921371
0.0030230111442506313
0.011832846328616142
0.04062371328473091
0.08880150318145752
0.08103496581315994
0.014903280884027481
0.0024938820861279964
0.3578382730484009
0.022728465497493744
1.1460888385772705
0.08190761506557465
0.0178954117000103
0.05723422393202782
0.0011506200535222888
0.024209054186940193
0.006426060106605291
0.007759488187730312
0.005385600496083498
0.19235819578170776
0.5353316068649292
0.3043484687805176
0.017652684822678566
0.023726802319288254
0.08427910506725311
0.08745293319225311
0.020606204867362976
0.014887549914419651
0.03066384792327881
0.15561968088150024
0.03825443983078003
0.09058847278356552
0.005891645792871714
0.06104481220245361
0.020164206624031067
0.06085827946662903
0.009948449209332466
0.03352221101522446
0.0022392405662685633
0.004384549334645271
0.0024328241124749184
0.11264266073703766
0.06523752212524414
0.01575843058526516
0.17019088566303253
0.3738124966621399
0.008066022768616676
0.8544524312019348
0.0891769528388977
0.08899788558483124
0.010701028630137444
0.0014439258957281709
0.06313519924879074
0.031061692163348198
0.05720587074756622
0.022186793386936188
0.06325440853834152
0.012131785042583942
0.2188609093427658
0.10657062381505966
0.03568383678793907
0.07862083613872528
0.007312743924558163
0.004085184074938297
1.8207372426986694
0.8750435709953308
0.004987243562936783
0.0354720838367939
0.20617656409740448
0.001942287664860487
0.07537199556827545
1.1937839190068189e-05
0.03691643476486206
0.00019133638124912977
0.004886833485215902
0.008347641676664352
0.096025250852108
0.31568196415901184
0.10576872527599335
0.08327752351760864
0.04167921841144562
0.14086849987506866
0.029583362862467766
0.013026170432567596
0.3092610538005829
0.053866706788539886
0.006704393308609724
0.0048602367751300335
0.14954239130020142
0.014085495844483376
0.1510518491268158
0.015999868512153625
0.04568970575928688
0.002553786151111126
0.006789061240851879
0.019932275637984276
0.014387999661266804
0.007589733228087425
0.06035877764225006
0.03742918744683266
0.025776332244277
0.0017581272404640913
0.0072028557769954205
0.003199824132025242
0.0021814946085214615
0.00033250873093493283
0.0660325139760971
0.005246414802968502
0.0047555649653077126
0.028135959059000015
0.01785094104707241
0.00831586867570877
0.017017563804984093
0.005474046804010868
0.003944181837141514
0.0021170980762690306
0.012622425332665443
0.06548988074064255
0.029011182487010956
0.36078542470932007
0.012334909290075302
0.001473784213885665
0.06579205393791199
0.03115089237689972
0.020389070734381676
0.04141918569803238
0.020657889544963837
0.07205359637737274
0.005403472576290369
0.012109801173210144
0.021803731098771095
0.058866001665592194
0.43529579043388367
0.046476468443870544
0.2269042283296585
0.01183304749429226
0.1766698658466339
0.010120037011802197
0.0032032246235758066
0.0035269344225525856
0.009501238353550434
0.26576390862464905
0.009233259595930576
0.005062007810920477
0.0018417760729789734
0.00019299398991279304
0.13331018388271332
0.07276039570569992
0.003091095946729183
0.009222520515322685
0.06525550037622452
0.05347038805484772
0.07013702392578125
0.05783466622233391
0.0034373824018985033
0.24109691381454468
0.1174270287156105
0.07014863193035126
0.015350913628935814
0.09306728839874268
0.07075544446706772
0.03159100189805031
0.007267865817993879
0.07776826620101929
0.002941523212939501
0.08106064051389694
0.034769926220178604
0.045062314718961716
0.03799166530370712
0.03156021237373352
0.013346883468329906
0.013863036409020424
0.0007819193997420371
0.6848974823951721
0.0016799074364826083
0.00833857897669077
0.004909733310341835
0.00969433318823576
0.0002666350337676704
0.0015015979297459126
0.0022299005649983883
0.09910853952169418
0.02075350098311901
0.22935503721237183
0.11470521986484528
0.07618462294340134
0.014338516630232334
0.0088535500690341
0.00532538490369916
0.012993691489100456
0.04561474919319153
0.014329671859741211
0.03485092520713806
0.023560360074043274
0.00031005582422949374
0.003361665178090334
0.024145502597093582
0.0017056622309610248
0.04484551399946213
0.09229272603988647
0.03700830042362213
0.09919796884059906
0.2911922335624695
0.05508146807551384
0.0007495329482480884
0.0001443536311853677
0.1627316027879715
0.015210989862680435
0.028004758059978485
0.6430038213729858
0.08801236748695374
0.029451820999383926
0.006819266825914383
0.19553953409194946
0.02634069323539734
0.009691731072962284
0.011143435724079609
0.015918932855129242
0.004972863011062145
0.37214669585227966
0.023656431585550308
0.5728324055671692
0.02547251433134079
0.09676660597324371
0.021690335124731064
0.03298228606581688
0.0060958294197916985
0.04279061779379845
0.09782588481903076
0.0038819052278995514
0.013635155744850636
0.005199114792048931
0.008112896233797073
0.0347738079726696
0.47565433382987976
0.002875090576708317
0.00031405308982357383
0.000692633620928973
0.007987553253769875
0.4874599874019623
0.01826094463467598
0.07849373668432236
0.10560228675603867
0.053245656192302704
0.20343278348445892
0.2569928467273712
0.005332107190042734
0.036462463438510895
0.003403609385713935
0.004310621414333582
0.014039062894880772
0.015276194550096989
0.04812634736299515
0.007193585392087698
0.13879115879535675
0.13086657226085663
0.01065065898001194
0.6651662588119507
0.012003342621028423
0.0010905308881774545
0.4966106414794922
0.029076168313622475
0.004206739366054535
0.03658798336982727
0.04286599159240723
0.0015722932294011116
0.04418283328413963
0.031086614355444908
0.114785335958004
0.0015346710570156574
0.010350003838539124
0.005700567737221718
0.057110611349344254
0.0068543958477675915
0.3246252238750458
0.06045885384082794
0.10636310279369354
0.0036610602401196957
0.11305247992277145
0.055642563849687576
0.1365482658147812
0.0001542632671771571
0.0091957226395607
0.04898026958107948
0.5005800724029541
0.040657296776771545
0.10067415237426758
0.025913827121257782
0.06847874820232391
0.10678600519895554
0.05789170786738396
0.01698875240981579
0.3346528708934784
0.0029424969106912613
0.04437847062945366
0.0026831720024347305
0.009420805610716343
0.15382187068462372
0.08830833435058594
0.0149512505158782
0.026608221232891083
0.02168857678771019
0.014147324487566948
0.0030429791659116745
0.03940298780798912
0.13330958783626556
0.0012767007574439049
0.011204545386135578
0.0034846579656004906
0.012448701076209545
0.05244309455156326
0.13780979812145233
0.04103781282901764
0.008535340428352356
0.20275580883026123
0.014690320007503033
0.012349244207143784
0.6381007432937622
0.007737153209745884
0.0005690352409146726
0.09575401246547699
0.003262711688876152
0.21323315799236298
0.00019944089581258595
0.004828968085348606
0.01575300842523575
0.01597018726170063
0.11665888875722885
0.028228934854269028
0.0007272444781847298
0.0336107574403286
0.03771737217903137
0.11669027805328369
0.0080998744815588
0.00029615589301101863
0.0332724004983902
0.0072950017638504505
0.0014531475026160479
0.008413027971982956
0.0018530365778133273
0.10485535860061646
0.02783772721886635
0.015787672251462936
3.3383512345608324e-05
0.001566717866808176
0.016041750088334084
0.013014072552323341
0.04057855159044266
0.007460457272827625
0.07280657440423965
0.003943482413887978
0.011515859514474869
0.025554899126291275
0.012503301724791527
0.5267188549041748
0.015132540836930275
0.019953083246946335
0.043857231736183167
0.03678454831242561
7.075908069964498e-05
0.0006959692109376192
0.013453586027026176
0.057214122265577316
1.5190566045930609e-05
0.027350224554538727
0.11117841303348541
0.007975663989782333
0.0004543352988548577
0.001576956594362855
0.09760496020317078
0.011773508042097092
0.19213072955608368
0.05311707407236099
0.000352402770658955
0.04624348133802414
0.015876377001404762
0.08433710783720016
0.015592402778565884
0.10643600672483444
0.005899437237530947
0.04992106556892395
0.013333925046026707
0.0006068063084967434
0.0004525248659774661
0.6644877791404724
0.004385305568575859
0.00019777656416408718
0.12044820189476013
0.08761175721883774
0.0002210322127211839
0.05152878910303116
0.012600390240550041
0.034085460007190704
0.0032652777153998613
0.0017822843510657549
0.003507247194647789
0.038621291518211365
0.0008473460911773145
0.017460886389017105
0.0033889636397361755
0.05209535360336304
0.011860530823469162
0.030560672283172607
0.030515743419528008
0.03743378072977066
0.003119856119155884
0.021458333358168602
0.16865456104278564
0.003525705309584737
0.013234798796474934
0.029108989983797073
0.04595556855201721
0.030769173055887222
0.06685610115528107
0.06619886308908463
0.013089125975966454
0.014029196463525295
0.0017828906420618296
0.16570895910263062
0.0028661314863711596
0.15539321303367615
0.09933760017156601
0.14872202277183533
0.226716548204422
0.00038620783016085625
0.0071817077696323395
0.013298501260578632
0.0002679568715393543
0.00509789539501071
0.5077775716781616
0.0010581499664112926
0.024613089859485626
0.001656777341850102
0.057171281427145004
0.010541708208620548
0.010778955183923244
0.16787761449813843
0.20454415678977966
0.0007669194601476192
0.011787823401391506
0.053153615444898605
0.028974073007702827
0.02459936961531639
0.017073452472686768
0.04018711298704147
0.16070698201656342
0.013406510464847088
0.024297380819916725
0.006973827723413706
0.00040378773701377213
0.036626528948545456
0.0804809182882309
0.0004006560775451362
0.08720562607049942
0.03446957841515541
0.017919600009918213
0.04818544536828995
0.01403602585196495
0.01670026034116745
0.07637318223714828
0.0018996861763298512
0.006633049808442593
0.3093715012073517
0.26447349786758423
0.23609885573387146
0.06868372112512589
0.003041912568733096
0.05328189581632614
0.029997587203979492
0.18212257325649261
0.011977512389421463
0.004552017897367477
0.04369894042611122
0.024218285456299782
0.9825893044471741
0.02200976014137268
0.08074986934661865
0.010202208533883095
0.01482777763158083
0.010154476389288902
0.4534142315387726
0.053117480129003525
0.2981697618961334
0.018610063940286636
0.05683232843875885
0.015652459114789963
0.0019427163060754538
0.0054986197501420975
0.059892043471336365
0.005625182297080755
0.015624834224581718
0.10428036004304886
0.0009073840919882059
0.0027870740741491318
0.03908868506550789
0.013047893531620502
0.009917969815433025
0.025235529989004135
0.0010854197898879647
0.004750797525048256
0.06765154004096985
0.038721852004528046
0.014176011085510254
0.026249052956700325
0.6477607488632202
0.002210289007052779
0.053225576877593994
0.002247417811304331
0.004412260837852955
0.02385365217924118
0.07603412866592407
0.06430920958518982
0.0029448161367326975
0.5539290308952332
0.10089157521724701
0.004976318217813969
0.18509650230407715
0.002761248964816332
0.4194808602333069
0.030213046818971634
0.025457138195633888
0.0020114565268158913
0.02199784480035305
0.0023116646334528923
0.011895138770341873
0.0008006738498806953
0.02988707646727562
0.010769583284854889
0.05315537378191948
0.0017697738949209452
0.043767523020505905
0.07418821007013321
0.006201134063303471
0.009614808484911919
0.03766527771949768
0.3275913894176483
0.01822495087981224
0.00757244136184454
0.05803356319665909
0.0007810674142092466
0.09355458617210388
0.10329000651836395
0.03992166370153427
0.013834482058882713
0.002121605910360813
0.0008128893678076565
0.0571121945977211
0.09617511928081512
0.003980131354182959
0.0003207614936400205
0.01383053045719862
0.013116447255015373
0.014486623927950859
0.004955378361046314
0.01637459360063076
0.004373464733362198
0.024952633306384087
0.02298511005938053
0.002524426206946373
0.024055132642388344
0.1355324238538742
0.02478156052529812
0.03521335870027542
0.00014593623927794397
0.005918389186263084
1.0894039869308472
0.0007632074411958456
0.003656734712421894
0.009269979782402515
0.03988834470510483
0.0024410022888332605
0.006048285402357578
0.009774369187653065
0.012059371918439865
0.0010375995188951492
0.00846898928284645
0.11901631951332092
0.12548589706420898
0.0017173569649457932
0.049651164561510086
0.1467887908220291
8.989045454654843e-06
0.005627424456179142
0.016740385442972183
0.34386977553367615
0.013143212534487247
0.6327369809150696
0.0013934546150267124
0.11247630417346954
0.05636218190193176
0.022215550765395164
0.005414749030023813
0.03283005952835083
0.003360592760145664
0.0007051631109789014
0.18007051944732666
0.0007924516685307026
0.007446772884577513
0.40987929701805115
1.6865404844284058
0.04883323609828949
0.1022600457072258
0.044149208813905716
0.033833153545856476
0.04325990378856659
0.4313001036643982
0.22292248904705048
0.13262416422367096
0.00017204269533976912
0.007104736752808094
0.026037808507680893
0.16847197711467743
0.005626999773085117
0.0022867899388074875
0.011231218464672565
0.03242159262299538
0.5332066416740417
0.1122886911034584
0.07324483245611191
0.0015600202605128288
0.03759311884641647
0.009123442694544792
0.051805708557367325
0.07642021775245667
0.008053428493440151
0.1494615525007248
0.16581492125988007
0.23112572729587555
0.027719279751181602
0.0498729944229126
0.02008657343685627
0.01960936188697815
0.0026771919801831245
0.011645253747701645
0.02879166789352894
0.017365308478474617
0.029408711940050125
0.08727916330099106
0.05965188145637512
0.036520034074783325
0.1700839400291443
0.09751147776842117
0.04935412481427193
0.0030823987908661366
0.022516047582030296
4.435618393472396e-05
0.0008240666938945651
0.03181777894496918
0.09645052254199982
0.069904625415802
0.11893853545188904
0.027375631034374237
0.12307428568601608
0.11000820249319077
0.003492353716865182
0.057352468371391296
0.05293744057416916
0.09635256975889206
0.16312868893146515
0.006802499759942293
0.002483340445905924
0.00847988948225975
0.008730779401957989
0.06157689169049263
0.10680566728115082
0.08828749507665634
0.005300399847328663
0.0013900131452828646
0.01121705025434494
0.003840633435174823
0.010454532690346241
0.008934668265283108
0.001460207742638886
0.0015533348778262734
0.03515543416142464
0.0012484281323850155
0.2694587707519531
0.1088397353887558
0.02089371159672737
0.03143317997455597
0.007240069564431906
0.25500693917274475
8.0897007137537e-05
0.01204467099159956
0.0061476025730371475
0.027717581018805504
0.1484421044588089
0.011707788333296776
0.05283199995756149
0.0026501216925680637
0.05062849447131157
0.08285865932703018
0.004492202773690224
0.0169138815253973
0.08145394176244736
0.017351800575852394
0.03304681181907654
0.11478663235902786
0.00973943155258894
0.007178550586104393
0.001959034241735935
0.029937826097011566
0.030259255319833755
0.9421482086181641
0.0068595376797020435
0.0584375336766243
0.018602576106786728
0.00424865772947669
0.03394629806280136
0.10901271551847458
0.0925389751791954
0.004688952583819628
0.567630410194397
0.011032933369278908
0.020062705501914024
0.012828562408685684
0.03712732717394829
0.0025741946883499622
0.4147573411464691
0.32214730978012085
0.5268638134002686
0.003672224236652255
0.20775914192199707
0.06380340456962585
0.042430926114320755
0.003238866338506341
0.15284942090511322
0.10063391923904419
0.046355292201042175
0.01410980336368084
0.060824234038591385
0.2661184072494507
0.06666062027215958
0.004554624669253826
0.01229383796453476
0.007646522019058466
0.024083208292722702
0.04334823787212372
0.004023199435323477
0.04673685133457184
0.11261077225208282
0.010617084801197052
0.01624870114028454
0.12067773938179016
0.03604606166481972
0.030373794957995415
0.19939152896404266
0.016615666449069977
0.004996045492589474
0.000395215000025928
0.011251961812376976
0.03226088359951973
0.0018144131172448397
0.13795962929725647
0.045617129653692245
0.02158435620367527
0.03883793205022812
0.031931981444358826
0.2716515362262726
0.09693939983844757
0.001843751990236342
0.5341001152992249
0.004091241862624884
0.01408039778470993
0.05591457337141037
0.02167966589331627
0.18339699506759644
0.06890657544136047
0.5513305068016052
0.0019607492722570896
0.16922371089458466
0.0025378188583999872
0.002196353627368808
0.02283438853919506
0.029439572244882584
0.016826001927256584
0.043182674795389175
0.012756247073411942
0.018071189522743225
0.20030246675014496
0.02105916477739811
0.007016269024461508
0.010396028868854046
0.14166852831840515
0.46623721718788147
0.16331379115581512
0.232961043715477
0.017954861745238304
0.1145937442779541
0.044548261910676956
0.020769678056240082
0.033123791217803955
0.0034152953885495663
0.20696906745433807
0.0004799337184522301
0.03699357062578201
0.043258775025606155
0.062932088971138
0.14046305418014526
0.038154486566782
0.09261555969715118
1.089745283126831
0.11124679446220398
8.584871829953045e-05
0.04209013283252716
0.0914965569972992
0.006801270879805088
0.044473059475421906
0.007297890726476908
0.018093056976795197
0.3549880385398865
0.04056956619024277
0.09758320450782776
0.0003743166453205049
0.00933244451880455
0.005018479656428099
0.004555581137537956
0.03306345269083977
0.0013949059648439288
0.0009669434512034059
0.017555009573698044
0.01215341780334711
0.005429333075881004
0.9331355094909668
0.0002322933723917231
0.04897095635533333
0.0036105175968259573
0.1297519952058792
0.19449476897716522
0.008715635165572166
0.020612593740224838
0.0004836878797505051
0.014684423804283142
0.0013489131815731525
0.4613732695579529
0.03240472450852394
0.00807860679924488
0.015252366662025452
0.04835498705506325
0.01630151830613613
0.0031246342696249485
0.048459142446517944
0.08536051958799362
0.018434716388583183
0.061325643211603165
0.0007984880940057337
0.07419327646493912
0.0024337635841220617
0.020919978618621826
0.023121614009141922
0.01578863337635994
0.0020479043014347553
0.020056219771504402
0.05595095083117485
0.04408387094736099
0.21360963582992554
0.010629698634147644
0.017641913145780563
0.006302119232714176
0.04135984927415848
0.9082183241844177
0.059227973222732544
0.00142368592787534
0.03182373195886612
0.06115632876753807
0.17457352578639984
0.045023612678050995
0.010591893456876278
0.14954403042793274
0.05100112780928612
0.0007960727089084685
0.02607002668082714
0.011547250673174858
0.45034149289131165
0.014325474388897419
0.009486614726483822
0.006216543260961771
0.010733608156442642
0.06165488809347153
0.006038257386535406
0.0014737928286194801
1.4967994689941406
0.07982388883829117
0.03551318496465683
0.07464612275362015
0.034450337290763855
0.0033048444893211126
0.42069414258003235
0.017056850716471672
0.013068350031971931
0.00414819223806262
0.0032770163379609585
0.02645763009786606
0.043156929314136505
0.049360476434230804
0.0002499249530956149
0.13041117787361145
0.02217014878988266
0.0014699742896482348
0.015128826722502708
0.003956106957048178
0.07966385036706924
0.010569027625024319
0.13856419920921326
0.009446019306778908
0.12886324524879456
0.0795845091342926
0.08492820709943771
0.10143119096755981
0.0014817926567047834
0.20117796957492828
0.049280475825071335
0.03781883046030998
0.07243344187736511
0.07805465906858444
0.04900152236223221
0.007966525852680206
0.0031547665130347013
0.005440599285066128
0.16438427567481995
0.05532703176140785
0.00978759489953518
0.3847902715206146
0.39855748414993286
0.07917945832014084
0.04215647652745247
0.026919905096292496
0.05160311236977577
0.02815849520266056
0.01426479872316122
0.039960723370313644
2.014285018958617e-05
0.008163373917341232
0.06761443614959717
0.022882074117660522
0.2514455020427704
0.00016722490545362234
0.00044232222717255354
9.218040213454515e-05
0.045746974647045135
0.0034554344601929188
0.06943467259407043
0.6471871137619019
0.029412779957056046
0.0007047210820019245
0.20318126678466797
0.0433204360306263
0.0003972993290517479
0.0090327775105834
0.07187359035015106
0.0015452471561729908
0.012503107078373432
0.002224433934316039
0.01151301059871912
0.2709159255027771
0.006620017811655998
0.004404345992952585
0.015063748694956303
0.032198309898376465
0.003056730143725872
0.007719812449067831
0.03065122477710247
0.05732874944806099
0.5603997707366943
0.0003098396700806916
0.17924465239048004
0.04985455051064491
0.13532108068466187
0.040847185999155045
0.07008261978626251
0.006439724937081337
0.006231482140719891
0.31117045879364014
0.0009983670897781849
0.005224567838013172
0.02184118703007698
0.0024468672927469015
0.048809826374053955
0.021640464663505554
0.018592147156596184
0.004186174366623163
0.35188087821006775
0.26252302527427673
0.014845555648207664
0.03373727574944496
3.204934182576835e-05
0.0030262810178101063
0.05447709932923317
0.050656192004680634
0.0317203663289547
0.019847681745886803
0.05284874141216278
0.1317901760339737
0.03938604146242142
0.04280304163694382
0.04441971331834793
0.00027043448062613606
0.0040590218268334866
0.016350962221622467
0.02984226867556572
0.02393621765077114
0.006387629546225071
0.033368874341249466
0.08059453964233398
0.17716199159622192
0.042474474757909775
1.578506350517273
0.08055925369262695
0.001017488189972937
0.8517456650733948
0.08328449726104736
0.005940051283687353
0.007098629605025053
0.01722699962556362
8.247262303484604e-05
0.08130688220262527
0.0002598121645860374
0.10201281309127808
0.03750435262918472
0.2571822702884674
0.019450027495622635
0.003106936812400818
0.004138140473514795
0.013340575620532036
0.06282954663038254
0.01047241035848856
0.44138017296791077
0.01684640906751156
0.07172197848558426
0.7622380256652832
0.0495346337556839
0.057466164231300354
0.01911955326795578
0.053887829184532166
0.01174954418092966
0.1790061593055725
0.1731148362159729
0.019430125132203102
0.0015269486466422677
5.363746458897367e-05
0.16768434643745422
0.013616273179650307
0.027797574177384377
0.4046544134616852
0.005410726647824049
0.017837464809417725
0.022568784654140472
0.07250947505235672
0.03227730095386505
0.05305830389261246
0.009110573679208755
0.024702006950974464
0.001409444841556251
0.006681771948933601
0.14059071242809296
0.17594382166862488
0.3354148864746094
3.68782966688741e-05
0.053524963557720184
0.5310801863670349
0.03584648668766022
0.004271877463907003
0.10576688498258591
0.08170712739229202
0.032180964946746826
0.018062975257635117
0.0009499057196080685
0.04356100782752037
0.08088746666908264
0.1239614337682724
0.007883856073021889
0.3459964692592621
0.48376959562301636
0.0001471624564146623
0.24474690854549408
0.021193604916334152
0.01596105843782425
0.09357967972755432
0.0039579193107783794
0.012980875559151173
0.32171040773391724
0.05535862222313881
0.0836571604013443
0.020422589033842087
0.01717875897884369
0.020474908873438835
0.002715248614549637
0.07424667477607727
0.048379071056842804
0.006865298375487328
4.110865847906098e-05
0.025671903043985367
0.029301127418875694
0.18524335324764252
0.4069337546825409
0.16460393369197845
0.004724849481135607
0.02997845970094204
0.18643496930599213
0.0001629587059142068
0.054376062005758286
0.3552025258541107
0.007013723254203796
0.014014165848493576
0.08940346539020538
0.009731600061058998
0.01079204585403204
0.008870122022926807
0.29135435819625854
0.009367617778480053
0.0008489067549817264
0.023951370269060135
0.0010147045832127333
0.10600879788398743
0.03895973414182663
0.0066893273033201694
0.0015967696672305465
3.2037473829404917e-07
0.015174522995948792
0.017539653927087784
0.01895863190293312
0.010894854553043842
0.017737656831741333
0.3451908826828003
2.0047009456902742e-05
0.03114130161702633
0.001075415639206767
0.0016998533392325044
0.05787923187017441
0.7012410759925842
0.015116262249648571
0.6672092080116272
0.0691629946231842
0.0036605047062039375
0.00011506714508868754
0.0012040704023092985
0.09060098230838776
0.0703217163681984
0.025161921977996826
0.012348414398729801
0.10527779161930084
0.4267154037952423
0.02348817139863968
0.054206352680921555
0.37216082215309143
0.006466496270149946
0.30511346459388733
0.017498621717095375
0.02062680386006832
0.005720349028706551
0.036894261837005615
0.003749728435650468
0.3436945974826813
0.020206589251756668
0.23702941834926605
0.0017042054096236825
0.010241757147014141
0.0008516337256878614
0.03522542119026184
0.03847043588757515
0.02373652346432209
0.027461444959044456
0.06923634558916092
0.03567686304450035
0.0003588042745832354
0.016604512929916382
0.05368150770664215
0.2928452789783478
0.35417234897613525
0.01746325194835663
0.002087312750518322
0.01884414814412594
0.037523381412029266
0.0196816585958004
0.00900194700807333
0.006346064619719982
0.11921801418066025
0.05088762938976288
0.03562043234705925
0.1914173811674118
0.3867887258529663
0.011829804629087448
0.014746485278010368
0.017411120235919952
0.035576704889535904
0.003015184309333563
0.0924709364771843
0.06754699349403381
0.005280336365103722
0.44228440523147583
0.22979949414730072
0.07013826072216034
0.0690474882721901
0.04672806337475777
0.00654025049880147
0.005417239386588335
0.004821544047445059
0.004134901333600283
0.049256812781095505
0.012138696387410164
0.18552008271217346
0.07612364739179611
0.0007855321746319532
0.09832386672496796
0.018274400383234024
0.10746408253908157
0.023094378411769867
0.0009897651616483927
0.04960492625832558
0.0013986693229526281
0.007786467671394348
0.0632617250084877
0.04493933171033859
0.2029203474521637
0.004314901307225227
0.007628756109625101
0.007822970859706402
0.10403811186552048
0.18172472715377808
0.01238047331571579
0.026129476726055145
0.02510770782828331
0.031077280640602112
0.0006500764866359532
0.014201603829860687
0.3346363306045532
0.009567181579768658
0.1632116436958313
0.027402391657233238
0.0009921810124069452
0.009071878157556057
0.0022931904532015324
0.07774826139211655
2.569442949607037e-05
0.044514432549476624
0.1365540325641632
0.0030509771313518286
0.018942875787615776
0.323557049036026
0.08460047841072083
0.01096824649721384
0.011201602406799793
0.012320679612457752
0.024856753647327423
0.03316885232925415
0.0005451403558254242
0.00020812181173823774
0.011069430969655514
0.002274450846016407
0.003641975112259388
0.019002150744199753
0.008348271250724792
0.0013137628557160497
0.010666054673492908
0.06128300353884697
0.003572579938918352
0.2723539471626282
0.010421286337077618
0.0005036749062128365
0.06331319361925125
0.009979678317904472
0.06638044118881226
0.026452194899320602
0.004033504985272884
0.0008776469621807337
0.057968396693468094
0.0017938725650310516
0.11452926695346832
0.024412933737039566
0.042393848299980164
0.07413975149393082
0.01646587811410427
0.02457662671804428
0.013853263109922409
0.29723936319351196
0.014272855594754219
0.020072080194950104
0.0004508302081376314
0.005226589273661375
0.027252990752458572
0.024040237069129944
0.025468191131949425
0.04288984835147858
0.0171345267444849
0.0033094650134444237
0.045123759657144547
0.00862836092710495
0.02565271034836769
0.02602851204574108
0.026611164212226868
0.059662990272045135
0.0001756540877977386
0.006634539924561977
0.1567547470331192
0.011884780600667
0.007021845318377018
0.06618998944759369
0.006156803574413061
1.0398097038269043
0.09658027440309525
0.002329787705093622
0.088796466588974
0.007649211212992668
0.09370218962430954
0.10659335553646088
0.007396814413368702
0.0016082213260233402
0.014936435036361217
0.0041835252195596695
0.018113333731889725
0.07330038398504257
0.00651446171104908
0.004510374739766121
0.006444136146456003
0.3441445827484131
0.02884906902909279
0.0014524365542456508
0.004692997317761183
0.006982139311730862
0.1254022866487503
0.008142448030412197
0.026985635980963707
0.013918350450694561
0.04794318601489067
0.00019609411538112909
0.11737656593322754
0.00037427814095281065
0.2929394245147705
0.1858135163784027
0.07818730920553207
0.10482517629861832
0.03481592237949371
0.003589433152228594
0.01093288790434599
0.0018159105675294995
0.04406789690256119
0.0320233553647995
0.31729111075401306
0.5510133504867554
0.023726996034383774
0.002052457071840763
0.020321127027273178
0.07022839039564133
0.07857070863246918
0.07603700459003448
0.047625504434108734
0.019465584307909012
0.007411253172904253
0.1942577064037323
0.003312033135443926
0.04283948987722397
0.02844041772186756
0.24802301824092865
0.00601481506600976
0.14604824781417847
0.0029655578546226025
0.01927107200026512
0.01341492310166359
0.015588406473398209
0.002829841570928693
0.03318352252244949
0.04251910746097565
0.0011687956284731627
0.014850890263915062
0.022026296705007553
0.03737403824925423
0.010188812389969826
0.0009080455638468266
0.0194005835801363
0.12459252774715424
0.004282314330339432
0.023654010146856308
0.0013420968316495419
0.006217934191226959
0.047320183366537094
0.1314459890127182
0.030842339619994164
0.05902046337723732
0.0022237563971430063
0.051119036972522736
0.00731963524594903
0.002306752372533083
0.04439327120780945
0.037820879369974136
0.2638612389564514
0.017032472416758537
0.08727133274078369
0.023733198642730713
0.03074987418949604
0.08862083405256271
0.022206803783774376
0.011738046072423458
0.007045815698802471
0.5993555784225464
0.010104668326675892
0.052161432802677155
0.03921085596084595
1.2702513933181763
0.01005735993385315
0.0011859717778861523
0.02310158498585224
0.12116409093141556
0.08783744275569916
0.02192860282957554
0.0030337919015437365
0.2112191915512085
0.007892824709415436
0.003385819960385561
0.00691218301653862
0.10910635441541672
0.04542965814471245
0.15341375768184662
0.0027643931098282337
0.05428222194314003
0.09212090820074081
0.2765994369983673
0.0008241818286478519
0.3770030736923218
0.0001881514908745885
0.014141862280666828
0.03718111664056778
0.021407030522823334
0.005257446318864822
0.112385094165802
0.02689274027943611
0.6079906225204468
0.1342986524105072
0.06204669177532196
0.01934986189007759
0.054086070507764816
0.1415034681558609
0.003212271025404334
0.022738687694072723
0.00039680564077571034
0.037093352526426315
0.005988487973809242
0.016556167975068092
0.08248952776193619
0.005055021028965712
0.00988859310746193
0.13264521956443787
0.019416388124227524
0.000258145242696628
0.1285225749015808
0.07260295003652573
0.086241215467453
0.0022463577333837748
0.005250927992165089
0.01446541491895914
0.0036582383327186108
0.03280606493353844
0.26906776428222656
0.007076562382280827
0.0047150831669569016
0.779251754283905
0.13695228099822998
0.12624751031398773
0.02237912081182003
0.08337385952472687
0.0007666574674658477
0.4241713285446167
0.018883738666772842
0.042605284601449966
0.019539915025234222
0.007946336641907692
0.5752942562103271
0.04558613896369934
0.05709006264805794
0.008547287434339523
0.04842521622776985
0.0025200750678777695
0.10279303044080734
0.004986287094652653
0.00010982945968862623
0.0018098498694598675
0.05969708412885666
0.005501753184944391
0.016068942844867706
0.0006546014337800443
0.042808469384908676
0.10331433266401291
0.11815055459737778
0.05108562111854553
0.2612448036670685
0.0038486032281070948
0.0025843982584774494
0.001288251718506217
0.017645973712205887
0.010248497128486633
0.07087737321853638
0.010889957658946514
0.010768049396574497
0.08117024600505829
0.0032557351514697075
0.06399635225534439
0.01967238262295723
0.0045753237791359425
0.0014416798949241638
0.01347973570227623
0.016685716807842255
0.055119894444942474
0.004386221989989281
0.0005211579846218228
0.11678412556648254
0.07842052727937698
0.05537223815917969
5.159943248145282e-05
0.05840341001749039
0.015575602650642395
0.1700849086046219
0.004388588946312666
0.008635565638542175
0.05078412964940071
0.059539616107940674
0.00010926718823611736
0.07123145461082458
0.5454306602478027
0.005004844628274441
0.005756386090070009
0.008409464731812477
0.2936202585697174
0.0026457561179995537
0.005993210710585117
0.5289181470870972
0.07503020763397217
0.0575115829706192
0.0031298501417040825
0.0035144276916980743
0.002721406752243638
0.009306133724749088
0.4344598948955536
0.40511205792427063
0.07438955456018448
0.01315067708492279
0.0051197148859500885
0.003918755333870649
0.043988052755594254
0.013415142893791199
0.10881906747817993
0.37619102001190186
0.07521189004182816
0.38976070284843445
0.0013768674107268453
0.05390683934092522
0.14137007296085358
0.21991407871246338
0.08079982548952103
0.0014377677580341697
0.02577177621424198
0.0011290154652670026
0.016212059184908867
0.13745835423469543
0.16064850986003876
0.272628515958786
0.12132188677787781
0.13980118930339813
0.06267160922288895
0.026483070105314255
0.0913461446762085
0.002410260261967778
0.0385478213429451
0.03525282442569733
0.21031945943832397
0.02430252730846405
0.0019637038931250572
0.0017026627901941538
0.043095894157886505
0.13951067626476288
0.030509384348988533
0.038057126104831696
0.019874418154358864
0.05481317639350891
0.03947308659553528
0.0874779149889946
0.0516807846724987
0.06718841940164566
0.971737802028656
0.0004970100708305836
0.0059309168718755245
0.1490935981273651
0.0719372034072876
0.022412989288568497
0.017742909491062164
0.6894435882568359
0.11150958389043808
0.12300118058919907
0.025342484936118126
0.2527969479560852
0.002932206029072404
0.0007415648433379829
0.08241426944732666
0.3057241439819336
0.1424228399991989
0.044928159564733505
0.025677155703306198
0.02139975316822529
0.004579386208206415
0.05334494262933731
0.006945562548935413
0.05374658480286598
0.00015227141557261348
0.009728728793561459
0.04297211021184921
0.010106053203344345
0.027657587081193924
0.0031682124827057123
0.01723993942141533
0.005531841889023781
0.14729951322078705
0.0022038291208446026
0.03247838839888573
0.01811366342008114
0.3506508469581604
0.017859328538179398
0.026494747027754784
0.0003852371883112937
0.0015686677070334554
0.0021460619755089283
0.17940187454223633
1.0957609415054321
0.13701194524765015
0.009589944034814835
0.012213305570185184
0.029188234359025955
0.001959968823939562
0.07425349950790405
0.09491291642189026
0.0041581676341593266
0.05432315170764923
0.02100869081914425
1.0124422311782837
0.010210000909864902
0.16066420078277588
0.015846997499465942
0.0005883739795535803
0.00042201182805001736
0.007864060811698437
0.001893758773803711
0.20412565767765045
0.02795388177037239
0.005076919216662645
0.0006047318456694484
0.07477105408906937
0.025589190423488617
0.007298551965504885
0.005266366992145777
0.3549114465713501
0.002459014533087611
0.02366575598716736
0.022919179871678352
0.07410062849521637
0.033768437802791595
0.041221652179956436
0.017611432820558548
0.0411967858672142
0.007666273973882198
0.0024241418577730656
0.046817757189273834
0.03353501856327057
0.1290668249130249
0.008634982630610466
0.010827007703483105
0.006054339464753866
0.01213782373815775
0.0024775764904916286
0.2733795940876007
0.008768170140683651
0.009067388251423836
0.02362545020878315
0.16577115654945374
0.0029577016830444336
0.013070035725831985
0.1297350972890854
0.1265019327402115
0.005888431798666716
0.0042071230709552765
0.14375098049640656
0.016727909445762634
0.6488773822784424
0.004992539994418621
0.10808869451284409
0.0023111319169402122
0.0032725115306675434
0.059618763625621796
0.03981705754995346
0.022899067029356956
0.07272616028785706
0.07153742015361786
0.002867161761969328
0.03611038625240326
0.05156146362423897
0.0018508945358917117
0.002989858156070113
0.005240684375166893
0.013158224523067474
0.12036577612161636
0.2634047269821167
0.1357661634683609
0.0599273219704628
0.25484275817871094
0.09680218249559402
0.05151454359292984
0.00046474236296489835
0.005974672734737396
0.30226773023605347
0.003544219769537449
0.17571231722831726
0.00978873111307621
0.07602813094854355
0.03493914753198624
0.022524626925587654
0.0023964177817106247
0.2876361906528473
0.041288767009973526
0.02010856196284294
0.06126989424228668
0.007603855803608894
0.05194300413131714
0.010255535133183002
0.03442275896668434
0.3087437152862549
0.014532029628753662
0.03433704748749733
0.14600619673728943
0.014611603692173958
0.11322619020938873
0.4285140037536621
0.10785123705863953
0.034816499799489975
0.05740569531917572
0.0008505156729370356
0.0037525855004787445
8.37647748994641e-05
0.0008976607932709157
0.013039669953286648
0.12847957015037537
0.05196153372526169
0.029190368950366974
0.0013691093772649765
0.017839251086115837
0.015952441841363907
0.010237859562039375
0.10242248326539993
0.04897107928991318
0.010857012122869492
0.004046147223562002
0.05332736298441887
0.00021099939476698637
0.05656684562563896
0.0013341077137738466
0.024367358535528183
0.13826073706150055
0.008666148409247398
0.003961711190640926
0.11447597295045853
0.0024258331395685673
0.12907102704048157
0.03589143231511116
0.004352085292339325
0.10216695070266724
0.05103050172328949
0.01189891342073679
0.004349521826952696
0.022060412913560867
0.16215218603610992
0.07728377729654312
0.004598674364387989
0.015559674240648746
0.07652920484542847
0.4224203824996948
0.04225633293390274
0.235463485121727
0.006677380762994289
0.007122545037418604
0.17953473329544067
0.0031566601246595383
0.16057732701301575
0.6810585856437683
0.15145531296730042
0.13401424884796143
0.02030029147863388
0.009460030123591423
0.00014829101564828306
0.0832277163863182
0.030426619574427605
0.0046867383643984795
0.5034372806549072
0.04161003604531288
0.047320619225502014
0.0015871014911681414
0.011471490375697613
0.0015510725788772106
0.0027847529854625463
0.07774397730827332
0.02098819985985756
0.005921625532209873
0.0035695680417120457
0.16628816723823547
0.0005026060389354825
0.06183524802327156
0.02685103937983513
0.10926812142133713
0.002014873083680868
0.021537937223911285
0.0035673328675329685
6.865596515126526e-05
0.009565108455717564
0.009728780016303062
0.014809984713792801
0.0032077603973448277
0.002609326271340251
0.0004709609202109277
0.006980540230870247
0.0013738429406657815
0.04744340106844902
0.018858060240745544
0.010264621116220951
0.2761622965335846
0.034971680492162704
0.07646674662828445
0.09322860836982727
0.1578967124223709
0.06771781295537949
0.023048358038067818
0.06728097796440125
0.047849252820014954
0.05456164479255676
0.031046176329255104
0.10856447368860245
0.00890249665826559
0.010242757387459278
0.001695524901151657
1.04445481300354
0.0034049060195684433
0.026000171899795532
0.08373226970434189
0.004366882145404816
0.03095843270421028
0.03103415109217167
0.020835578441619873
0.45616602897644043
0.04565412551164627
0.25543367862701416
0.05638768523931503
3.787862078752369e-05
0.01927267201244831
0.13038107752799988
0.007221701089292765
0.09787742793560028
0.07900706678628922
0.1748276948928833
0.09348385781049728
0.026803916320204735
0.013950345106422901
0.08349931985139847
0.007746074814349413
0.12090566754341125
0.07260734587907791
0.14402025938034058
0.03697836771607399
0.016157951205968857
0.003395607229322195
1.7370732166455127e-05
0.050204236060380936
0.023151254281401634
0.0017411902081221342
0.014791304245591164
0.003614613553509116
0.0558294840157032
0.004714867565780878
0.27858778834342957
0.0027079395949840546
0.08553080260753632
0.09844952821731567
0.004978775046765804
0.4111715853214264
0.00017779349582269788
0.001776670920662582
0.003590521402657032
0.08732761442661285
0.05902930349111557
0.0326044000685215
0.01874781772494316
0.05554104223847389
0.01296919398009777
0.0013899035984650254
0.006375277880579233
0.040959134697914124
0.23865832388401031
0.42376095056533813
0.10197101533412933
0.10758382827043533
0.028934868052601814
0.010863428004086018
0.2862091362476349
0.009535462595522404
0.04140051454305649
0.38167423009872437
0.00017971274792216718
0.025520792230963707
0.006814978085458279
0.011861735954880714
0.02607913315296173
0.00665511516854167
0.061505306512117386
0.026244577020406723
0.027663998305797577
0.025928061455488205
0.01725710555911064
0.9750125408172607
0.11285916715860367
0.0015357782831415534
0.5123170614242554
0.013424331322312355
0.027887996286153793
0.06288675218820572
0.024217136204242706
0.05957978591322899
0.06027758866548538
0.21068058907985687
0.002023652894422412
0.05434732511639595
0.009384763427078724
0.003331300336867571
0.020374737679958344
0.11650284379720688
0.007241232320666313
0.054277095943689346
0.7352043390274048
0.009080151095986366
0.23018716275691986
0.016265038400888443
0.06306452304124832
0.14376720786094666
0.00021816184744238853
0.09826706349849701
0.011131773702800274
0.0655594915151596
0.05669746920466423
0.011017833836376667
0.03180011361837387
0.028673440217971802
0.003995989449322224
0.0017690532840788364
0.11446530371904373
0.017372099682688713
0.02234540693461895
0.04210249334573746
0.0005560897989198565
0.03233295679092407
0.23345226049423218
0.4521833062171936
0.005405976437032223
0.035715747624635696
0.007900943979620934
0.15955360233783722
0.14742425084114075
0.38707229495048523
0.32185348868370056
0.0002860917302314192
0.032580938190221786
0.016136806458234787
0.0008212902466766536
0.001920138020068407
0.0065933712758123875
0.0036015731748193502
0.060041412711143494
0.0028508510440587997
0.12422873824834824
0.06663370132446289
0.00692758010700345
0.34106647968292236
0.0790862962603569
0.015870464965701103
0.09811197966337204
0.0010597945656627417
0.03367679938673973
0.08873724937438965
0.01476101204752922
0.11652146279811859
0.004020253196358681
0.10154204070568085
0.006593245547264814
0.004463748540729284
0.011597397737205029
0.0011496040970087051
0.00030212936690077186
0.01415947638452053
0.024825317785143852
0.00627778097987175
0.0066483826376497746
0.026941101998090744
0.011541832238435745
0.049944907426834106
0.002099717501550913
0.009636485949158669
0.5988355278968811
0.01107725128531456
0.010054342448711395
0.022043537348508835
0.017171408981084824
0.016705423593521118
0.03637317195534706
0.04014751315116882
0.017020003870129585
0.3323580026626587
0.006124136038124561
0.04521209001541138
0.01810016855597496
0.031141728162765503
3.223207386326976e-05
0.3321729600429535
0.002764776349067688
0.003946635406464338
0.007881212048232555
0.023368671536445618
0.08149272203445435
0.053545694798231125
0.02355709858238697
0.0010614576749503613
0.0018023871816694736
0.10846889764070511
0.014170249924063683
0.06612253189086914
0.27688559889793396
0.017616460099816322
0.010599235072731972
0.0002857435029000044
0.06911897659301758
0.0009720827220007777
0.09122715145349503
0.07145409286022186
0.012114358134567738
0.0013491905992850661
0.004600959364324808
0.6613808274269104
0.03043246455490589
0.20824170112609863
0.012452789582312107
0.5996105074882507
0.20271708071231842
0.005950682330876589
0.09199552983045578
0.39293456077575684
0.004966542590409517
0.0013827342772856355
0.331211119890213
0.0015671566361561418
0.046266376972198486
0.04333594813942909
0.07590774446725845
0.012999487109482288
0.004972154274582863
0.001976046012714505
0.004652095027267933
0.030189188197255135
0.7944755554199219
0.007489320822060108
0.0553499311208725
1.6736267805099487
0.04370032250881195
0.014582018367946148
0.27063730359077454
0.009639821946620941
0.003956965636461973
0.029222916811704636
0.08064194023609161
0.1734202355146408
0.27125632762908936
0.01093199010938406
0.004213985987007618
0.0007956151966936886
0.06034429743885994
0.0005457507213577628
0.027687376365065575
0.011815045960247517
0.002551243407651782
0.0006470436928793788
0.0006002237205393612
0.08071032911539078
0.029192527756094933
0.45352402329444885
0.39650416374206543
0.000500591762829572
0.06995871663093567
0.0016405358910560608
0.00017457985086366534
0.2089885026216507
0.048866864293813705
0.0001217431272380054
0.019695712253451347
0.016937118023633957
0.18492382764816284
0.053127046674489975
0.17867518961429596
0.015006604604423046
0.16380126774311066
0.0008132836665026844
1.3507112264633179
0.24929919838905334
0.018122754991054535
0.006855761632323265
0.0032116523943841457
0.07183212786912918
0.0023085293360054493
0.006297914776951075
0.23689796030521393
0.009890245273709297
0.18882757425308228
0.013807838782668114
0.0017997436225414276
0.02621287666261196
0.0005839999648742378
0.04552384838461876
0.06010475754737854
0.1317826807498932
0.015308152884244919
0.00029452721355482936
0.0014962592395022511
0.002953099552541971
0.04740510880947113
0.09426584094762802
0.460934579372406
0.009247093461453915
0.006953565403819084
0.004518088884651661
0.0040371473878622055
0.040373075753450394
0.0036691275890916586
0.1645928919315338
0.00153960264287889
0.022854873910546303
0.027572188526391983
0.007048949599266052
0.019732588902115822
0.02538786269724369
0.5915703177452087
0.0769650936126709
0.14005149900913239
0.0007389204110950232
0.06294412165880203
1.7650747395236976e-05
0.09203416854143143
0.007297524716705084
0.0006324417772702873
0.10494858771562576
0.12991631031036377
0.02153455838561058
8.215756679419428e-05
0.014805596321821213
0.0008146428735926747
0.06566611677408218
0.02899305336177349
0.004770345985889435
0.03790365904569626
0.004708986729383469
0.05569096654653549
0.016340652480721474
0.031956903636455536
0.05539345368742943
0.07392780482769012
0.1258493810892105
0.2514239251613617
0.4131460189819336
0.00026215153047814965
0.08714016526937485
0.03745117038488388
0.24387361109256744
0.058382462710142136
0.012877066619694233
0.14801132678985596
0.021465511992573738
0.04217325896024704
0.0029613047372549772
0.0021988379303365946
0.030308376997709274
0.0068634795024991035
0.014081661589443684
0.011122691445052624
0.22122283279895782
0.8211504817008972
0.5691056251525879
0.00516219437122345
0.00021361475228331983
0.22114725410938263
0.005030353553593159
0.01342864241451025
0.20000895857810974
0.0031227588187903166
0.05301079899072647
0.04714997112751007
0.10276098549365997
0.007525291293859482
0.377799928188324
0.1441074162721634
0.01220384519547224
0.0959935411810875
0.14550085365772247
0.005331049673259258
2.485410451889038
0.016191702336072922
0.012855683453381062
0.010256699286401272
0.1776932328939438
0.001573676010593772
0.03975219652056694
0.13310536742210388
0.13416801393032074
0.0011272962437942624
0.03886132314801216
0.09097346663475037
0.02445550262928009
0.5913705825805664
0.37751853466033936
0.06346974521875381
0.00296062882989645
0.006709349807351828
0.000420951604610309
0.01615275628864765
0.43917959928512573
0.2964477837085724
0.0375969298183918
0.07252926379442215
0.007607461418956518
0.016991185024380684
0.3543015122413635
0.04588738828897476
0.20829035341739655
0.0032765085343271494
0.013652928173542023
0.04472431540489197
0.0017092806519940495
0.0006747494917362928
0.01272754929959774
0.004445132799446583
0.00026102527044713497
0.1308792382478714
0.1800713986158371
0.15456616878509521
0.0004336166603025049
0.028836194425821304
0.971656084060669
0.32538461685180664
0.1855786293745041
0.21309147775173187
0.001434785663150251
0.005932049825787544
0.0367685966193676
0.008409980684518814
0.07109745591878891
0.06860499829053879
0.2206677943468094
0.08621014654636383
0.10783345997333527
0.4958355724811554
0.012699142098426819
0.023565147072076797
0.0001204213040182367
0.11093556880950928
0.006023765541613102
0.01806882582604885
0.017116546630859375
0.011937838979065418
0.014731315895915031
0.01665104180574417
0.03912707418203354
0.49313896894454956
0.4584137797355652
0.2866571247577667
0.008220926858484745
0.2961304187774658
0.0008872445905581117
0.008223063312470913
0.07608889788389206
0.01323474571108818
0.1202024295926094
0.06220231205224991
0.09078667312860489
0.2359633892774582
0.01739194430410862
0.12052929401397705
0.005165489390492439
0.0037569990381598473
0.036824047565460205
0.02838500216603279
0.07859160006046295
0.003439206862822175
0.0025302309077233076
0.04202289506793022
0.013251597993075848
0.010552134364843369
0.00938921608030796
0.5274273753166199
0.027564192190766335
0.0059376005083322525
0.14152413606643677
0.31478723883628845
0.3287041485309601
0.00031226640567183495
0.0019060553750023246
0.051784031093120575
0.05684738978743553
0.024400928989052773
0.022003725171089172
0.10496168583631516
0.03816870227456093
0.013174822553992271
0.03680852800607681
0.012340141460299492
0.00023000182409305125
0.6276689171791077
0.13561609387397766
0.7178119421005249
0.10821395367383957
0.027039149776101112
0.02319803647696972
0.02420506626367569
0.0027389819733798504
0.00322336214594543
0.04941105097532272
0.0025359359569847584
0.17137660086154938
0.0543709471821785
0.06055331230163574
0.001050839084200561
0.005227352026849985
0.0792633444070816
0.008971442468464375
0.05331546813249588
0.0191824771463871
0.11382617801427841
0.32212743163108826
0.01392205711454153
0.026165883988142014
0.0024919479619711637
0.00027252922882325947
0.15982529520988464
0.002545033348724246
0.0036263547372072935
0.032415248453617096
0.2666507065296173
0.0046632676385343075
0.18742521107196808
0.25027453899383545
0.02875984087586403
0.09775269776582718
0.043888259679079056
0.2418990284204483
0.06967379152774811
0.09395789355039597
0.2100784182548523
0.09980522096157074
0.06739628314971924
0.16149500012397766
0.12327507883310318
0.2685607671737671
0.05394187197089195
0.0996161475777626
0.015598048456013203
5.5265805713133886e-05
0.028978364542126656
0.03454598784446716
0.14869308471679688
0.03563794121146202
0.004565947223454714
0.2765308916568756
0.34291717410087585
0.0038031614385545254
0.010050289332866669
0.0029653117526322603
0.027356000617146492
0.16919559240341187
0.265443354845047
0.0006832778453826904
0.03721069172024727
0.017926011234521866
0.004678192548453808
0.02920270711183548
0.02079673670232296
0.03798472508788109
0.042362481355667114
0.09750089794397354
0.01348063349723816
0.062259308993816376
0.10255763679742813
0.012640474364161491
0.0006152741843834519
0.008454052731394768
0.009234634228050709
0.20513038337230682
0.03311334177851677
0.5356774926185608
0.002072650706395507
0.02183663286268711
0.010038482956588268
0.01992124691605568
0.006424706429243088
1.2429170055838767e-05
0.06858625262975693
0.050245292484760284
0.2207571268081665
0.004531583748757839
0.0388709157705307
0.00431691063567996
0.04423104599118233
0.06109903007745743
0.06452929973602295
0.018891293555498123
0.13854427635669708
0.5426355600357056
0.048540908843278885
0.0016941055655479431
0.0171345267444849
0.008497092872858047
0.009881078265607357
0.00029951983015052974
0.004032358527183533
0.10599234700202942
0.01628922112286091
0.027164453640580177
0.6331897377967834
0.12070100009441376
0.14737842977046967
0.03718157485127449
0.08229435235261917
0.04020540416240692
0.4076927900314331
0.0011770189739763737
0.2816808521747589
0.14534077048301697
0.0011115116067230701
0.019419029355049133
0.004412349779158831
0.020207606256008148
0.010273324325680733
0.002856376115232706
0.045459963381290436
0.005175070371478796
0.06922535598278046
0.06728218495845795
0.12225819379091263
0.22464732825756073
0.07083655148744583
0.033364437520504
0.06691847741603851
0.04492606967687607
0.2881317734718323
0.020842988044023514
0.05371830239892006
0.015962090343236923
0.058195117861032486
0.0021378796081990004
0.003420287510380149
0.04075726121664047
0.004413879942148924
0.0019496253225952387
0.00013437496090773493
0.02379162237048149
0.7560652494430542
0.02544436976313591
0.09432361274957657
0.01740964688360691
0.020681580528616905
0.20126774907112122
0.0006917330902069807
0.006169429048895836
0.0018362251576036215
0.31689122319221497
0.0049817063845694065
0.007469103671610355
0.029910756275057793
0.06492723524570465
0.0036813709884881973
3.188562550349161e-05
0.01050881389528513
0.015487708151340485
0.01128535345196724
0.23596812784671783
0.047369763255119324
1.4719829778186977e-05
0.014163324609398842
0.0888211652636528
0.011096200905740261
