0.06528299301862717
0.05437906086444855
0.07434399425983429
0.06027122586965561
0.18566083908081055
0.16229897737503052
0.051262859255075455
0.043459270149469376
0.5619732141494751
0.06385974586009979
0.037016406655311584
0.05678378418087959
0.049428753554821014
0.06746809184551239
0.40541765093803406
0.03834201395511627
0.055230095982551575
0.0664600133895874
0.05316632613539696
0.0894455760717392
0.05385124683380127
0.052274540066719055
0.06810832023620605
0.0824303850531578
0.03281736373901367
0.08897958695888519
0.08449119329452515
0.056254949420690536
0.07115016877651215
0.0473950132727623
0.07550107687711716
0.054857634007930756
0.04793877899646759
0.0364251546561718
0.07147142291069031
0.04074482247233391
0.05775505676865578
0.07418176531791687
0.044188786298036575
0.05052805319428444
0.061921022832393646
0.06263083964586258
0.1034655049443245
0.07552026957273483
0.044350143522024155
0.0639813244342804
0.037028584629297256
0.0486409068107605
0.08182602375745773
0.06122613325715065
0.047735877335071564
0.12211346626281738
0.0480024591088295
0.046389199793338776
0.08695678412914276
0.09813256561756134
0.06744278967380524
0.05848446488380432
0.06262025982141495
0.04462725669145584
0.052343420684337616
0.11932626366615295
0.04433269053697586
0.057347774505615234
0.08116142451763153
0.04073832929134369
0.04907776042819023
0.05142071843147278
0.08599832653999329
0.05344726890325546
0.0660039633512497
0.08853068947792053
0.05522817745804787
0.041942477226257324
0.062619149684906
0.0641549825668335
1.1398475170135498
0.05940200760960579
0.06270327419042587
0.08274324983358383
0.04580264538526535
0.042108744382858276
0.06300005316734314
0.05269181355834007
0.05416765436530113
0.045839112251996994
0.06113332137465477
0.062279485166072845
0.049842312932014465
0.06257496029138565
0.05318639427423477
0.0647406056523323
0.07564126700162888
0.0734155997633934
0.9827522039413452
0.04080065339803696
0.04991936683654785
0.06847258657217026
0.052222006022930145
0.062180887907743454
0.05565877631306648
0.07335947453975677
0.0557822585105896
0.08542973548173904
0.0610927939414978
0.05214794725179672
0.05620129406452179
0.08425980061292648
0.043902140110731125
0.08907224982976913
0.0723666101694107
0.056026969105005264
0.0677071213722229
0.07850781828165054
0.06839077174663544
0.048343971371650696
0.060616157948970795
0.08099110424518585
0.04628888890147209
0.05655672028660774
0.06487010419368744
0.0559627041220665
0.059581100940704346
0.05235275998711586
0.05713728070259094
0.04608938470482826
0.045225322246551514
0.07521723210811615
0.042738016694784164
0.04433959349989891
0.05855213478207588
0.04668549820780754
0.04371459037065506
0.05665110796689987
0.040174342691898346
0.038792479783296585
0.046624623239040375
0.04722198471426964
0.04811125993728638
0.0613631047308445
0.049327168613672256
0.06218861788511276
0.051275577396154404
0.0430903360247612
0.4648478329181671
0.049092233180999756
0.0644909217953682
0.05423470959067345
0.06463159620761871
0.147655189037323
0.04270969703793526
0.07214020937681198
0.03750067949295044
0.05572904273867607
0.03374871239066124
0.052363477647304535
0.06253368407487869
0.04300927743315697
0.04868962615728378
0.0526752732694149
0.046995945274829865
0.08475839346647263
0.05910095199942589
0.08858940750360489
0.06231088936328888
1.031184196472168
0.052412502467632294
0.046851709485054016
0.062488675117492676
0.05216905474662781
0.04040633887052536
0.04989516735076904
0.03664911165833473
0.05618070811033249
0.064852274954319
0.05659039318561554
0.047953762114048004
0.07160335034132004
0.0706183984875679
0.04185457527637482
0.04345403611660004
0.042299311608076096
0.08047071844339371
0.04765366390347481
0.053091976791620255
0.04275458678603172
0.08981941640377045
0.03981224074959755
0.05299505591392517
0.047287456691265106
0.059270840138196945
0.048911117017269135
0.05279562249779701
0.05070862919092178
0.05393426492810249
0.05803928151726723
0.04611765220761299
0.06332307308912277
0.03640992194414139
0.055106356739997864
0.062195785343647
0.0404050387442112
0.13540370762348175
0.03854655846953392
0.07222441583871841
0.03609593212604523
0.0584864616394043
0.07892362028360367
0.04160263016819954
0.4485921859741211
0.04403327777981758
0.05053922161459923
1.004235863685608
0.08840677887201309
0.05134601891040802
0.032371435314416885
0.03836924210190773
0.0790277048945427
0.048448484390974045
0.07923828065395355
0.042404428124427795
0.030430667102336884
0.09314440935850143
0.04068758338689804
0.025431526824831963
0.04649185389280319
0.04837581515312195
0.05790577083826065
0.052394673228263855
0.0463210865855217
0.05396779999136925
0.05754418298602104
0.03726770728826523
0.04694247245788574
0.059879083186388016
0.053513236343860626
0.07685476541519165
0.03408008813858032
0.07590796798467636
0.04979516193270683
0.04659277945756912
0.05568903684616089
0.04892907291650772
0.0492330864071846
0.04563675448298454
0.04338284209370613
0.04431269317865372
0.03920132294297218
0.042451098561286926
0.03908166661858559
0.04948963597416878
0.04162624105811119
0.03864534944295883
0.04572642222046852
0.05063440278172493
0.0553051233291626
0.039467230439186096
0.04274032264947891
0.09985789656639099
0.06543541699647903
0.04142560064792633
0.050572991371154785
0.04598332941532135
0.0998174250125885
0.02825486846268177
0.04004890099167824
0.07669451832771301
0.04587936028838158
0.04219670966267586
0.0890883356332779
0.07199299335479736
0.03251500055193901
0.1047426164150238
0.07857303321361542
0.059830330312252045
0.09021135419607162
0.08543937653303146
0.07084687054157257
0.061257168650627136
0.04875020682811737
0.07161025702953339
0.036286935210227966
0.047638505697250366
0.058313045650720596
0.06764455884695053
0.059145331382751465
0.047211021184921265
0.04984370991587639
0.11773423850536346
0.06313136219978333
0.052279118448495865
0.03630881384015083
0.08886207640171051
0.12678909301757812
0.05980575084686279
0.052675265818834305
0.044120609760284424
0.06513123214244843
0.08185263723134995
0.43226319551467896
0.0732371136546135
0.052142903208732605
0.05817230045795441
0.06000375375151634
0.03327825292944908
0.03805564343929291
0.07331354171037674
0.03871981054544449
0.051227208226919174
0.04995618760585785
0.03553174063563347
0.026202606037259102
0.05065149813890457
0.06903152912855148
0.7888226509094238
0.05821163207292557
0.03395310044288635
0.05644296854734421
0.06381938606500626
0.10218299925327301
0.040927790105342865
0.047417834401130676
0.05549858510494232
0.04428413510322571
0.04825374856591225
0.03243236243724823
0.04635113477706909
0.044010937213897705
0.03476400300860405
0.037807539105415344
0.03736831247806549
0.0375325046479702
0.052050888538360596
0.05252601578831673
0.07628188282251358
0.05185135081410408
0.03616853803396225
0.03910486400127411
0.03931991755962372
0.05447600409388542
0.05220448225736618
0.035196948796510696
0.06149882823228836
0.04622221365571022
0.038721151649951935
0.043438203632831573
0.050819031894207
0.046610672026872635
0.0520794503390789
0.043502964079380035
0.048734117299318314
0.0642477348446846
0.040554847568273544
0.04594731330871582
0.05238882452249527
0.04949333891272545
0.0493771955370903
0.05225927755236626
0.039589591324329376
0.057192087173461914
0.03879585862159729
0.04268944635987282
0.040429629385471344
0.05327042192220688
0.033678408712148666
1.915473461151123
0.033188872039318085
0.04801515117287636
0.039095357060432434
0.03361869603395462
0.03575289249420166
0.0451911985874176
0.03704661875963211
0.05031070485711098
0.044252004474401474
0.05486564710736275
0.045524291694164276
0.062216103076934814
0.03782651573419571
0.038075610995292664
0.03578510135412216
0.051526620984077454
0.04619090259075165
0.5613011717796326
0.04287930205464363
0.03632308542728424
0.035321492701768875
0.03246814012527466
0.02716527320444584
0.05427299067378044
0.02580311708152294
0.023080985993146896
0.03764090687036514
0.03984316065907478
0.0256656426936388
0.0370437353849411
0.03137386590242386
0.031081467866897583
0.03281044587492943
0.041171737015247345
0.029493410140275955
0.0350765697658062
0.030906453728675842
0.041574571281671524
0.02211470901966095
0.027567217126488686
0.02591445855796337
0.02643836848437786
0.029850700870156288
0.029836313799023628
0.0315714068710804
0.03255067020654678
0.5905342698097229
0.037825822830200195
0.028457295149564743
0.029070444405078888
0.03118402510881424
0.9783411622047424
0.03275769576430321
0.06670007109642029
0.039328765124082565
0.03516322374343872
0.02740209735929966
0.03284961357712746
0.038538794964551926
0.03488276153802872
0.03772930055856705
0.031011609360575676
0.032713375985622406
0.06178909167647362
0.03835947811603546
0.02978110872209072
0.031649746000766754
0.07334662973880768
0.023333095014095306
0.03699914366006851
0.03522968664765358
0.034302301704883575
0.034037623554468155
0.034072574228048325
0.03313605114817619
0.04613875970244408
0.027198394760489464
0.03668569028377533
0.027510883286595345
0.03650655597448349
0.03551261126995087
0.0298567246645689
0.057091936469078064
0.03814129903912544
0.04651385918259621
0.04049358889460564
0.04361184313893318
0.04071657732129097
0.03612414374947548
0.04711303487420082
0.04571487754583359
0.05369621515274048
0.03644092008471489
0.03832952305674553
0.03687426447868347
0.03744443506002426
0.03379194065928459
0.06552177667617798
0.04523751512169838
0.8005682229995728
0.03134533390402794
0.04025769978761673
0.04380762577056885
0.042673259973526
0.042458660900592804
0.037819840013980865
0.03400713950395584
0.0484970398247242
0.034978654235601425
0.03822571784257889
0.061185721307992935
0.9551688432693481
0.06134987995028496
0.05288289487361908
0.046615514904260635
0.042182423174381256
0.036371417343616486
0.03130161017179489
0.06428444385528564
0.054518479853868484
0.047095201909542084
0.035047855228185654
0.0422963872551918
0.046185001730918884
0.046481821686029434
0.05961223319172859
0.03305291011929512
0.04683764651417732
0.038032129406929016
0.04596436768770218
0.04524032026529312
0.04611407220363617
0.04982569441199303
0.0339689701795578
0.058767251670360565
0.040489211678504944
0.030574874952435493
0.03335423395037651
0.050276342779397964
0.0377843976020813
0.056152522563934326
0.04305371642112732
0.05340278521180153
0.03729938343167305
0.03658690303564072
0.05740813538432121
0.035371288657188416
0.07270365953445435
0.03403910994529724
0.057749390602111816
0.04373757168650627
0.0300788264721632
0.04322989657521248
0.042864955961704254
0.04081471264362335
0.049292709678411484
0.04380681738257408
0.047270338982343674
0.036008358001708984
0.03554654121398926
0.0669146254658699
0.039178792387247086
0.06271785497665405
0.03642901033163071
0.029113922268152237
0.03828561678528786
0.03169487416744232
0.04242279380559921
0.03144856542348862
0.046887509524822235
0.03440842777490616
0.07467303425073624
0.03855057805776596
0.08290625363588333
0.04826723411679268
0.027365300804376602
0.055895961821079254
0.06764499843120575
0.03261466324329376
0.05630193650722504
0.03539244830608368
0.038786884397268295
0.039651770144701004
0.05491538345813751
0.05861372873187065
0.03735591471195221
1.1878153085708618
0.03860238194465637
0.040524862706661224
0.029181886464357376
1.2052149772644043
0.03667571023106575
0.045315101742744446
0.04486909881234169
0.02504625916481018
0.04330696910619736
0.03057490661740303
0.03299163654446602
0.027746470645070076
0.03592096269130707
0.04551481083035469
0.04802543669939041
0.06073087453842163
0.04972541332244873
0.05304599925875664
0.040618669241666794
0.039330702275037766
0.06091891601681709
0.043294329196214676
0.03972482308745384
0.0674898624420166
0.0544307641685009
0.5726150870323181
0.06506281346082687
0.04435605928301811
0.052923932671546936
0.08120490610599518
0.08954447507858276
0.07613148540258408
0.058234475553035736
0.05249127000570297
0.07816820591688156
0.09382379800081253
0.11983954906463623
0.061606742441654205
0.07264664769172668
0.1120094507932663
0.0683600977063179
0.04510261118412018
0.0520218163728714
0.07944392412900925
0.05686740204691887
0.05445915833115578
0.07916641235351562
0.06177103891968727
0.06132413074374199
0.06633641570806503
0.0647723451256752
0.04353730380535126
0.045485734939575195
0.06889209151268005
0.0489824078977108
0.04825218394398689
0.0698312446475029
0.04753665253520012
0.06889603286981583
0.05241905525326729
0.07679247111082077
0.052257437258958817
0.04585331678390503
0.7255522608757019
0.07107752561569214
0.044906727969646454
0.060490164905786514
1.533510684967041
0.05394076555967331
0.0734475702047348
0.06143438071012497
0.0834936797618866
0.065700002014637
0.07215369492769241
0.0439828559756279
0.04236890375614166
0.068456269800663
0.056966233998537064
0.05860171094536781
0.04173947125673294
0.051010794937610626
0.04068367928266525
0.05122222378849983
0.09119465947151184
0.05307809263467789
0.07931103557348251
0.05848162993788719
0.064399853348732
0.05720345675945282
0.058781109750270844
0.04442548751831055
0.06339269131422043
0.05206951126456261
0.033030033111572266
0.18474185466766357
0.05212925374507904
0.7006145715713501
0.027423258870840073
0.03795315697789192
0.05124715715646744
0.03384120389819145
0.06318105757236481
0.048499736934900284
0.30112335085868835
0.05425595864653587
0.031622495502233505
0.04903170466423035
0.0692647323012352
0.054956477135419846
0.0353115051984787
0.05299516022205353
0.040352046489715576
0.03801727294921875
0.06177496537566185
0.03120759315788746
0.04475504532456398
0.06697352230548859
0.06420545279979706
0.0611763522028923
0.041812714189291
0.046995893120765686
0.04843580722808838
0.047751929610967636
0.0396764762699604
0.04281012341380119
0.04287175461649895
0.04042431712150574
0.03517749905586243
0.03831258416175842
0.05716481804847717
0.04866955429315567
0.0348067432641983
0.05104091018438339
0.06001967936754227
0.054848942905664444
0.07099761813879013
0.054826535284519196
0.05707836523652077
0.058575283735990524
0.03502679616212845
0.03933829069137573
0.04454852640628815
0.05177471786737442
0.05345609039068222
0.05246233940124512
0.08305498957633972
0.058283161371946335
0.05585053935647011
0.053734250366687775
0.03838177025318146
0.07595214992761612
0.07569535076618195
0.05123113468289375
0.07255637645721436
0.05310118943452835
0.05860735848546028
0.05543608218431473
0.07814396917819977
0.06724647432565689
0.08008208870887756
3.0810794830322266
0.05175143480300903
0.06774705648422241
0.07709033787250519
0.06613768637180328
0.0506608709692955
0.04269968345761299
0.04119524359703064
0.0500408373773098
0.057741038501262665
0.06512299925088882
0.04596602916717529
0.05201686918735504
0.06392592191696167
0.04374018311500549
0.05532157048583031
0.04549019783735275
0.05493127554655075
0.08164720237255096
0.06125213950872421
0.05947379767894745
0.10288575291633606
0.0542730838060379
0.04053260758519173
0.05251220986247063
0.04549713432788849
0.0959104523062706
0.038426972925662994
0.11523325741291046
0.08388451486825943
0.05556526780128479
0.0592472180724144
0.061987414956092834
0.09661748260259628
0.06361152231693268
0.06452462822198868
0.09473271667957306
0.0442194789648056
0.0656241700053215
0.07040756940841675
0.0626131147146225
0.05507536605000496
0.09095525741577148
0.07469774037599564
0.05691700801253319
0.07251551002264023
0.05714229494333267
0.0764506459236145
0.0729648768901825
0.13067327439785004
0.06538098305463791
0.04154517874121666
0.07720868289470673
0.042320527136325836
0.06958679854869843
