0.003350202925503254
0.005358794704079628
0.0028724311850965023
0.015376073308289051
0.0044525982812047005
0.4840429723262787
0.00426870072260499
0.035616032779216766
0.005607708357274532
0.003185928100720048
0.002591510070487857
0.0035174828954041004
0.0027778418734669685
0.007402797695249319
0.033429354429244995
0.004217840265482664
0.0038926659617573023
0.00961779709905386
0.005160935688763857
0.011129796504974365
0.0031336985994130373
0.0032648416236042976
0.005741766653954983
0.005071321502327919
0.0031335523817688227
0.013453656807541847
0.003753999015316367
0.0023433552123606205
0.004309441894292831
0.007312037516385317
0.020114120095968246
0.0020628103520721197
0.0028585169930011034
0.012151848524808884
0.0041463603265583515
0.004610174335539341
0.0238400436937809
0.006996115203946829
0.002798025496304035
0.007196294609457254
0.0037102377973496914
0.01326686330139637
0.011873367242515087
0.012377952225506306
0.004068255424499512
0.012072823010385036
0.02183207869529724
0.003297234885394573
0.019129883497953415
0.006058208644390106
0.018542516976594925
0.0025492797140032053
0.002896626014262438
0.003548669395968318
0.002936770673841238
0.1414249986410141
0.005322835873812437
0.006300772540271282
0.007251732982695103
0.004066100809723139
0.004365155473351479
0.032298777252435684
0.002965635620057583
0.03926209732890129
0.010573968291282654
0.007288757245987654
0.01464146003127098
0.010488864034414291
0.013318603858351707
0.0060770390555262566
0.009858994744718075
0.00940212607383728
0.012632016092538834
0.006824370473623276
0.026862643659114838
0.010317523032426834
0.020891008898615837
0.009603671729564667
0.0088307224214077
0.013471044600009918
0.009168704971671104
0.013003415428102016
0.023237451910972595
0.010177229531109333
0.010120600461959839
0.008743883110582829
0.009120789356529713
0.013081355020403862
0.024854512885212898
0.010098987258970737
0.011178871616721153
0.006763408426195383
0.014865783974528313
0.012129436247050762
0.009668691083788872
0.016409384086728096
0.016956420615315437
0.009502176195383072
0.006865914911031723
0.010172500275075436
0.008831975981593132
0.015457994304597378
0.009733783081173897
0.011249033734202385
0.008408517576754093
0.029132308438420296
0.009167508222162724
0.009328968822956085
0.012968161143362522
0.01439091470092535
0.011209426447749138
0.010437996126711369
0.01960538700222969
0.024763278663158417
0.013299179263412952
0.014637589454650879
0.014433993957936764
0.011182808317244053
0.01167445071041584
0.013881626538932323
0.014429263770580292
0.009601522237062454
0.008013628423213959
0.011295902542769909
0.012279585003852844
0.016909515485167503
0.010907686315476894
0.016515500843524933
0.004756742622703314
0.004651542287319899
0.007746462244540453
0.004421634133905172
0.006398542784154415
0.0054740021005272865
0.004252105485647917
0.004135944880545139
0.0050194342620670795
0.008444656617939472
0.006549489218741655
0.006535239517688751
0.012820788659155369
0.006269531324505806
0.008863884024322033
0.006339606363326311
0.21409212052822113
0.007766367867588997
0.010109503753483295
0.005376670975238085
0.004442314151674509
0.006154436618089676
0.008053459227085114
0.004756089299917221
0.004658833146095276
0.005904892925173044
0.021917736157774925
0.05066142603754997
0.0066122934222221375
0.005923990160226822
0.004783024080097675
0.010722611099481583
0.02226574718952179
0.00986842904239893
0.004191121086478233
0.1954452097415924
0.004384908359497786
0.008058352395892143
0.00569615513086319
0.005234966054558754
0.008167505264282227
0.00496353954076767
0.28041431307792664
0.006691083777695894
0.006487366743385792
0.00404819892719388
0.005744533613324165
0.011175280436873436
0.008696856908500195
0.00377404666505754
0.1743868738412857
0.00661260262131691
0.006435133051127195
0.013311226852238178
0.0063134850934147835
0.004998842719942331
0.005439650267362595
0.007023264188319445
0.003996430430561304
0.021804174408316612
0.006148715037852526
0.008028172887861729
0.00518875801935792
0.006737656891345978
0.007547204382717609
0.05475323647260666
0.027164511382579803
0.01037377305328846
0.003627111902460456
0.006809157319366932
0.00869944877922535
0.004717335104942322
0.026488948613405228
0.03702307119965553
0.005087531637400389
0.0050285933539271355
0.008911918848752975
0.004593229852616787
0.008127818815410137
0.02710608020424843
0.002977999858558178
0.005036993883550167
0.009846245869994164
0.004423741716891527
0.0043990532867610455
0.006428518798202276
0.005382555536925793
0.006610835436731577
0.005699777975678444
0.00583659578114748
0.003503154730424285
0.019760243594646454
0.06005982309579849
0.006700490601360798
0.0072516826912760735
0.006914328783750534
0.027995044365525246
0.005494560580700636
0.006666658446192741
0.0037116052117198706
0.007694427855312824
0.005074972286820412
0.005665377713739872
0.00651056133210659
0.00860868114978075
0.005545749329030514
0.004466799087822437
0.00691461656242609
0.0035407545510679483
0.004198156762868166
0.009946100413799286
0.004876051563769579
0.00962003879249096
0.004577954765409231
0.005858028307557106
0.008684501051902771
0.005351072642952204
0.007086716126650572
0.006473912857472897
0.005260981619358063
0.005172118544578552
0.007570966612547636
0.004417914431542158
0.04696601256728172
0.04169956222176552
0.005191497504711151
0.005827932618558407
0.003816458163782954
0.01033267006278038
0.02837710827589035
0.011952385306358337
0.015611112117767334
0.019961735233664513
0.01063813827931881
0.012053042650222778
0.014126819558441639
0.021596843376755714
0.014304064214229584
0.01722889393568039
0.013522001914680004
0.015011079609394073
0.010136522352695465
0.011599944904446602
0.008469628170132637
0.012892216444015503
0.012906641699373722
0.013445358723402023
0.010475216433405876
0.013071171939373016
0.013181600719690323
0.01055594626814127
0.011985219083726406
0.012774359434843063
0.009839418344199657
0.0088072894141078
0.009421324357390404
0.011025046929717064
0.008932976983487606
0.00910841953009367
0.030014798045158386
0.016668327152729034
0.009844751097261906
0.014614115469157696
0.014384610578417778
0.007822348736226559
0.061850208789110184
0.012491040863096714
0.008833500556647778
0.013371407985687256
0.022351259365677834
0.02197316661477089
0.013454722240567207
0.009622598066926003
0.016345897689461708
0.01381162740290165
0.008163422346115112
0.00982842780649662
0.011464987881481647
0.008387654088437557
0.010342699475586414
0.01016432698816061
0.007528635673224926
0.014661802910268307
0.019643079489469528
0.011339275166392326
0.01342339813709259
0.023838063701987267
0.016018178313970566
0.025883492082357407
0.007151701487600803
0.012572873383760452
0.008306959643959999
0.008054233156144619
0.05567744001746178
0.01983928680419922
0.05321916565299034
0.017835816368460655
0.011419772170484066
0.014375819824635983
0.013678157702088356
0.11303864419460297
0.012653827667236328
0.020330818369984627
0.007350782863795757
0.023781098425388336
0.021656520664691925
0.22567492723464966
0.008314631879329681
0.015543660148978233
0.013035066425800323
0.015927638858556747
0.027365589514374733
0.007348051760345697
0.018169380724430084
0.02937833033502102
0.009195562452077866
0.020077591761946678
0.013683750294148922
0.02181100845336914
0.01358927134424448
0.028447100892663002
0.03043295070528984
0.010797949507832527
0.009272233583033085
0.010503942146897316
0.07330174744129181
0.009341219440102577
0.00812759343534708
0.006333999801427126
0.13052228093147278
0.00743130873888731
0.01269039697945118
0.009622061625123024
0.020638931542634964
0.02919478341937065
0.03461545705795288
0.009939325973391533
0.01321408711373806
0.04776090756058693
0.011340271681547165
0.01243179477751255
0.08623426407575607
0.02357732504606247
0.02464313618838787
0.021027781069278717
0.025287888944149017
0.00599890248849988
0.04522782564163208
0.01959679275751114
0.056686948984861374
0.01662805862724781
0.01733325980603695
0.010801865719258785
0.03112153708934784
0.007750384975224733
0.01059719081968069
0.06870026141405106
0.08813075721263885
0.01919403113424778
0.03430718183517456
0.036499571055173874
0.017120543867349625
0.03134845569729805
0.0618133619427681
0.04225403815507889
0.02898145467042923
0.42029377818107605
0.06828156113624573
0.04462825506925583
0.015685301274061203
0.31699490547180176
0.01073193084448576
0.037781041115522385
0.008362431079149246
0.014908719807863235
0.011601854115724564
0.16280744969844818
0.01381312869489193
0.011721436865627766
0.022289274260401726
0.0534672774374485
0.022624243050813675
0.01410454511642456
0.029062390327453613
0.01118252333253622
0.017315391451120377
0.014499466866254807
0.0776318684220314
0.0172366201877594
0.01759890839457512
0.03285206854343414
0.07238522171974182
0.023677309975028038
0.016047827899456024
0.38742315769195557
0.36969107389450073
0.016884000971913338
0.011418702080845833
0.04299531131982803
0.019441815093159676
0.014128139242529869
0.01532540563493967
0.010893503203988075
0.014460219070315361
0.13296447694301605
0.019218813627958298
0.24462789297103882
0.015561587177217007
0.039798617362976074
0.02198839746415615
0.010920535773038864
0.014076665043830872
0.03117692470550537
0.012348523363471031
0.017866795882582664
0.017807941883802414
0.016706522554159164
0.014168456196784973
0.23693391680717468
0.039646416902542114
0.037245314568281174
0.03733380511403084
0.030961938202381134
0.053053803741931915
0.05880141630768776
0.03754425048828125
0.054358258843421936
0.37638071179389954
0.03950556367635727
0.027665430679917336
0.07014142721891403
0.12004701793193817
0.14827385544776917
0.0356917567551136
0.048115912824869156
0.05814627930521965
0.034247804433107376
0.03178820386528969
0.039895057678222656
0.03477222099900246
0.06496602296829224
0.023595567792654037
0.0311085544526577
0.03647053986787796
0.05213639885187149
0.04150860011577606
0.022904032841324806
0.023923147469758987
0.3527587652206421
0.04879574850201607
0.0559409074485302
0.029141342267394066
0.03648051619529724
0.32206201553344727
0.03231043741106987
0.030818860977888107
0.053515415638685226
0.07541833817958832
0.03584598749876022
0.03436249867081642
0.04691292345523834
0.027437619864940643
0.04010748863220215
0.026200424879789352
0.030175816267728806
0.02841244265437126
0.035908378660678864
0.03897814452648163
0.07377338409423828
0.04833456128835678
0.03320251405239105
0.019134419038891792
0.05787576735019684
0.04820803925395012
0.03929823637008667
0.05221174284815788
0.03574533015489578
0.027890723198652267
0.04625125601887703
0.03985479846596718
0.051019638776779175
0.018762478604912758
0.030881430953741074
0.021930070593953133
0.002006672555580735
0.024996569380164146
0.003938023932278156
0.012259370647370815
0.004326384514570236
0.0023347227834165096
0.00155761803034693
0.0034509862307459116
0.01889117993414402
0.008500432595610619
0.018579373136162758
0.003295771311968565
0.006341553293168545
0.006616168189793825
0.002278877655044198
0.006896023638546467
0.004041602835059166
0.0019056873861700296
0.033783599734306335
0.01312557328492403
0.0019360529258847237
0.006494913250207901
0.0051156156696379185
0.004474124871194363
0.0042288051918148994
0.003513855393975973
0.008656233549118042
0.005465425085276365
0.00814756192266941
0.011304723098874092
0.04359014332294464
0.006280236877501011
0.001793665811419487
0.003423065412789583
0.0035456083714962006
0.004844397772103548
0.0035417978651821613
0.01144703384488821
0.010825691744685173
0.003712806850671768
0.013427238911390305
0.002349475398659706
0.008440056815743446
0.012043445371091366
0.029766511172056198
0.003937875386327505
0.006613124627619982
0.0027115060947835445
0.00767363840714097
0.0031917926389724016
0.0026226539630442858
0.0018865596503019333
0.006390539929270744
0.015780797228217125
0.0029443525709211826
0.005604386329650879
0.002173013286665082
0.009907098487019539
0.020452650263905525
0.00815571565181017
0.004473700188100338
0.012485722079873085
0.008142353035509586
0.0037829799111932516
0.003949540667235851
0.014934697188436985
0.034259796142578125
0.029607295989990234
0.005495991557836533
0.005476051941514015
0.009918902069330215
0.01165514811873436
0.005079688038676977
0.007427716627717018
0.008535154163837433
0.035928379744291306
0.013821534812450409
0.004244770389050245
0.004073987249284983
0.0046562557108700275
0.004114928655326366
0.007042767480015755
0.009862554259598255
0.0033498238772153854
0.0035101366229355335
0.015187511220574379
0.02611442282795906
0.005750695243477821
0.010912532918155193
0.011138718575239182
0.0039523569867014885
0.061920784413814545
0.007547618821263313
0.011360921896994114
0.0050176335498690605
0.03023505210876465
0.0046366071328520775
0.006623412016779184
0.0063529470935463905
0.004997422453016043
0.00337437866255641
0.004095389973372221
0.005696541164070368
0.02155834622681141
0.019736723974347115
0.008187179453670979
0.006037116050720215
0.00926090870052576
0.008612185716629028
0.007406413089483976
0.049782272428274155
0.046667080372571945
0.035510942339897156
0.023757968097925186
0.02039162814617157
0.010469854809343815
0.005981487687677145
0.004296405240893364
0.02416040003299713
0.004667879547923803
0.003805412445217371
0.008795419707894325
0.005958433263003826
0.003784139407798648
0.008829932659864426
0.0076148621737957
0.004632161930203438
0.008136953227221966
0.006154967471957207
0.003918791189789772
0.0044530886225402355
0.0055739241652190685
0.004655802622437477
0.004637648351490498
0.003705596784129739
0.009941247291862965
0.006266719661653042
0.004972448106855154
0.004118412267416716
0.004362085834145546
0.005395530257374048
0.01039415504783392
0.005962269380688667
0.007112863939255476
0.005228578113019466
0.007594764232635498
0.008093536831438541
0.004557519219815731
0.004199919290840626
0.005256221164017916
0.009954940527677536
0.013826928101480007
0.019322233274579048
0.008898144587874413
0.003282691817730665
0.00438357749953866
0.006448439322412014
0.007149791810661554
0.0059202867560088634
0.005365969613194466
0.006471829488873482
0.0064576901495456696
0.003966209478676319
0.004376584198325872
0.009187458083033562
0.00478002242743969
0.005544645711779594
0.007105150260031223
0.0043477690778672695
0.00612608902156353
0.00491680670529604
0.00799096655100584
0.003667294979095459
0.006302522495388985
0.012704428285360336
0.0035551832988858223
0.01039274875074625
0.005535679869353771
0.010880486108362675
0.009784838184714317
0.006675431039184332
0.007070820312947035
0.0051842257380485535
0.004623832646757364
0.008455575443804264
0.007052112370729446
0.009069940075278282
0.007309149019420147
0.004516918212175369
0.006194463465362787
0.005146853160113096
0.006003326736390591
0.0054929726757109165
0.006049098912626505
0.006665167864412069
0.0040711830370128155
0.0034959802869707346
0.0043228850699961185
0.00667007640004158
0.007968125864863396
0.013352101668715477
0.00422940868884325
0.006440885365009308
0.0071282759308815
0.004281135275959969
0.0052465288899838924
0.004834772553294897
0.01207694225013256
0.00944964773952961
0.004603363573551178
0.004451515153050423
0.0064877793192863464
0.00416821101680398
0.0046988194808363914
0.005653962027281523
0.11743767559528351
0.013510189950466156
0.006378438323736191
0.00621399562805891
0.004646165296435356
0.0912478044629097
0.005250744987279177
0.004548624157905579
0.00609612325206399
0.005608533974736929
0.004411881789565086
0.00441737612709403
0.004008946008980274
0.011494611389935017
0.008195318281650543
0.0061832694336771965
0.005363873206079006
0.00621461309492588
0.00703068682923913
0.005256175994873047
0.005457720253616571
0.004727084655314684
0.005344524513930082
0.00847164262086153
0.005637570284307003
0.00634104385972023
0.006236091256141663
0.004173917695879936
0.006159935146570206
0.003746496047824621
0.020234741270542145
0.005642973352223635
0.0052282544784247875
0.010591807775199413
0.005047798156738281
0.005280469078570604
0.005041992291808128
0.0053662629798054695
0.004962448962032795
0.011936343275010586
0.008196896873414516
