0.0682273656129837
0.06722600758075714
0.06278642266988754
0.05352866277098656
0.06543845683336258
0.11222486197948456
0.07888750731945038
0.0713256299495697
0.07046554982662201
0.0758097693324089
0.07496682554483414
0.10895276814699173
0.05512486398220062
0.0703435018658638
0.07606294751167297
0.06524599343538284
0.0771491527557373
0.0922953188419342
0.08375081419944763
0.10475271940231323
0.06636867672204971
0.06891698390245438
0.07305938750505447
0.0771755576133728
0.07199110090732574
0.06731588393449783
0.0707012340426445
0.05949503183364868
0.10056678205728531
0.08096642792224884
0.22704032063484192
0.07229435443878174
0.06331753730773926
0.09983155131340027
0.08332443237304688
0.07533982396125793
0.7493364810943604
0.05070160701870918
0.06047771871089935
0.05770321935415268
0.07282046973705292
0.06344062089920044
0.07171133160591125
0.07226236164569855
0.05493734031915665
0.286190390586853
0.0962056815624237
0.056349217891693115
0.06329727172851562
0.06508329510688782
0.0790230855345726
0.06620599329471588
0.061396583914756775
0.06652845442295074
0.06381461769342422
0.06740488111972809
0.06148034706711769
0.07513952255249023
0.2350069135427475
0.05344267562031746
0.10929127782583237
0.06803703308105469
0.08489975333213806
0.05170735716819763
0.0731930136680603
0.08622375130653381
0.0668354332447052
0.060914311558008194
0.2194954752922058
0.05681938678026199
0.08381102979183197
0.08593624830245972
0.1666857898235321
0.07004295289516449
0.053835537284612656
0.05574246123433113
0.07386687397956848
0.05080101639032364
0.08854782581329346
0.05435768887400627
0.07182653248310089
0.06894177198410034
0.07315608859062195
0.09063023328781128
0.08937355875968933
0.05483981966972351
0.0589229092001915
0.506572425365448
0.08420485258102417
0.05587282031774521
0.06644649803638458
0.05337017774581909
0.07020048797130585
0.0638846680521965
0.12272541970014572
0.4599187970161438
0.05632787197828293
0.06839598715305328
0.07402434945106506
0.0985894501209259
0.05665583163499832
0.04643486440181732
0.07894310355186462
0.07737794518470764
0.09558344632387161
0.059330351650714874
0.05287838727235794
0.071725994348526
0.044246092438697815
0.06709112972021103
0.05397607013583183
0.07132449001073837
0.07248708605766296
0.052514806389808655
0.08806093037128448
0.04710960388183594
0.056912560015916824
0.05831081420183182
0.05158860608935356
0.06092572584748268
0.09514129161834717
0.09786997735500336
0.053793348371982574
0.059019800275564194
0.05433778837323189
0.061920832842588425
0.10064579546451569
0.08002061396837234
0.05443291738629341
0.0669575035572052
0.06957543641328812
0.08420008420944214
0.05622536689043045
1.0847936868667603
0.08223367482423782
0.06909147650003433
0.07775230705738068
0.08154987543821335
0.06201230734586716
0.09545186907052994
0.059930894523859024
0.053820617496967316
0.09111309051513672
0.059848345816135406
0.08090435713529587
0.061450131237506866
0.07439083606004715
0.07705827057361603
0.08989453315734863
0.06852338463068008
0.06763952225446701
0.7695303559303284
0.06231836974620819
0.05683283135294914
0.12647345662117004
0.06253941357135773
0.08312874287366867
0.06011022627353668
0.056022077798843384
0.0693274661898613
0.07942041754722595
0.06360933929681778
0.05539410933852196
0.059510063380002975
0.07700993120670319
0.07707736641168594
0.05903134122490883
0.0971321314573288
0.8944214582443237
0.09036798775196075
0.06305652111768723
0.07900000363588333
0.08337922394275665
0.06509608030319214
0.07252021133899689
0.06518888473510742
0.06435021013021469
0.07700160890817642
0.05968836322426796
0.06812481582164764
0.05787614732980728
0.07193153351545334
0.07971040904521942
0.05930335074663162
0.07110657542943954
0.06678736209869385
0.08113280683755875
0.07581311464309692
0.059877511113882065
0.08375146985054016
0.06322123855352402
0.061999812722206116
0.05921917408704758
0.08621200174093246
0.05012815445661545
0.0694245919585228
0.22476771473884583
0.05067005008459091
0.059801116585731506
0.1939311921596527
0.0795765295624733
0.044686686247587204
0.13630957901477814
0.0526801198720932
0.049043893814086914
0.06702388823032379
0.06155630946159363
0.05465679243206978
0.07678459584712982
0.05980458855628967
0.05928485840559006
0.07065042108297348
0.07280050963163376
0.061930153518915176
0.06322269141674042
0.04873311147093773
0.06085886061191559
0.06563378870487213
0.0809638500213623
0.06825783848762512
0.07138801366090775
0.08422688394784927
0.07280001789331436
0.05683125928044319
0.08224193006753922
0.05116141587495804
0.06970828026533127
0.10016965866088867
0.060154322534799576
0.05615856498479843
0.05989867076277733
0.05946003645658493
0.1139267161488533
0.045604877173900604
0.20064345002174377
0.05014122277498245
0.049019090831279755
0.06272242963314056
0.04118313640356064
0.3523240089416504
0.06725004315376282
0.05889979377388954
0.07753519713878632
0.06979561597108841
0.057139478623867035
0.067093625664711
0.055411361157894135
0.047508563846349716
0.056380756199359894
0.05833374708890915
0.0815344899892807
0.06733797490596771
0.09438981115818024
0.08695415407419205
0.06047357618808746
0.062104158103466034
0.11681153625249863
0.0995178148150444
0.13611936569213867
0.11310616880655289
0.11390325427055359
0.09460331499576569
0.09740976989269257
0.12363643944263458
0.08242891728878021
0.06995733082294464
0.45681577920913696
0.08388868719339371
0.1774933785200119
0.0990576446056366
0.12380853295326233
0.1319691240787506
0.0741257593035698
0.09521392732858658
0.08501137793064117
0.09657743573188782
0.09019580483436584
0.45124751329421997
0.11365820467472076
0.08447327464818954
0.10854973644018173
0.14265969395637512
0.06959690898656845
0.09622999280691147
0.10922114551067352
0.08734261989593506
0.09071069210767746
0.11936096101999283
0.06972301006317139
0.0798124149441719
0.10488096624612808
0.6864699125289917
0.11224988847970963
0.08373872190713882
0.12084504961967468
0.07327047735452652
0.11626593768596649
0.07372569292783737
0.10940016806125641
0.14907412230968475
0.09207600355148315
0.10238645225763321
0.07798035442829132
0.09351317584514618
0.10428078472614288
0.06968256086111069
0.08134423941373825
0.06655678898096085
0.08886553347110748
0.1008591279387474
0.07689397037029266
0.0740877017378807
0.0769728422164917
0.10560775548219681
0.08208812773227692
0.07221990823745728
0.07385697960853577
0.07975354790687561
0.07670892030000687
0.12719406187534332
0.08154548704624176
0.0970473513007164
0.08164744824171066
0.09652340412139893
0.09407312422990799
0.12175264954566956
0.06894627213478088
0.10326819121837616
0.07598190754652023
0.08938640356063843
0.08631683886051178
0.08070537447929382
0.08023226261138916
0.09752547740936279
0.08182977139949799
0.12033432722091675
0.0702180415391922
0.09726104140281677
0.062459129840135574
0.09859436005353928
0.08107399195432663
0.0845249816775322
0.09545490890741348
0.09501228481531143
0.0658983662724495
0.08421894907951355
0.06283297389745712
0.0936991423368454
0.09665480256080627
0.08703743666410446
0.11252540349960327
0.06840747594833374
0.06785044074058533
0.5061770081520081
0.11375325918197632
0.09890124946832657
0.09166812151670456
0.07117201387882233
0.10649342834949493
0.13523557782173157
0.0636218935251236
0.0728553757071495
0.07867641001939774
0.08402299135923386
0.10967069864273071
0.08189968019723892
0.08790867030620575
0.07582012563943863
0.05386738479137421
0.08635058999061584
0.08078284561634064
0.08512997627258301
0.10889261960983276
0.07805723696947098
0.11147119104862213
0.09177999198436737
0.09913167357444763
0.08149140328168869
0.08009880781173706
1.0789892673492432
0.06748375296592712
0.09661774337291718
0.281152606010437
0.0776476263999939
0.0656508356332779
0.08052393049001694
0.11328285187482834
0.06541163474321365
0.056329693645238876
0.513422966003418
0.05929240956902504
0.07033888250589371
0.04746713116765022
0.07281418144702911
0.04597734659910202
0.08967847377061844
0.06237148866057396
0.06355510652065277
0.05670122057199478
0.05427847430109978
0.05551514774560928
0.0534881167113781
0.05618637427687645
0.07450524717569351
0.06292355060577393
0.06562695652246475
0.05959044769406319
0.054371532052755356
0.06584421545267105
0.07528776675462723
0.07328428328037262
0.05091220140457153
0.05780770629644394
0.1805945634841919
0.07043147087097168
0.06470867991447449
0.07775326818227768
0.06115005910396576
0.05006985366344452
0.05618681013584137
0.08891049027442932
0.07471739500761032
0.07626394182443619
0.04801508039236069
0.11071214824914932
0.07718782871961594
0.051537878811359406
0.04325881600379944
0.07731996476650238
0.0601319819688797
0.08244670182466507
0.050714071840047836
0.064088374376297
0.2068963497877121
0.060706544667482376
0.07136665284633636
0.06124091148376465
0.06472146511077881
0.0482044443488121
0.07536783814430237
0.060832392424345016
0.05033884197473526
0.04364795982837677
0.06587380915880203
0.15317592024803162
0.08004820346832275
0.061034370213747025
0.08251556754112244
0.08736800402402878
0.12841938436031342
0.0900968611240387
0.07630720734596252
0.06707437336444855
0.6800745725631714
0.06470678746700287
0.07206234335899353
0.06615214794874191
0.08164066821336746
0.079556405544281
0.08317894488573074
0.05501030012965202
0.07315357029438019
0.056475624442100525
0.0646573156118393
0.07835549861192703
0.07241455465555191
0.07523302733898163
0.08925574272871017
0.04616617411375046
0.05584455281496048
0.25534093379974365
0.1423824429512024
0.07691795378923416
0.10372771322727203
0.07709694653749466
0.057365722954273224
0.08347077667713165
0.04384157806634903
0.05893614515662193
0.06294416636228561
0.05594567954540253
0.16429226100444794
0.07617965340614319
0.07838499546051025
0.07154153287410736
0.05366874858736992
0.0661364272236824
0.09527280926704407
0.06224774196743965
0.10510330647230148
0.07077763974666595
0.08574526011943817
0.08730854094028473
0.06394638866186142
0.06274672597646713
0.06063636392354965
0.077043816447258
0.12867096066474915
0.08271011710166931
0.12779171764850616
0.13881459832191467
0.06252631545066833
0.09029491990804672
0.08552101999521255
0.11216549575328827
0.07884248346090317
0.10757756978273392
0.06319847702980042
0.08891933411359787
0.061250992119312286
0.07571576535701752
0.049421276897192
0.0903010219335556
0.4619999825954437
0.07871944457292557
0.10599632561206818
0.0856238454580307
0.09865590929985046
0.08269643038511276
0.06102544069290161
0.0756804421544075
0.08210058510303497
0.10689130425453186
0.08019179850816727
0.08064602315425873
0.07908700406551361
0.0815444067120552
0.0708349421620369
0.08815903216600418
0.07708575576543808
0.08826105296611786
0.07346809655427933
0.09524901211261749
0.11759762465953827
0.10592016577720642
0.1912907510995865
0.9060922265052795
0.08605645596981049
0.0707496851682663
0.0887012779712677
0.274798721075058
0.11072515696287155
0.07710285484790802
0.10244882106781006
0.08562222868204117
0.11280854046344757
0.09423624724149704
0.16328638792037964
0.11440122127532959
0.09339233487844467
0.07984278351068497
0.08414340764284134
0.1253863275051117
0.11009175330400467
0.09165604412555695
0.07467448711395264
0.07178373634815216
0.07460372149944305
0.07999497652053833
0.08444318175315857
0.0866876095533371
0.0648147240281105
0.09784555435180664
0.08515219390392303
0.09594728797674179
0.11138833314180374
0.06964123249053955
0.07549635320901871
0.09724331647157669
0.12384812533855438
0.08357541263103485
0.09431243687868118
0.08520199358463287
0.06304655224084854
0.0699130967259407
0.11246183514595032
0.032183121889829636
0.06313028186559677
0.05398630350828171
0.05334337428212166
0.06615281850099564
0.06380382925271988
0.040765292942523956
0.04879160597920418
0.03163183480501175
0.07373327016830444
0.07952913641929626
0.06678447127342224
0.05228465795516968
0.08199046552181244
0.0380716398358345
0.04716254770755768
0.04143296182155609
0.04544389247894287
0.035745035856962204
0.057717807590961456
1.3499799966812134
0.03285372629761696
0.049964480102062225
0.06757748126983643
0.039847370237112045
0.0851222351193428
0.0514962412416935
0.15282928943634033
0.0588495209813118
0.0997287705540657
0.049457985907793045
0.03809281811118126
0.04134247824549675
0.058361396193504333
0.04419650882482529
0.04602174833416939
0.04451549053192139
0.03815282881259918
0.0679309219121933
0.06012671813368797
0.05444204434752464
0.04504787549376488
0.051844630390405655
0.03616350144147873
0.07522069662809372
0.0345170684158802
0.04575446993112564
0.034629322588443756
0.10255970060825348
0.03872084617614746
0.3179757297039032
0.05091902241110802
0.05827958881855011
0.03765853866934776
0.037052907049655914
0.05385742336511612
0.05616413429379463
0.05118438974022865
0.04567902535200119
0.07009454071521759
0.0656885877251625
0.08863485604524612
0.04946484789252281
0.041657909750938416
0.06305026262998581
0.04532039910554886
0.043938010931015015
0.05811186879873276
0.07337282598018646
0.050350695848464966
0.046372223645448685
0.05812968313694
0.08289549499750137
0.056077826768159866
0.05587579309940338
0.04365868121385574
0.059033192694187164
0.07369211316108704
0.048016853630542755
0.06549010425806046
0.06446485221385956
0.07556529343128204
0.08927711844444275
0.06799256801605225
0.08971326053142548
0.6848021149635315
0.0663437694311142
0.07092678546905518
0.05937574803829193
0.08628863841295242
0.05686000734567642
0.07885576039552689
0.0885792076587677
0.06134713068604469
0.0822797566652298
0.07467103004455566
0.08382374048233032
0.0660167783498764
0.0624643936753273
0.139408141374588
0.0726371556520462
0.061840202659368515
0.07742789387702942
0.07526814937591553
0.06246831640601158
0.049577370285987854
0.050119172781705856
0.07341552525758743
0.06817476451396942
0.06494413316249847
0.06792809069156647
0.09528635442256927
0.049769576638936996
0.07323741167783737
0.04897430166602135
0.06846939772367477
0.07322397828102112
0.08297689259052277
0.05476224422454834
0.10421347618103027
0.052401356399059296
0.06942113488912582
0.8115918636322021
0.04652026295661926
0.06437327712774277
0.06611976772546768
0.06907724589109421
0.08129934966564178
0.06824110448360443
0.061487190425395966
0.09571027755737305
0.05278085544705391
0.05096026137471199
0.05253085121512413
0.0686279833316803
0.06430099159479141
0.07593826949596405
0.060227036476135254
0.06251239031553268
0.05964638292789459
0.05892924964427948
0.049695003777742386
0.07162108272314072
0.05558638647198677
0.04901105538010597
0.07446715235710144
0.03870727866888046
0.06521797180175781
0.07788221538066864
0.047479089349508286
0.06940519064664841
0.05697586387395859
0.06197676807641983
0.07128675282001495
0.06440191715955734
0.07453437894582748
0.0727069079875946
0.26845303177833557
0.060748081654310226
0.16259244084358215
0.048409800976514816
0.0685972273349762
0.0901157557964325
0.06207367032766342
0.06627531349658966
0.1903305947780609
0.06462886184453964
0.04867817461490631
0.06769677996635437
0.053701251745224
0.049287766218185425
0.09375335276126862
0.10034120827913284
0.14856883883476257
0.07216652482748032
0.07236643135547638
0.06508882343769073
0.06378528475761414
0.07708311080932617
0.07651618123054504
0.05773279815912247
0.056152794510126114
0.053522247821092606
0.05909769609570503
0.07594116777181625
0.0793379545211792
0.05954795330762863
0.06010875105857849
0.861957311630249
0.22557386755943298
0.06378859281539917
0.08661994338035583
