0.09005710482597351
0.04178407043218613
0.09583144634962082
0.042694833129644394
0.06419230252504349
0.03853323683142662
0.21789972484111786
0.07562360167503357
0.03985268622636795
0.057296521961688995
0.03319118916988373
0.062422577291727066
0.07854689657688141
0.05182921886444092
0.047470711171627045
0.09018624573945999
0.06194104254245758
0.05317744240164757
0.042047180235385895
0.06866788864135742
0.07480696588754654
0.061866700649261475
0.03537379577755928
0.09052129089832306
0.11948937922716141
0.04316982999444008
0.04002006724476814
0.04939837008714676
0.060519225895404816
0.045402996242046356
0.034491848200559616
0.08175879716873169
0.06191541999578476
0.056779906153678894
0.0520041361451149
0.0646079033613205
0.05457543581724167
0.04985163360834122
0.042410559952259064
0.23486007750034332
0.07316122949123383
0.05423089861869812
0.06015300005674362
0.08181840926408768
0.0469784215092659
0.049625709652900696
0.06615880131721497
0.10887236893177032
0.04968281090259552
0.0737447664141655
0.0531345009803772
0.06300602853298187
0.04729105904698372
0.04189305752515793
0.03859338536858559
0.06400666385889053
0.08605050295591354
0.046649470925331116
0.07782067358493805
0.36827951669692993
0.06618364155292511
0.05806029960513115
0.09407591074705124
0.0411754809319973
0.06512830406427383
0.020217308774590492
0.03332168981432915
0.0875740721821785
0.03041156940162182
0.03029247559607029
0.08052700012922287
0.040650855749845505
0.031955353915691376
0.08569635450839996
0.05437035113573074
0.05730534344911575
0.04488322511315346
0.04014044627547264
0.06537502259016037
0.04137969762086868
0.024501198902726173
0.025934886187314987
0.037738777697086334
0.12040113657712936
0.027896104380488396
0.5845539569854736
0.04917483776807785
0.026940103620290756
0.15267714858055115
0.04543548449873924
0.026626713573932648
0.04639130458235741
0.02478525973856449
0.030550705268979073
0.04925604537129402
0.030057907104492188
0.0737636387348175
0.04437107592821121
0.04614586383104324
0.02168130874633789
0.021452203392982483
0.04048353061079979
0.028600431978702545
6.662327289581299
0.044402267783880234
0.02883528172969818
0.031826358288526535
0.023011766374111176
0.02994934841990471
0.020114216953516006
0.03942050784826279
0.031092697754502296
0.035507723689079285
0.038599058985710144
0.0274982750415802
0.033080149441957474
0.060805078595876694
0.023413071408867836
0.01860378310084343
0.023205280303955078
0.061120789498090744
0.024763796478509903
0.03537295013666153
0.028857195749878883
0.024037938565015793
0.029345981776714325
0.02796260453760624
0.03504509478807449
0.07919412106275558
0.1066238060593605
0.07680794596672058
0.0769071877002716
0.05995887517929077
0.1448715180158615
0.07984314858913422
0.06125326827168465
0.05245876684784889
0.1216283068060875
0.06555934250354767
0.10322818905115128
0.09216034412384033
0.07578685134649277
0.08068575710058212
0.10534742474555969
0.13605588674545288
0.05940549820661545
0.12920784950256348
0.10360802710056305
0.08479855209589005
0.0645386278629303
0.07805366814136505
0.0646083876490593
0.096711665391922
0.07305480539798737
0.06916937977075577
0.10844892263412476
0.07496310025453568
0.1059759259223938
0.11219045519828796
0.48382267355918884
0.0630047470331192
0.05637553706765175
0.07439427077770233
0.105608731508255
0.07765530049800873
0.0741787701845169
0.06728897988796234
0.1356765329837799
0.08408401906490326
0.07576404511928558
0.11473832279443741
0.1269334852695465
0.07065828889608383
0.26476576924324036
0.05295020341873169
0.0844852551817894
0.07497096061706543
0.09256323426961899
0.05474168434739113
0.09443394839763641
0.06427741050720215
0.1255226731300354
0.1379001885652542
0.067659892141819
0.15628322958946228
0.08057449012994766
0.10566353797912598
0.09860789030790329
0.06976038217544556
0.14816536009311676
0.08585774898529053
0.07364767789840698
0.12999632954597473
0.056959789246320724
0.2138424962759018
0.03269362449645996
0.030415082350373268
0.032635100185871124
0.034412533044815063
0.04763704910874367
0.049849316477775574
0.040227703750133514
0.0779552012681961
0.04684826359152794
0.045653268694877625
0.05446943640708923
0.02776077389717102
0.09307160973548889
0.055409058928489685
0.032335322350263596
0.020734095945954323
0.034037601202726364
0.047486402094364166
0.060445476323366165
0.07035719603300095
0.1451629102230072
0.0800628811120987
0.08214367926120758
0.05564366281032562
0.04334811493754387
0.052491866052150726
0.026221316307783127
0.05668814480304718
0.08567482233047485
0.033298783004283905
0.08787889778614044
0.07973175495862961
0.052161939442157745
0.04441378265619278
0.04134906083345413
0.03543074429035187
0.0314694307744503
0.04117075726389885
0.03398362547159195
0.03772112727165222
0.024715151637792587
0.03596896305680275
0.06961750984191895
0.06310226768255234
0.03150234743952751
0.04111849516630173
0.04336569458246231
0.0404098741710186
0.041498079895973206
0.04227127134799957
0.05847638100385666
0.03299736976623535
0.026641951873898506
0.04385203495621681
0.05655880272388458
0.03214489668607712
0.047270357608795166
0.02949834242463112
0.033755987882614136
0.05777742341160774
0.03723670914769173
0.046565160155296326
0.04128096252679825
0.04659886285662651
0.05721192806959152
0.0319330096244812
0.08107451349496841
0.05086488649249077
0.04706231504678726
0.04107586666941643
0.04370393604040146
0.07081293314695358
0.06250867992639542
0.056013915687799454
0.04360322654247284
0.034454088658094406
0.045425061136484146
0.054092518985271454
0.04555688053369522
0.03165191411972046
0.04698791354894638
0.05036348104476929
0.045013442635536194
0.20808076858520508
0.04231739044189453
0.38094428181648254
0.052228894084692
0.04370828717947006
0.060776256024837494
0.0327957421541214
0.06017565727233887
0.04187949001789093
0.1580047309398651
0.05003160610795021
0.032236337661743164
0.04925312101840973
0.07570245116949081
0.0751848891377449
0.04382628947496414
0.0407225638628006
0.046664875000715256
0.04563278704881668
0.0843169093132019
0.027081657201051712
0.04945194721221924
0.036854177713394165
0.04384069889783859
0.039953455328941345
0.07133057713508606
0.0782293900847435
0.05888304486870766
0.041903652250766754
0.04125227406620979
0.05069166421890259
0.0453120619058609
0.05285251513123512
0.035841990262269974
0.03477335348725319
0.14402709901332855
0.04189049452543259
0.045269958674907684
0.05964711308479309
0.034486036747694016
0.04940573498606682
0.03843794763088226
0.0743466466665268
0.06174412742257118
0.05608828365802765
0.05817049369215965
0.05369490012526512
0.05425123870372772
0.07264691591262817
0.07129502296447754
0.05806868523359299
0.05092039331793785
0.06222638487815857
0.04681152105331421
0.040987759828567505
0.0475405678153038
0.10026044398546219
0.04362133890390396
0.06552853435277939
0.03823551908135414
0.15697219967842102
0.04850584641098976
0.06602940708398819
0.04991047456860542
0.04990142583847046
0.04470662400126457
0.09196619689464569
0.050205715000629425
0.07403980195522308
0.07076635211706161
0.041323211044073105
0.07924196124076843
0.06054074689745903
0.055661387741565704
0.04798419401049614
0.05870269238948822
0.04606873169541359
0.05453218147158623
0.9774587154388428
0.0758361741900444
0.05471170321106911
0.0711364895105362
0.06570934504270554
0.047329798340797424
0.05942442640662193
0.07096205651760101
0.0838543027639389
0.050232790410518646
0.06465587019920349
0.04654292017221451
0.05116104707121849
0.04336703196167946
0.05699242651462555
0.10583025962114334
0.07391592860221863
0.04532014578580856
0.04694957286119461
0.03846513852477074
0.06936319917440414
0.03983670473098755
0.06834512948989868
0.03938288241624832
0.043864160776138306
0.05844837427139282
0.05771571397781372
0.14580188691616058
0.13477274775505066
0.04999694973230362
0.11735334992408752
0.06914741545915604
0.07653865218162537
0.06979601830244064
0.1368224173784256
0.07382117956876755
0.05076640471816063
0.10609893500804901
0.07249011844396591
0.06485652178525925
0.06581099331378937
0.08824053406715393
0.07097425311803818
0.06469141691923141
0.08676538616418839
0.07416652143001556
0.06746372580528259
0.10522786527872086
0.06146279349923134
0.0577547661960125
0.08001141250133514
0.08170218765735626
0.06859086453914642
0.1582764983177185
0.0752580463886261
0.11408881098031998
0.08101782202720642
0.0745132565498352
0.08776827901601791
0.10081353783607483
0.10857467353343964
0.051227912306785583
0.06619749963283539
0.08689243346452713
0.07837788760662079
0.08157949894666672
0.06909839808940887
0.10837605595588684
0.07515902817249298
0.0649733617901802
0.07512596249580383
0.06937845051288605
0.3453214168548584
0.05369691550731659
0.06776565313339233
0.06820829212665558
0.05793587490916252
0.06801549345254898
0.07290828973054886
0.09746533632278442
0.0730791762471199
0.05390921235084534
0.050297629088163376
0.06810593605041504
0.09226777404546738
0.09248748421669006
0.05072540044784546
0.09719900786876678
0.07135848701000214
0.08025286346673965
0.10945266485214233
0.08930462598800659
0.7939770221710205
0.08641649782657623
0.04192126542329788
0.03964177146553993
0.04221075773239136
0.048351410776376724
0.04871580749750137
0.049677278846502304
0.0500335693359375
0.277051717042923
0.21719993650913239
0.047241706401109695
0.05536624789237976
0.06345509737730026
0.0308334119617939
0.049157366156578064
0.07565958052873611
0.06720966845750809
0.06491556018590927
0.08267606049776077
0.04859663546085358
0.04731099307537079
0.0535600483417511
0.05028314143419266
0.0533272922039032
0.05940776690840721
0.061365339905023575
0.04183105751872063
0.058540791273117065
0.05910924822092056
0.05303614214062691
0.06545846164226532
0.051732730120420456
0.04702189192175865
0.04570767655968666
0.049085721373558044
0.03724588453769684
0.058587659150362015
0.04831722378730774
0.29306966066360474
0.04266592860221863
0.06105879694223404
0.04313432425260544
0.035188816487789154
0.035343002527952194
0.04662909731268883
0.04304052144289017
0.06313610076904297
0.045939166098833084
0.08419472724199295
0.03972780331969261
0.06299970299005508
0.0428796261548996
0.05960577726364136
0.052990902215242386
0.05532384663820267
0.042535483837127686
0.050114259123802185
0.03705347329378128
0.050699979066848755
0.053793132305145264
0.044723402708768845
0.08044992387294769
0.05179885774850845
0.04240797460079193
0.04923903942108154
0.056158196181058884
0.040351178497076035
0.036314163357019424
0.03855950012803078
0.052845437079668045
0.04711039736866951
0.040995027869939804
0.05889786034822464
0.03737561032176018
0.05143270269036293
0.05322103574872017
0.41446930170059204
0.04081074148416519
0.03890949487686157
0.038389384746551514
0.04366070777177811
0.0481676422059536
0.051492840051651
0.029115542769432068
0.06623466312885284
0.03438597172498703
0.05719062685966492
0.07131185382604599
0.05343806743621826
0.06403408944606781
0.05554857850074768
0.06299088150262833
0.04405646771192551
0.06260852515697479
0.03749372065067291
0.03500625118613243
0.043678127229213715
0.05007559061050415
0.061997704207897186
0.051074642688035965
0.03708032891154289
0.03604460880160332
0.059651635587215424
0.04133160784840584
0.4298540949821472
0.043931059539318085
0.0410754419863224
0.0578811876475811
0.0557672455906868
0.07207076996564865
0.062129709869623184
0.0454946868121624
0.0463939793407917
0.03726566582918167
0.04271536320447922
0.052610110491514206
0.05082768201828003
0.04370823875069618
0.05670691281557083
0.04652194678783417
0.05869926139712334
0.033225227147340775
0.058781713247299194
0.08649645000696182
0.03757194057106972
0.04995474964380264
0.03054049424827099
0.06159311160445213
0.03483428433537483
0.04426400735974312
0.06277570128440857
0.06734416633844376
0.05217786878347397
0.0483778640627861
0.05520317703485489
0.07937787473201752
0.06513430923223495
0.04676098749041557
0.06185855716466904
0.05404946953058243
0.08080238848924637
0.09455286711454391
0.04108288139104843
0.04360003396868706
0.04810049384832382
0.050820522010326385
0.07293692976236343
0.04394232854247093
0.0704057365655899
0.04660695418715477
0.28717949986457825
0.03932378068566322
0.040881574153900146
0.16354267299175262
0.04552542045712471
0.04980452358722687
0.04985290393233299
0.05149613320827484
0.06718860566616058
0.06726384907960892
0.04394347220659256
0.1388884335756302
0.0654747486114502
0.06653346121311188
0.05893963202834129
0.04742474853992462
0.06395957618951797
0.05164336413145065
0.07323040813207626
0.06448235362768173
0.04125740006566048
0.073049396276474
0.06192496046423912
0.036804452538490295
0.06987360119819641
0.22571653127670288
0.05003790184855461
0.05911535397171974
0.06838156282901764
0.04524531960487366
0.059282414615154266
0.1240825206041336
0.06004955619573593
0.1976003795862198
0.09143085777759552
0.0533149316906929
0.04802212119102478
0.06671275198459625
0.043383870273828506
0.06393599510192871
0.06922660768032074
0.07946418225765228
0.044607073068618774
0.059878408908843994
0.09821446239948273
0.07104714214801788
0.09950317442417145
0.051281996071338654
0.04321933910250664
0.05187192186713219
0.044518887996673584
0.34551191329956055
0.04754051938652992
0.043690815567970276
0.03847477585077286
0.04515191167593002
0.06133223697543144
0.08328709751367569
0.05666184797883034
0.060056496411561966
0.04522997513413429
0.04919391870498657
0.0879187285900116
0.061731718480587006
0.046078186482191086
0.04462360218167305
0.0837930291891098
0.1300511658191681
0.03660168871283531
0.08771470934152603
0.06272540986537933
0.04373829811811447
0.06693417578935623
0.0467865988612175
0.11918404698371887
0.0576811246573925
0.07325350493192673
0.052634935826063156
0.029180992394685745
0.041729990392923355
0.03576028347015381
0.0360952690243721
0.05934736505150795
0.034541256725788116
0.04231581091880798
0.06978417932987213
0.08119025826454163
0.04147287830710411
0.07527142018079758
0.07670824229717255
0.03414733707904816
0.07509040832519531
0.06025128811597824
0.03762724995613098
0.09760178625583649
0.26367855072021484
0.24723494052886963
0.0643717423081398
0.11262697726488113
0.059432465583086014
0.03643171861767769
0.03611727058887482
0.06695549190044403
0.07232204079627991
0.0617811419069767
0.03792082518339157
0.03137396648526192
0.05939820408821106
0.06077727675437927
0.03267114982008934
0.04185594618320465
0.06268750131130219
0.13250452280044556
0.040786247700452805
0.05215037614107132
0.029701806604862213
0.03393961861729622
0.3675740361213684
0.0700925886631012
0.032382745295763016
0.030475083738565445
0.0726495012640953
0.03177459165453911
0.04216942936182022
0.026622338220477104
0.03662114590406418
0.06963329762220383
0.22262753546237946
0.021408207714557648
0.036304228007793427
0.04262590780854225
0.033757299184799194
0.046045415103435516
0.04082368314266205
0.05978354811668396
0.036494772881269455
0.02659866027534008
0.03337959945201874
0.029980290681123734
0.031153716146945953
0.03279302269220352
0.044302307069301605
0.027800273150205612
0.04386533051729202
0.07651960104703903
0.1110624298453331
0.03191446140408516
0.06812088191509247
0.03143575042486191
0.02938387170433998
0.031102996319532394
0.032936591655015945
0.041128791868686676
0.028102390468120575
0.04325324296951294
0.050481315702199936
0.05255831032991409
0.0380655974149704
0.036663856357336044
0.033744364976882935
0.045011065900325775
0.03386475145816803
0.0551096647977829
0.046294789761304855
0.028676338493824005
0.02606792002916336
0.1704380065202713
0.0375845804810524
0.030014799907803535
