0.000910757458768785
0.00711387675255537
0.02034185267984867
0.044319599866867065
0.08630691468715668
0.006363884545862675
0.0135487150400877
0.011790617369115353
0.39632874727249146
0.0009593373397365212
0.0038256149273365736
0.018070843070745468
0.010101933032274246
0.04921746626496315
0.027558516710996628
0.025355877354741096
0.029954463243484497
0.02157621830701828
0.0144105926156044
0.011227595619857311
0.01981351152062416
0.0204321276396513
0.006772627122700214
0.012813218869268894
0.023971978574991226
0.021242117509245872
0.009315066039562225
0.01263089757412672
0.0221907626837492
0.006768987514078617
0.031084898859262466
0.0007994878105819225
0.037136346101760864
0.02885931357741356
0.018537387251853943
0.00834675319492817
0.018537960946559906
0.031892552971839905
0.05346841737627983
0.14559532701969147
0.21710176765918732
0.02010525017976761
0.00830867514014244
0.03134187310934067
0.020205823704600334
0.01031955424696207
0.03640337660908699
0.01159171387553215
0.08808143436908722
0.04778347909450531
0.11379292607307434
0.010827130638062954
0.023251034319400787
0.06597158312797546
0.006330651231110096
0.02030303329229355
0.010069288313388824
0.03331766277551651
0.06988879293203354
0.038460686802864075
0.01712127961218357
0.01663774996995926
0.04056060314178467
0.021698269993066788
0.04396752268075943
0.03315889462828636
0.01672350987792015
0.04521382600069046
0.012495755217969418
0.017585312947630882
0.03163868188858032
0.006578217260539532
0.016401994973421097
0.02356874942779541
0.10006949305534363
0.020616037771105766
0.031508371233940125
0.02651645988225937
0.025546051561832428
0.022302448749542236
0.02560577541589737
0.010739115998148918
0.017469124868512154
0.007071909960359335
0.005685385782271624
0.020216699689626694
0.02376410737633705
0.019369222223758698
0.037991713732481
0.0008737359894439578
0.02801496349275112
0.016917087137699127
0.029280349612236023
0.03585903346538544
0.05122610181570053
0.021392149850726128
0.053644001483917236
0.01771785318851471
0.09647105634212494
0.007325023878365755
0.012927232310175896
0.0073599242605268955
0.002175549976527691
0.01481209322810173
0.014458995312452316
0.05519567430019379
0.026715023443102837
0.04110085219144821
0.010403893887996674
0.058672480285167694
0.030374102294445038
0.004794994834810495
0.008225901983678341
0.026372354477643967
0.00409614946693182
0.010197628289461136
0.044139835983514786
0.026110906153917313
0.005257946439087391
0.011686128564178944
0.014697202481329441
0.09830348193645477
0.012224954552948475
0.024180235341191292
0.014071077108383179
0.024430472403764725
0.06271473318338394
0.0005362950032576919
0.02814602106809616
0.03586085885763168
0.0325554758310318
0.00030361878452822566
0.05968891829252243
0.0013219881802797318
0.004253727849572897
0.19731974601745605
0.009700490161776543
0.019977612420916557
0.020101120695471764
0.0011232610559090972
0.016119956970214844
0.04963017255067825
0.0018556525465101004
0.01767563819885254
0.009960288181900978
0.10152427107095718
0.019423624500632286
0.02946411818265915
0.0024175012949854136
0.005054827779531479
0.031475991010665894
0.006668520625680685
0.0015433721709996462
0.007601181045174599
0.0005838017677888274
0.0178520604968071
0.010128343477845192
0.020561296492815018
0.04579637944698334
0.022230692207813263
0.012039484456181526
0.015493981540203094
0.015280562452971935
0.009063751436769962
0.028025547042489052
0.019091079011559486
0.01277850940823555
0.02360154688358307
0.019960258156061172
0.015036111697554588
0.007748516742140055
0.1087423712015152
0.034934550523757935
0.06130903214216232
0.07786274701356888
0.16510745882987976
0.02323814667761326
0.007408018223941326
0.03207889571785927
0.08302278071641922
0.006754908245056868
0.02973588928580284
0.016184823587536812
0.01609789952635765
0.03334162384271622
0.00669489149004221
0.03933745622634888
0.06229338049888611
0.00705242995172739
0.0023345849476754665
0.008174585178494453
0.040963150560855865
0.011257615871727467
0.024667125195264816
0.006099355407059193
0.00819630827754736
0.008997312746942043
0.00878907274454832
0.036254432052373886
0.011623291298747063
0.01980743184685707
0.001936101820319891
0.022783946245908737
0.05797754228115082
0.07626471668481827
0.00785839930176735
0.028422193601727486
0.024291984736919403
0.025212721899151802
0.038238100707530975
0.06811986863613129
0.03754114359617233
0.02147819474339485
0.008394232019782066
0.1015988290309906
0.007382343057543039
0.022184018045663834
0.038430940359830856
0.05383436009287834
0.006537577603012323
0.0016404016641899943
0.002159676281735301
0.03379058092832565
0.008034368976950645
0.043369024991989136
0.05834326893091202
0.001853825175203383
0.002527643460780382
0.38666048645973206
0.018318913877010345
0.030513303354382515
0.02904021553695202
0.09739814698696136
0.026213064789772034
0.015011763200163841
0.04164448380470276
0.04375871270895004
0.04319913685321808
0.006515732035040855
0.0064487396739423275
0.018790490925312042
0.001023002783767879
0.010638244450092316
0.06899216026067734
0.005694256629794836
0.020204126834869385
0.006831594742834568
0.08616894483566284
0.012104143388569355
0.02066732756793499
0.009160393849015236
0.0084975091740489
0.05699136480689049
0.04617111384868622
0.022993508726358414
0.11390998214483261
0.018215473741292953
0.05862502008676529
0.03573799878358841
0.027287278324365616
0.05561922863125801
0.023039918392896652
0.01957590878009796
0.007689527235925198
0.021983614191412926
0.010307380929589272
0.026259757578372955
0.0005670952959917486
0.010190670378506184
0.013668613508343697
0.005186699330806732
0.020232778042554855
0.004792236723005772
0.023692840710282326
0.01927960477769375
0.004695170558989048
0.02237166464328766
0.03600035235285759
0.02329789288341999
0.00840569194406271
0.018881630152463913
0.017998792231082916
0.058552335947752
0.022845178842544556
0.010423162952065468
0.02237335965037346
0.006763054523617029
0.0353897288441658
0.01810663379728794
0.007623899728059769
0.0047219293192029
0.020776046440005302
0.010608075186610222
0.03338921070098877
0.015283327549695969
0.026974745094776154
0.02089260332286358
0.027920227497816086
0.02749333716928959
0.011386347934603691
0.014896530658006668
0.0974530279636383
0.027638763189315796
0.015708204358816147
0.03429717943072319
0.022343207150697708
0.012448393739759922
0.015289337374269962
0.011682883836328983
0.019686628133058548
0.00047494133468717337
0.01662149652838707
0.010518950410187244
0.018978439271450043
0.02204401046037674
0.013179514557123184
0.014178469777107239
0.014828920364379883
0.0017874628538265824
0.011938958428800106
0.0010815303539857268
0.003815761534497142
0.027744578197598457
0.02652926743030548
0.014722508378326893
0.012670526280999184
0.007806554436683655
0.07743838429450989
0.014822617173194885
0.027142047882080078
0.002576695755124092
0.040348272770643234
0.016129612922668457
0.016018129885196686
0.01092233881354332
0.008370527997612953
0.019464273005723953
0.11962533742189407
0.010632215067744255
0.01142905279994011
0.01968834176659584
0.03165479004383087
0.012543722055852413
0.031047165393829346
0.04532496631145477
0.042289163917303085
0.012190690264105797
0.05785486102104187
0.0114204166457057
0.006660344544798136
0.007075014524161816
0.005553602706640959
0.0035382132045924664
0.01971958391368389
0.020045757293701172
0.10820653289556503
0.054467931389808655
0.013022420927882195
0.031962551176548004
0.0376778244972229
0.0177499707788229
0.029722850769758224
0.16466307640075684
0.014292433857917786
0.01635918766260147
0.026083245873451233
0.0137210413813591
0.43906843662261963
0.023744745180010796
0.009813322685658932
0.0008849480072967708
0.05872048810124397
0.019595827907323837
0.01462564617395401
0.009213798679411411
0.020595639944076538
0.03638680279254913
0.14903561770915985
0.0001503902458352968
0.011594923213124275
0.03414628282189369
0.03473294898867607
0.031965989619493484
0.004700611811131239
0.004021874628961086
0.023536404594779015
0.005213039927184582
0.03371531888842583
0.22655907273292542
0.00402554776519537
0.10822736471891403
0.009289607405662537
0.0015605937223881483
0.008195880800485611
0.0052536865696311
0.011591869406402111
0.019628921523690224
0.03900131583213806
0.005589800886809826
0.010971315205097198
0.002875485923141241
0.0010824622586369514
0.0041997418738901615
0.005188261158764362
0.022511065006256104
0.02814892865717411
0.014143386855721474
0.041042864322662354
0.0007641341653652489
0.0007860409677959979
0.006490941159427166
0.006305717397481203
0.01968732476234436
0.011400253511965275
0.015521280467510223
0.023078130558133125
0.03096984699368477
0.007573728449642658
0.02007349580526352
0.03416908532381058
0.019140353426337242
0.22376808524131775
0.020957008004188538
0.029076065868139267
0.011136257089674473
0.04444090276956558
0.019564520567655563
0.04362746700644493
0.0206307340413332
0.009992038831114769
0.014880509115755558
0.00044373818673193455
0.016561992466449738
0.014953160658478737
0.015882020816206932
0.02423318475484848
0.01082794088870287
0.03157619386911392
0.034124553203582764
0.012929089367389679
0.02030271664261818
0.031222812831401825
0.007824051193892956
0.0464298352599144
0.0212617889046669
0.019329823553562164
0.027917666360735893
0.023009195923805237
0.005928994156420231
0.03921416401863098
0.026354121044278145
0.031001880764961243
0.01345326192677021
0.0027374662458896637
0.060002103447914124
0.010939139872789383
0.0016004806384444237
0.05824337527155876
0.008335898630321026
0.0034677491057664156
0.02139790914952755
0.028250528499484062
0.0012458135606721044
0.0076600611209869385
0.025812359526753426
0.021605005487799644
0.02422168292105198
0.011005440726876259
0.02377515286207199
0.013935461640357971
0.009405232965946198
0.008146955631673336
0.011637074872851372
0.0093942079693079
0.03495330363512039
0.011398877948522568
0.012626908719539642
0.11352665722370148
0.04395284131169319
0.022384466603398323
0.033286623656749725
0.03744882345199585
0.09492262452840805
0.02863166481256485
0.0026212800294160843
0.02244165726006031
0.02688765339553356
0.006324992515146732
0.034665677696466446
0.022892383858561516
0.00899229384958744
0.1383558213710785
0.011433292180299759
0.043900180608034134
0.009297413751482964
0.0019466618541628122
0.010966455563902855
0.01263122446835041
0.001960382331162691
0.030216505751013756
0.0012496535200625658
0.017073726281523705
0.016422349959611893
0.005183704197406769
0.004950148984789848
0.010871133767068386
0.0244499109685421
0.016398310661315918
0.007394115440547466
0.05388522520661354
0.03159076347947121
0.17125864326953888
0.0711393728852272
0.010532207787036896
0.009102970361709595
0.014529766514897346
0.060190506279468536
0.0063592917285859585
0.013902219012379646
0.015683777630329132
0.06620925664901733
0.017850317060947418
0.024674667045474052
0.011302696540951729
0.012675573118031025
0.021214021369814873
0.02256336435675621
0.008753154426813126
0.01222195290029049
0.013099000789225101
0.0170554518699646
0.019971519708633423
0.015505028888583183
0.01953139528632164
0.00642054807394743
0.0028977738693356514
0.03535345196723938
0.006473307963460684
0.0011011128081008792
0.006080375052988529
0.019049495458602905
0.002007516333833337
0.01764480397105217
0.0491902232170105
0.038751497864723206
0.04402691125869751
0.013799872249364853
0.01722075790166855
0.001003706594929099
0.020139776170253754
0.37799087166786194
0.012592810206115246
0.03368883207440376
0.00925089418888092
0.01069357618689537
0.014579476788640022
0.012926720082759857
0.024995848536491394
0.0018575540743768215
0.031047876924276352
0.032931502908468246
0.03095150925219059
0.0065119583159685135
0.009091410785913467
0.024936560541391373
0.0013692397624254227
0.0006541633629240096
0.002577344188466668
0.03277237340807915
0.030214425176382065
0.018404532223939896
0.09538247436285019
0.014713429845869541
0.024129658937454224
0.050904836505651474
0.03108638897538185
0.012734480202198029
0.008795459754765034
0.058557383716106415
0.008726783096790314
0.07522817701101303
0.009569430723786354
0.00690836226567626
0.00804553646594286
0.0026054575573652983
0.010863020084798336
0.01204255223274231
0.007650409825146198
0.010443896055221558
0.044651567935943604
0.003145730122923851
0.014568855985999107
0.027521198615431786
0.0016892679268494248
0.02141578495502472
0.2077891081571579
0.008546488359570503
0.019625026732683182
0.006928163580596447
0.002144399331882596
0.004442633595317602
0.022076033055782318
0.009289942681789398
0.0031758826225996017
0.0034923383500427008
0.03682375326752663
0.05039724335074425
0.12633268535137177
0.019646191969513893
0.0009596953168511391
0.021815672516822815
0.004000692628324032
0.003576666349545121
0.008867142722010612
0.0027894785162061453
0.026192843914031982
0.03227308765053749
0.02596248686313629
0.0269415695220232
0.029501445591449738
0.020487472414970398
0.020893529057502747
0.021573325619101524
0.012456342577934265
0.001028022263199091
0.010528911836445332
0.07770948857069016
0.048112902790308
0.0044565703719854355
0.05318545550107956
0.02119053155183792
0.005650559905916452
0.0014798290794715285
0.013403818011283875
0.01985214836895466
0.0680617019534111
0.010128877125680447
0.0843738466501236
0.21587294340133667
0.0197165384888649
0.010188456624746323
0.04363800585269928
0.01778034120798111
0.01014159619808197
0.03932500258088112
0.030713560059666634
0.015341326594352722
0.028663311153650284
0.009178956970572472
0.02591964416205883
0.0054390160366892815
0.03210540860891342
0.05154696851968765
0.0027194973081350327
0.0066346172243356705
0.025494204834103584
0.025500796735286713
0.02790345437824726
0.04174987971782684
0.015522999688982964
4.354913471615873e-05
0.04420085623860359
0.013507363386452198
0.014192800968885422
0.09748204797506332
0.018826277926564217
0.0013389929663389921
0.01822289265692234
0.002951660891994834
0.040911801159381866
0.023418718948960304
0.017476221546530724
0.02218545414507389
0.030602052807807922
0.030358389019966125
0.029084645211696625
0.024295885115861893
0.03591000661253929
0.013696197420358658
0.04297081381082535
0.004702151753008366
0.008140101097524166
0.0054684048518538475
0.014726024121046066
0.015309403650462627
0.020022200420498848
0.004489441402256489
0.0032172647770494223
0.021154604852199554
0.0010671818163245916
0.005856199190020561
0.20655794441699982
0.021741528064012527
0.01900104060769081
0.006653241813182831
0.01638924889266491
0.022499896585941315
0.010448740795254707
0.00659728841856122
0.12234073877334595
0.03905387222766876
0.05041271448135376
0.01686936244368553
0.02554476633667946
0.04417352378368378
0.03141607344150543
0.03973221033811569
0.02389519102871418
0.0114737031981349
0.01021127961575985
0.001961515052244067
0.07772643119096756
0.027551956474781036
0.02469489723443985
0.03731605410575867
0.0896529108285904
0.016291655600070953
0.03560006245970726
0.0022639776580035686
0.057099226862192154
0.013496067374944687
0.0007527280249632895
0.009578576311469078
0.014420052990317345
0.008341342210769653
0.0035934364423155785
0.013012038543820381
0.01318293996155262
0.047349557280540466
0.007640015333890915
0.05277632549405098
0.02830975130200386
0.03896079957485199
0.0004916012985631824
0.35306045413017273
0.035013582557439804
0.07793953269720078
0.021132156252861023
0.009405572898685932
0.016112271696329117
0.014866156503558159
0.00654430128633976
0.020899273455142975
0.031419165432453156
0.4966294467449188
0.018468258902430534
0.012023506686091423
0.009905626997351646
0.0121007664129138
0.013528205454349518
0.08108047395944595
0.04579951986670494
0.0011814669705927372
0.0045491550117731094
0.007025640923529863
0.038937341421842575
0.017992835491895676
0.08498112112283707
0.026682022958993912
0.024925144389271736
0.1036352589726448
0.004252978600561619
0.011281405575573444
0.009577199816703796
0.000971482484601438
0.006994204130023718
0.022068001329898834
0.03610048443078995
0.00897161290049553
0.03215034306049347
0.03717977926135063
0.010758953168988228
0.023648342117667198
0.00405852310359478
0.23419907689094543
0.027362160384655
0.0020419771317392588
0.04989301413297653
0.026156878098845482
0.03295503556728363
0.0122667346149683
0.0010439056204631925
0.03511727601289749
0.02656577154994011
0.026803191751241684
0.01947564259171486
0.02948542684316635
0.04320181906223297
0.011706945486366749
0.004939110483974218
0.0037394901737570763
0.017361674457788467
0.007671005092561245
0.0233954805880785
0.04697156697511673
0.0644494965672493
0.014760296791791916
0.03296669200062752
0.002509916201233864
0.0007004516664892435
0.010760313831269741
0.0044532231986522675
0.023760873824357986
0.015969786792993546
0.009765075519680977
0.0379403755068779
0.0011063729180023074
0.03670983761548996
0.02767559140920639
0.00097418122459203
0.011252130381762981
0.04516710340976715
0.03465072065591812
0.024725880473852158
0.008150518871843815
0.039403967559337616
0.026786498725414276
0.020887698978185654
0.025366174057126045
0.034269385039806366
0.020553510636091232
0.033721111714839935
0.02870543673634529
0.04123002290725708
0.004544843919575214
0.034231673926115036
0.012137895449995995
0.012064019218087196
0.02152380533516407
0.02071106806397438
0.0028731850907206535
0.03807683289051056
0.041351646184921265
0.021260587498545647
0.02278829552233219
0.009833982214331627
0.03453025966882706
0.013843422755599022
0.009194483049213886
0.013822619803249836
0.006951056886464357
0.03209532052278519
0.01931517943739891
0.021709103137254715
0.015287524089217186
0.0013912076829001307
0.004424761515110731
0.0075946468859910965
0.09551746398210526
0.009597329422831535
0.05204875022172928
0.010852386243641376
0.007639503106474876
0.04220582917332649
0.06223824620246887
0.011885133571922779
0.0023285127244889736
0.0066787321120500565
0.10155807435512543
0.029637213796377182
0.014259079471230507
0.0025882257614284754
0.00362601806409657
0.08733435720205307
0.03487206622958183
0.07525364309549332
0.021809708327054977
0.01699596829712391
0.05538652837276459
0.07930243015289307
0.019013119861483574
0.03601286560297012
0.06884065270423889
0.013913772068917751
0.0008096788078546524
0.004292080644518137
0.009634880349040031
0.06949165463447571
0.045782510191202164
0.10452332347631454
0.02112453244626522
0.02543102204799652
0.0008668841328471899
0.013793360441923141
0.02034481056034565
0.034980408847332
0.047047749161720276
0.03901756927371025
0.03171274811029434
0.012085405178368092
0.021914072334766388
0.011145759373903275
0.014263153076171875
0.0005854928749613464
0.03292094171047211
0.01423929538577795
0.0182210560888052
0.018898310139775276
0.04981003701686859
0.028983427211642265
0.07016247510910034
0.013734196312725544
0.007028914988040924
0.005406856536865234
0.013766340911388397
0.020250964909791946
0.03796122968196869
0.0007251937058754265
0.0034686557482928038
0.002515723230317235
0.13340891897678375
0.050568588078022
0.0403175987303257
0.0353541262447834
0.01414557732641697
0.012179801240563393
0.02957768924534321
0.014409328810870647
0.0075682224705815315
0.0427975133061409
0.0012767682783305645
0.04091918468475342
0.06148095428943634
0.05112506449222565
0.14987623691558838
0.020987197756767273
0.0989697277545929
0.011976812034845352
0.007300857454538345
0.016178620979189873
0.04894464835524559
0.013983897864818573
0.061581969261169434
0.01837879978120327
0.007751761935651302
0.009850746020674706
0.06275715678930283
0.02336880937218666
0.033623937517404556
0.06817314028739929
0.013608901761472225
0.0012288367142900825
0.010619143024086952
0.011816726997494698
0.02470218390226364
0.022204643115401268
0.018349135294556618
0.03486981987953186
0.030887242406606674
0.032367803156375885
0.026111789047718048
0.010081087239086628
0.007980220019817352
0.05359451100230217
0.011942941695451736
0.0005764194647781551
0.054422274231910706
0.02223290503025055
0.011506669223308563
0.09400103986263275
0.05390280485153198
0.021015875041484833
0.03626876696944237
0.02642267569899559
0.01710500195622444
0.03806114196777344
0.02117733471095562
0.015167659148573875
0.01833397150039673
0.014040559530258179
0.007063637021929026
0.029582712799310684
0.01525760069489479
0.018303103744983673
0.00384504534304142
0.050911836326122284
0.03399769961833954
0.04710929095745087
0.032343458384275436
0.000785249168984592
0.023290779441595078
0.030711008235812187
0.03591455519199371
0.00203935569152236
0.007527969777584076
0.022983573377132416
0.01210017316043377
0.024983586743474007
0.01422921009361744
0.034928321838378906
0.017482589930295944
0.05820664018392563
0.07612273842096329
0.017368394881486893
0.015410851687192917
0.08127808570861816
0.004289996810257435
0.02313990332186222
0.06385964155197144
0.01544226799160242
0.03470511734485626
0.05063113942742348
0.025504259392619133
0.015842104330658913
0.024083146825432777
0.017602497711777687
0.009386341087520123
0.02750641480088234
0.05012398958206177
0.032997626811265945
0.06083236634731293
0.03925053030252457
0.002288640709593892
0.03587173670530319
0.01948496326804161
0.014284607023000717
0.039493169635534286
0.013223107904195786
0.02509363554418087
0.01286390796303749
0.026976710185408592
0.014646751806139946
0.026998281478881836
0.04072554409503937
0.012352212332189083
0.02608087658882141
0.43377652764320374
0.009185421280562878
0.010664744302630424
0.04730626195669174
0.051756057888269424
0.0013837608275935054
0.0030914191156625748
0.006177866365760565
0.012235294096171856
0.04159555584192276
0.017059873789548874
0.024109482765197754
0.03227066993713379
0.013899856247007847
0.011136647313833237
0.051946960389614105
0.0013781219022348523
0.019752176478505135
0.0071748713962733746
0.016195224598050117
0.08760464191436768
0.01249980553984642
0.05507087707519531
0.10348334908485413
0.014565424993634224
0.021430056542158127
0.0388781912624836
0.0589308887720108
0.013816921040415764
0.360387921333313
0.018827544525265694
0.04132035747170448
0.02104153297841549
0.10241163522005081
0.04337754845619202
0.015898115932941437
0.044570788741111755
0.034159209579229355
0.012669776566326618
0.003343300661072135
0.05036511272192001
0.0546087771654129
0.035727549344301224
0.026583412662148476
0.05189376324415207
0.011237387545406818
0.016474194824695587
0.024267520755529404
0.003602375974878669
0.007685292512178421
0.013135167770087719
0.028730779886245728
0.024271588772535324
0.003611088264733553
0.02788897603750229
0.033261168748140335
0.011680703610181808
0.04225555807352066
0.019519545137882233
0.004742136690765619
0.012194954790174961
0.03243038430809975
0.04013550281524658
0.007753618992865086
0.028230518102645874
0.008691594935953617
0.022458110004663467
0.010765578597784042
0.01851687766611576
0.029629740864038467
0.03224806487560272
0.0008238046430051327
0.023809144273400307
0.0051035452634096146
0.022901754826307297
0.08171393722295761
0.0070789167657494545
0.017540965229272842
0.006142729427665472
0.01019360776990652
0.043305255472660065
4.907443046569824
0.03919205069541931
0.02380848489701748
0.01666434295475483
0.029247630387544632
0.007442990317940712
0.004673575982451439
0.0016520123463124037
0.021122517064213753
0.02795010432600975
0.010276593267917633
0.006751751992851496
0.00916972104460001
0.013187837786972523
0.012568535283207893
0.000910840230062604
0.004649149253964424
0.015727952122688293
0.037949126213788986
0.00051883514970541
0.056253720074892044
0.04628312587738037
0.02436630241572857
0.007470547221601009
0.02419109269976616
0.01873304322361946
0.020102350041270256
0.047142818570137024
0.006812602281570435
0.02334911935031414
0.058531615883111954
0.002239894587546587
0.011510420590639114
0.0015499938745051622
0.001877011964097619
0.01645185984671116
0.013389674946665764
0.0006101584294810891
0.10739918053150177
0.05895081162452698
0.020475242286920547
0.06988850235939026
0.007926532998681068
0.0028939582407474518
0.02223099395632744
0.0319775827229023
0.07925719022750854
0.027796754613518715
0.017964283004403114
0.03273285925388336
0.010713852010667324
0.01055697351694107
0.013194909319281578
0.031013693660497665
0.01854289509356022
0.04763283208012581
0.023547278717160225
0.04090319946408272
0.01886836811900139
0.0038826537784188986
0.026348214596509933
0.013622937723994255
0.023895185440778732
0.09358187019824982
0.006904212757945061
0.01216088980436325
0.019476378336548805
0.00942485686391592
0.012495219707489014
0.007710034027695656
0.022596124559640884
0.015452762134373188
0.018863236531615257
0.027143780142068863
0.01058579608798027
0.017497148364782333
0.006614545360207558
0.10443899780511856
0.012014164589345455
0.03635779395699501
0.044746220111846924
0.010262238793075085
0.025622010231018066
0.04964355006814003
0.009071256965398788
0.012408234179019928
0.46545809507369995
0.009184345602989197
0.05911300331354141
0.01635480299592018
0.0032622250728309155
0.001496052136644721
0.05182551220059395
0.026728857308626175
0.014074325561523438
0.05561574548482895
0.015437725931406021
0.009477293118834496
0.027155105024576187
0.006367740221321583
0.005684042815119028
0.023679235950112343
0.039053671061992645
0.08713459968566895
0.02127033844590187
0.03350468724966049
0.04168003425002098
0.010312644764780998
0.014819776639342308
0.005283614620566368
0.025126168504357338
0.030047843232750893
0.10210361331701279
0.0005821842350997031
0.0251566544175148
0.0012451469665393233
0.013431474566459656
0.0008893955964595079
0.010552138090133667
0.014158015139400959
0.01248394139111042
0.017752215266227722
0.08229781687259674
0.016053205356001854
0.035254865884780884
0.0191035233438015
0.048644840717315674
0.02159663662314415
0.020077215507626534
0.02379494532942772
0.08878843486309052
0.0550222173333168
0.015427527949213982
0.02549092471599579
0.02495291829109192
0.0074742864817380905
0.01008536946028471
0.015046735294163227
0.014776777476072311
0.03739665821194649
0.0005565893370658159
0.07012549787759781
0.0037107481621205807
0.10484538972377777
0.023216580972075462
0.019807148724794388
0.004443187266588211
0.0066568790934979916
0.19393663108348846
0.007376826833933592
0.05092061311006546
0.012933450751006603
0.011050139553844929
0.006368494592607021
0.11354140192270279
0.006424468941986561
0.019682627171278
0.016483549028635025
0.009667620062828064
0.02999662049114704
0.02347211353480816
0.021381057798862457
0.004562762565910816
0.017715303227305412
0.018359722569584846
0.02069179154932499
0.009044166654348373
0.05438337102532387
0.025214742869138718
0.0747263953089714
0.033140670508146286
0.011710518971085548
0.012296002358198166
0.10600396990776062
0.015290365554392338
0.02768934890627861
0.038507718592882156
0.06309673190116882
0.011899434030056
0.02269846200942993
0.00106014811899513
0.02173512615263462
0.03032488375902176
0.0202740877866745
0.0367053858935833
0.009644393809139729
0.011762206442654133
0.022372659295797348
0.030737286433577538
0.005827801302075386
0.013108810409903526
0.009011154063045979
0.033097829669713974
0.008506346493959427
0.01505956333130598
0.019330769777297974
0.01023724116384983
0.02636120840907097
0.023036368191242218
0.024106159806251526
0.027340710163116455
0.05171392485499382
0.01976107805967331
0.015538598410785198
0.037329670041799545
0.06467117369174957
0.1061956137418747
0.03299252688884735
0.01261319313198328
0.003518771380186081
0.01129205897450447
0.0007708410266786814
0.0545772910118103
0.013517101295292377
0.007346439640969038
0.07448122650384903
0.05590877681970596
0.010764048434793949
0.031630001962184906
0.008731325156986713
0.059257835149765015
0.01950959675014019
0.007286179810762405
0.0149578507989645
0.0160573311150074
0.012316831387579441
0.004795980639755726
0.017022281885147095
0.028774157166481018
0.0018553484696894884
0.02251659519970417
0.00750812329351902
0.006427470128983259
0.028218921273946762
0.03475550189614296
0.4384121298789978
0.023072149604558945
0.05623159185051918
0.044523935765028
0.024079296737909317
0.023963939398527145
0.011249344795942307
0.02116868831217289
0.017205284908413887
0.018043622374534607
0.0007272395305335522
0.001196078723296523
0.028932219371199608
0.011056886985898018
0.0009439055575057864
0.025858961045742035
0.04565030336380005
0.02166854776442051
0.010262403637170792
0.058911435306072235
0.05955582484602928
0.02452797070145607
0.04342205077409744
0.04202541708946228
0.01676310785114765
0.05173347517848015
0.047243375331163406
0.013685801066458225
0.023227738216519356
0.022427476942539215
0.006677169818431139
0.0015447464538738132
0.005743707530200481
0.01767965592443943
0.030554207041859627
0.011655446141958237
0.01539674960076809
0.022943634539842606
0.004226095043122768
0.004002929665148258
0.013365956954658031
0.023940524086356163
0.010244767181575298
0.0610928013920784
0.01125715859234333
0.01512160338461399
0.04340972751379013
0.001464826287701726
0.044367093592882156
0.011599380522966385
0.0004046238027513027
0.03862321004271507
0.03811442852020264
0.0005027946317568421
0.011301718652248383
0.01222988124936819
0.03945768624544144
0.01845867931842804
0.1013806164264679
0.006370660848915577
0.06186366826295853
0.04083774611353874
0.024632468819618225
0.0029071772005409002
0.03669988363981247
0.025594599545001984
0.016190720722079277
0.008802665397524834
0.014413869008421898
0.001362960902042687
0.034587420523166656
0.009425537660717964
0.02693440020084381
0.02643555775284767
0.011036727577447891
0.021486109122633934
0.01156992744654417
0.03171901777386665
0.015389470383524895
0.033794231712818146
0.01593274250626564
0.07494378089904785
0.4113773703575134
0.013815226964652538
0.01817799173295498
0.04268305003643036
0.04347875714302063
0.07609013468027115
0.04450952634215355
0.04839533194899559
0.012366538867354393
0.02233158051967621
0.036744825541973114
0.1615731567144394
0.027534307911992073
0.016931653022766113
0.02695159800350666
0.008894992992281914
0.005470637697726488
0.042420413345098495
0.008667525835335255
0.009134238585829735
0.02867278642952442
0.008883658796548843
0.028350284323096275
0.03303220868110657
0.012842303141951561
0.004855120554566383
0.015671217814087868
0.001587971462868154
0.008644570596516132
0.07414427399635315
0.032752882689237595
0.017355043441057205
0.008142511360347271
0.005894199013710022
0.0057001858949661255
0.04415488243103027
0.018253551796078682
0.012627342715859413
0.05185481160879135
0.008160513825714588
0.01498544029891491
0.06303460896015167
0.006400360260158777
0.044144157320261
0.05333840101957321
0.12283147871494293
0.03598155453801155
0.02145642787218094
0.022846173495054245
0.01641698181629181
0.02111508511006832
0.03125818818807602
0.03172857314348221
0.013106785714626312
0.006694542244076729
0.010111895389854908
0.04517721012234688
0.03572477772831917
0.030482949689030647
0.0007417721208184958
0.027080809697508812
0.02492152713239193
0.10329137742519379
0.018405303359031677
0.016517596319317818
0.016188913956284523
0.04173769801855087
0.18704476952552795
0.018155312165617943
0.02037506364285946
0.0872339978814125
0.043028052896261215
0.04412459209561348
0.0182512104511261
0.007707685697823763
0.008940465748310089
0.01532841008156538
0.039844173938035965
0.0006360516417771578
0.00505782850086689
0.03916860371828079
0.03898279368877411
0.002003960544243455
0.011334612965583801
0.0054072304628789425
0.0082247294485569
0.03367060795426369
0.04503088444471359
0.06844072788953781
0.06537165492773056
0.05390806496143341
0.01770799793303013
0.014568932354450226
0.026392653584480286
0.01598947122693062
0.027853326871991158
0.014899195171892643
0.03250253200531006
0.024221736937761307
0.012642665766179562
0.009804530069231987
0.018131446093320847
0.059648796916007996
0.016423508524894714
0.004304869566112757
0.028099076822400093
0.011267760768532753
0.052008774131536484
0.02388523891568184
0.0035786095540970564
0.01781112514436245
0.046483878046274185
0.011636987328529358
0.002187688834965229
0.043068401515483856
0.005893232300877571
0.01985039934515953
0.04881827160716057
0.019056253135204315
0.018356312066316605
0.014020811766386032
0.004382176324725151
0.007230859249830246
0.007845066487789154
0.01831243745982647
0.017959654331207275
0.003683913964778185
0.015134172514081001
0.007035985589027405
0.005209977738559246
0.0036904169246554375
0.028394505381584167
0.04324949532747269
0.007880332879722118
0.01669149473309517
0.028910882771015167
0.012580315582454205
0.0075871823355555534
0.012496857903897762
0.032076697796583176
0.02084985375404358
0.035438720136880875
0.006585248745977879
0.04051933065056801
0.013595080003142357
0.010355044156312943
0.025196775794029236
0.024561386555433273
0.17996414005756378
0.02026311308145523
0.04140668362379074
0.026941638439893723
0.0720990002155304
0.009748337790369987
0.020350784063339233
0.006090626120567322
0.06020168215036392
0.030042385682463646
0.07530974596738815
0.004167151637375355
0.035433996468782425
0.012474032118916512
0.013889150694012642
0.04977724701166153
0.000611494411714375
0.05673578754067421
0.026898350566625595
0.01411529816687107
0.02569950744509697
0.021744461730122566
0.04969444498419762
0.15051239728927612
0.015901995822787285
0.016301684081554413
0.04111340641975403
0.09219852834939957
0.008075769990682602
0.028745463117957115
0.01292327418923378
0.018227536231279373
0.013498371466994286
0.014119111932814121
0.006980267819017172
0.014007020741701126
0.015553154051303864
0.008603071793913841
0.024716364219784737
0.0007332577952183783
0.0236947201192379
0.03459090739488602
0.030841141939163208
0.017698926851153374
0.029521193355321884
0.000415156246162951
0.032841261476278305
0.0365917943418026
0.05193472281098366
0.009167635813355446
0.02821965329349041
0.05895456671714783
0.025060217827558517
0.013376118615269661
0.043210431933403015
0.008299286477267742
0.022096838802099228
0.007960799150168896
0.015357178635895252
0.002227635122835636
0.0016147735295817256
0.02225087583065033
0.02901672199368477
0.0602630078792572
0.026039578020572662
0.0029112831689417362
0.030157050117850304
0.3023160398006439
0.07970159500837326
0.005329126957803965
0.008545104414224625
0.024463564157485962
0.01474284753203392
0.007478277664631605
0.01052007731050253
0.03813658654689789
0.0008231839747168124
0.009320994839072227
0.014099601656198502
0.02452094852924347
0.10113411396741867
0.0316200852394104
0.03225446864962578
0.005905141122639179
0.015266699716448784
0.014713297598063946
0.009693634696304798
0.03073892742395401
0.0044870232231915
0.01701229438185692
0.007070044055581093
0.031098363921046257
0.015812203288078308
0.056251659989356995
0.04860101640224457
0.030402496457099915
0.007016748655587435
0.02379860356450081
0.0008860599482432008
0.04006103053689003
0.0791977271437645
0.04267663508653641
0.1345624178647995
0.020523112267255783
0.037804313004016876
0.2919254004955292
0.35031887888908386
0.033622756600379944
0.03260281682014465
0.004135968629270792
0.010244050063192844
0.017648430541157722
0.029913725331425667
0.017421433702111244
0.012896662577986717
0.03271019086241722
0.05310802906751633
0.019079221412539482
0.009952092543244362
0.017348304390907288
0.03327988088130951
0.048180799931287766
0.010683335363864899
0.015465296804904938
0.009842941537499428
0.011102133430540562
0.005765301175415516
0.028370561078190804
0.0008048152085393667
0.03933093324303627
0.017521459609270096
0.013842095620930195
0.0007087773410603404
0.039267025887966156
0.017631761729717255
0.005529788788408041
0.019671127200126648
0.04347814992070198
0.026749709621071815
0.026197316125035286
0.021376099437475204
0.01119450107216835
0.003463888540863991
0.0005657713045366108
0.04750277101993561
0.027112744748592377
0.04614778235554695
0.035333067178726196
0.0036942055448889732
0.01680959388613701
0.04170453920960426
0.01839764043688774
0.007814193144440651
0.01165324542671442
0.0015558968298137188
0.006689147092401981
0.10220972448587418
0.025148684158921242
0.006051068194210529
0.0882791206240654
0.026251723989844322
0.13674704730510712
0.016230516135692596
0.020362786948680878
0.01750759594142437
0.015976810827851295
0.0524136908352375
0.014189276844263077
0.02319972589612007
0.01537390612065792
0.023607846349477768
0.009079105220735073
0.014073748141527176
0.0016164527041837573
0.007067307364195585
0.13885299861431122
0.013165066950023174
0.02076268196105957
0.022009870037436485
0.012728286907076836
0.04083807021379471
0.04040217772126198
0.010232137516140938
0.03388199210166931
0.015277295373380184
0.013880036771297455
0.02499331720173359
0.01764148287475109
0.022759966552257538
0.018066711723804474
0.02247590944170952
0.05955377221107483
0.012147929519414902
0.019539715722203255
0.02770012803375721
0.036436595022678375
0.012697400525212288
0.00285773491486907
0.020562434569001198
0.04766463115811348
0.04290226101875305
0.0008484118734486401
0.017684508115053177
0.0013807803625240922
0.000832685618661344
0.13085120916366577
0.01483023539185524
0.09166301786899567
0.04441661760210991
0.04011709988117218
0.032448168843984604
0.020654283463954926
0.002870575524866581
0.025281036272644997
0.044255562126636505
0.010979941114783287
0.004420025739818811
0.021575450897216797
0.015435367822647095
0.0066418759524822235
0.010857485234737396
0.005605499725788832
0.06272515654563904
0.015599857084453106
0.013477388769388199
0.007678053341805935
0.1084110289812088
0.062253400683403015
0.034705497324466705
0.0019717749673873186
0.035920776426792145
0.003114931285381317
0.03311881050467491
0.014194034971296787
0.025463223457336426
0.01754596270620823
0.022226322442293167
0.011177115142345428
0.03253648430109024
0.018336409702897072
0.020402243360877037
0.045005615800619125
0.0119673702865839
0.013118970207870007
0.046573519706726074
0.0455278716981411
0.008382969535887241
0.014345944859087467
0.027794962748885155
0.020809093490242958
0.0050079068168997765
0.012101655825972557
0.01280912384390831
0.01672177202999592
0.013363072648644447
0.031726136803627014
0.026477709412574768
0.005552332382649183
0.02620433270931244
0.0623655691742897
0.00963217206299305
0.014169779606163502
0.10852592438459396
0.012161875143647194
0.03263704851269722
0.031157242134213448
0.03767331317067146
0.001696394756436348
0.028460972011089325
0.02915140986442566
0.03217549994587898
0.010270404629409313
0.015114473178982735
0.007486362941563129
0.01736227422952652
0.018202360719442368
0.0012743130791932344
0.022547345608472824
0.007863782346248627
0.04286808520555496
0.007033292204141617
0.04166809469461441
0.005276312120258808
0.08434908092021942
0.04752703011035919
0.010980167426168919
0.015432379208505154
0.02476247027516365
0.14509770274162292
0.0335858054459095
0.03612359240651131
0.2018502950668335
0.0038864805828779936
0.02186005190014839
0.0005665216012857854
0.019290296360850334
0.048930197954177856
0.026417970657348633
0.015935486182570457
0.22526124119758606
0.008452456444501877
0.01243144366890192
0.01277836598455906
0.008821585215628147
0.0083712637424469
0.024942582473158836
0.05837533622980118
0.02171669900417328
0.010776292532682419
0.02377501130104065
0.0008478809613734484
0.01313873939216137
0.020760653540492058
0.015739111229777336
0.014480434358119965
0.02965482696890831
0.010918503627181053
0.005648820195347071
0.01586899533867836
0.009475018829107285
0.03569421172142029
0.009404396638274193
0.050244223326444626
0.02667253650724888
0.011963864788413048
0.034976776689291
0.02728867530822754
0.02794160321354866
0.015126695856451988
0.001649162033572793
0.01444960106164217
0.02785368822515011
0.016106879338622093
0.035538703203201294
0.003039189614355564
0.017299173399806023
0.045009396970272064
0.012289049103856087
0.015502644702792168
0.03834149241447449
0.019983159378170967
0.03006831184029579
0.012294069863855839
0.012983137741684914
0.06697328388690948
0.004714176524430513
0.06096300855278969
0.0384351946413517
0.043949972838163376
0.025895027443766594
0.025350360199809074
0.0011302958009764552
0.01588595099747181
0.03593236207962036
0.03368617221713066
0.009656963869929314
0.001079985057003796
0.045155689120292664
0.013452627696096897
0.0005044069839641452
0.012114282697439194
0.009777065366506577
0.010431140661239624
0.0013250285992398858
0.01598980836570263
0.03996487334370613
0.038304831832647324
0.006672974675893784
0.021239720284938812
0.03472525253891945
0.013813851401209831
0.03579366207122803
0.009542770683765411
0.016945475712418556
0.010022110305726528
0.00902994628995657
0.026693888008594513
0.0694378912448883
0.06789173185825348
0.021992942318320274
0.014917127788066864
0.014639724977314472
0.030866462737321854
0.00038072041934356093
0.006646499969065189
0.004504895303398371
0.02066754549741745
0.012441093102097511
0.033452726900577545
0.010016079060733318
0.013268111273646355
0.09455107152462006
0.03134080767631531
0.015267602168023586
0.054267846047878265
0.021778061985969543
0.024922892451286316
0.02664978802204132
0.02342303656041622
0.003376877401024103
0.0185586865991354
0.009669330902397633
0.005985250696539879
0.026526158675551414
0.02043689787387848
0.011678822338581085
0.004978684242814779
0.06361757963895798
0.01616249978542328
0.005095117725431919
0.02688927948474884
0.023197883740067482
0.006722837220877409
0.03776327893137932
0.012682527303695679
0.06325296312570572
0.0012788231251761317
0.03877760469913483
0.020188596099615097
0.010533137246966362
0.016939418390393257
0.00245378608815372
0.07671431452035904
0.026227332651615143
0.009969087317585945
0.0250687412917614
0.0019961821381002665
0.014966156333684921
0.03136206790804863
0.015051731839776039
0.015682708472013474
0.008910375647246838
0.02294701710343361
0.6982588171958923
0.03023095615208149
0.007372018415480852
0.016058210283517838
0.03626903519034386
0.015604899264872074
0.007625756785273552
0.01063473243266344
0.028555316850543022
0.017335601150989532
0.021899482235312462
0.029788117855787277
0.03693455457687378
0.04329545423388481
0.026367373764514923
0.011096350848674774
0.01935792714357376
0.05714963376522064
0.042354412376880646
0.05680682510137558
0.006145561579614878
0.05558785796165466
0.036297980695962906
0.017996201291680336
0.027022434398531914
0.0006767530576325953
0.02216639742255211
0.19727766513824463
0.01783258467912674
0.01915168948471546
0.11885778605937958
0.017379440367221832
0.01930573768913746
0.0028894180431962013
0.024170758202672005
0.01391424611210823
0.006405741907656193
0.021916983649134636
0.005523474887013435
0.005642996169626713
0.037708088755607605
0.010525503195822239
0.013322725892066956
0.03984462469816208
0.010917626321315765
0.037973880767822266
0.018669329583644867
0.06667353212833405
0.09610272198915482
0.008478519506752491
0.002527961041778326
0.03058098442852497
0.012801729142665863
0.0024655370507389307
0.02091308869421482
0.008919032290577888
0.02072302997112274
0.0059833163395524025
0.02151625230908394
0.005987759213894606
0.010362651199102402
0.009275346994400024
0.03236692398786545
0.006155208684504032
0.002679215045645833
0.018086571246385574
0.02865872159600258
0.0655943974852562
0.018797796219587326
0.009607084095478058
0.027923699468374252
0.00635184533894062
0.001044603530317545
0.04316487908363342
0.00823425967246294
0.02187793143093586
0.014644645154476166
0.03913027420639992
0.011757485568523407
0.049270547926425934
0.012212779372930527
0.001744071370922029
0.0004968020948581398
0.015482937917113304
0.007793603464961052
0.009584607556462288
0.022160977125167847
0.03659135103225708
0.01243465393781662
0.010772515088319778
0.008351912721991539
0.11814048141241074
0.013881238177418709
0.016169672831892967
0.027242248877882957
0.025740129873156548
0.044893406331539154
0.02592497505247593
0.04082770273089409
0.10839390754699707
0.006507835816591978
0.0012825471349060535
0.008560632355511189
0.027504337951540947
0.01235850341618061
0.03060160018503666
0.006659065373241901
0.010353803634643555
0.013979364186525345
0.008787482976913452
0.011006590910255909
0.04469859600067139
0.0218292735517025
0.02245110645890236
0.01669764146208763
0.02889423631131649
0.04422081261873245
0.005971231963485479
0.009678865782916546
0.057528067380189896
0.027494557201862335
0.026300868019461632
0.060615088790655136
0.026118203997612
0.01729133352637291
0.040841925889253616
0.05176893621683121
0.005484453868120909
0.007634641602635384
0.005097426939755678
0.01721910946071148
0.008666043169796467
0.0030160434544086456
0.01441582664847374
0.048655495047569275
0.01353155542165041
0.023094890639185905
0.035349056124687195
0.029542457312345505
0.014961198903620243
0.014273503795266151
0.014505813829600811
0.02727840468287468
0.030940856784582138
0.14092092216014862
0.10178881883621216
0.04052557796239853
0.07001134008169174
0.03317734971642494
0.09325014799833298
0.006437841337174177
0.029846804216504097
0.018869753926992416
0.031090470030903816
0.03165828809142113
0.04345536231994629
0.00717946607619524
0.01168572623282671
0.006112201604992151
0.024115044623613358
0.014550410211086273
0.011089026927947998
0.0086238794028759
0.01996847242116928
0.030933786183595657
0.032381024211645126
0.01666363887488842
0.0339592881500721
0.015863528475165367
0.0007516869227401912
0.03423912823200226
0.008168895728886127
0.008928637020289898
0.023346267640590668
0.02420489862561226
0.02787533774971962
0.0012280381051823497
0.029197467491030693
0.05865256488323212
0.025348911061882973
0.01556497160345316
0.009684033691883087
0.004767840262502432
0.0004130915040150285
0.041719984263181686
0.0019621888641268015
0.036295413970947266
0.06531655788421631
0.18128427863121033
0.030095741152763367
0.025718742981553078
0.001624084310606122
0.017014209181070328
0.014306862838566303
0.00465630367398262
0.00902668759226799
0.06325927376747131
0.01972918026149273
0.005677835084497929
0.024692155420780182
0.014656446874141693
0.003943182993680239
0.0019091747235506773
0.003322416916489601
0.04776255786418915
0.022693341597914696
0.03190767765045166
0.11697803437709808
0.018297242000699043
0.0032730079255998135
0.03675219789147377
0.018340900540351868
0.020349040627479553
0.03404915705323219
0.04379330947995186
0.015574118122458458
0.031279612332582474
0.0293611828237772
0.04106484353542328
0.3455635607242584
0.01338296476751566
0.07917144894599915
0.04365435615181923
0.05627293139696121
0.023432554677128792
0.011798416264355183
0.0004888048861175776
0.0011025656713172793
0.007769566494971514
0.0125661576166749
0.007785544265061617
0.05054696276783943
0.0007692048675380647
0.014222681522369385
0.021388165652751923
0.040724970400333405
0.000993592431768775
0.004251895006746054
0.025351550430059433
0.008555696345865726
0.042670443654060364
0.00033087204792536795
0.017004648223519325
0.002708149841055274
0.010327259078621864
0.014190878719091415
0.03187081590294838
0.016008350998163223
0.03968003764748573
0.04289216548204422
0.035166822373867035
0.014310924336314201
0.028799783438444138
0.0994819849729538
0.06740005314350128
0.01328498125076294
0.06796003133058548
0.010716643184423447
0.02159220352768898
0.027322251349687576
0.06243229657411575
0.01251213438808918
0.030140995979309082
0.019804762676358223
0.006090470124036074
0.01431317813694477
0.0006102555198594928
0.03355520963668823
0.02503453567624092
0.005228190682828426
0.006810294464230537
0.00643407367169857
0.02853441797196865
0.0059311045333743095
0.06259501725435257
0.0050848908722400665
0.07168478518724442
0.04806378856301308
0.04865650832653046
0.0005211317911744118
0.020720146596431732
0.009742897003889084
0.014912269078195095
0.02735031768679619
0.02130187302827835
0.02204904332756996
0.0011075313668698072
0.01686180755496025
0.02620595693588257
0.01816679537296295
0.010413624346256256
0.006791961845010519
0.028132639825344086
0.0017671138048171997
0.02050626277923584
0.015384356491267681
0.03789125010371208
0.016020189970731735
0.05168367177248001
0.014939313754439354
0.0027609316166490316
0.025282861664891243
0.01903768815100193
0.02184259705245495
0.024295544251799583
0.052619073539972305
0.03403709828853607
0.010043004527688026
0.0221448615193367
0.01304858922958374
0.012168212793767452
0.010308802127838135
0.06405875086784363
0.07120910286903381
0.016220761463046074
0.05252046510577202
0.01828623190522194
0.04466182738542557
0.026549402624368668
0.03082994744181633
0.05574490875005722
0.027881676331162453
0.013045511208474636
0.0031984252855181694
0.0058322688564658165
0.01080046035349369
0.007584989536553621
0.015235930681228638
0.011332547292113304
0.022820910438895226
0.03682517260313034
0.07119807600975037
0.005411905702203512
0.01844196766614914
0.028436526656150818
0.03591670095920563
0.06271348148584366
0.016701573505997658
0.021911444142460823
0.01809212565422058
0.03587235510349274
0.020981740206480026
0.015063466504216194
0.006946431007236242
0.006852233782410622
0.09968393296003342
0.018677882850170135
0.03592225909233093
0.00271073030307889
0.010559264570474625
0.049797095358371735
0.047342635691165924
0.016605917364358902
0.0375235415995121
0.015387529507279396
0.05395839363336563
0.06639013439416885
0.677209198474884
0.026417596265673637
0.0036802352406084538
0.01408448163419962
0.01596301607787609
0.01204552873969078
0.022466035559773445
0.012204124592244625
0.02225695177912712
0.03089456632733345
0.004343483597040176
0.07490094751119614
0.01844148524105549
0.009710792452096939
0.006001799833029509
0.013621638529002666
0.028636738657951355
0.02587691694498062
0.02464016154408455
0.013426817953586578
0.019442299380898476
0.026382049545645714
0.0018007351318374276
0.031935639679431915
0.029567766934633255
0.02057643048465252
0.034933798015117645
0.4150369465351105
0.001510716276243329
0.023496128618717194
0.03509305790066719
0.03265688568353653
0.030501656234264374
0.03385911136865616
0.014994136057794094
0.007794064935296774
0.02286027930676937
0.03657572343945503
0.03753572702407837
0.03428921103477478
0.024857670068740845
0.029408136382699013
0.009102530777454376
0.10108374059200287
0.01567966304719448
0.0012239138595759869
0.07167712599039078
0.029027163982391357
0.022109977900981903
0.0009567503584548831
0.024971241131424904
0.009354623965919018
0.061403870582580566
0.03916573524475098
0.013671818189322948
0.030244173482060432
0.02307545393705368
0.048979587852954865
0.4094473123550415
0.04740557819604874
0.005329735577106476
0.020983368158340454
0.0018795676296576858
0.03757118433713913
0.008921387605369091
0.013630757108330727
0.27460867166519165
0.02385617606341839
0.006713828071951866
0.028639599680900574
0.013863112777471542
0.04336562007665634
0.03114129789173603
0.00862248707562685
0.02910568378865719
0.022437088191509247
0.07509158551692963
0.0036157541908323765
0.019295595586299896
0.011877777054905891
0.0006913971155881882
0.02799046039581299
0.013704472221434116
0.02513839490711689
0.010662914253771305
0.02095729485154152
0.05510783940553665
0.000772311759646982
0.007369660772383213
0.006764284335076809
0.010821972973644733
0.002292920835316181
0.0445975624024868
0.015512654557824135
0.017860447987914085
0.012460651807487011
0.07092063128948212
0.017067860811948776
0.012409933842718601
0.0062642511911690235
0.009812414646148682
0.06891803443431854
0.04266875982284546
0.011194828897714615
0.03436775505542755
0.02478398010134697
0.017962990328669548
0.01662255823612213
0.024882124736905098
0.05032426491379738
0.009916244074702263
0.014005727134644985
0.01888735219836235
0.020384132862091064
0.009336499497294426
0.07325148582458496
0.0064294105395674706
0.01103144884109497
0.050822362303733826
0.018657835200428963
0.04774339124560356
0.02478647604584694
0.02591628208756447
0.03834295645356178
0.031740836799144745
0.03299473971128464
0.04757501557469368
0.05550079792737961
0.021272646263241768
0.06065872311592102
0.016084546223282814
0.03033418580889702
0.01820521615445614
0.008189020678400993
0.0416916161775589
0.038709066808223724
0.018866322934627533
0.030506033450365067
0.017724942415952682
0.015664301812648773
0.03621654212474823
0.01273002102971077
0.02512989565730095
0.000959867553319782
0.006679961457848549
0.014166437089443207
0.4616064429283142
0.012576691806316376
0.08490584045648575
0.03030761331319809
0.03517298400402069
0.03446871042251587
0.03367670997977257
0.001583922654390335
0.014448343776166439
0.05416135489940643
0.019012872129678726
0.010618726722896099
0.003738285740837455
0.02725369483232498
0.010983667336404324
0.013110428117215633
0.00865573063492775
0.006519801449030638
0.014372526668012142
0.007234799675643444
0.026408210396766663
0.001116498839110136
0.004680446814745665
0.043733492493629456
0.04477665573358536
0.031756892800331116
0.03620115667581558
0.022403309121727943
0.03604576364159584
0.016618087887763977
0.014133777469396591
0.014344117604196072
0.0725623369216919
0.018768616020679474
0.020105240866541862
0.030936896800994873
0.019832400605082512
0.0034964142832905054
0.03939786180853844
0.0011165060568600893
0.01438827347010374
0.014934946782886982
0.019483426585793495
0.011496682651340961
0.006941116414964199
0.009752918034791946
0.01390872336924076
0.005907159764319658
0.08271406590938568
0.017553750425577164
0.006123287137597799
0.009366955608129501
0.054695483297109604
0.021459588780999184
0.014882090501487255
0.02087128534913063
0.0222492478787899
0.011211935430765152
0.011473534628748894
0.04149377718567848
0.01601545326411724
0.016966206952929497
0.01061761099845171
0.00925181619822979
0.0037526071537286043
0.010963847860693932
0.03465263918042183
0.5757039785385132
0.02026842162013054
0.02226908877491951
0.18678216636180878
0.040904708206653595
0.027278084307909012
0.004639020189642906
0.004795970860868692
0.05053546279668808
0.027379103004932404
0.03060942515730858
0.026630587875843048
0.04526464268565178
0.6175686120986938
0.018416378647089005
0.019489850848913193
0.020645903423428535
0.0166877843439579
0.034919217228889465
0.02717108651995659
0.0008194156689569354
0.014062559232115746
0.01630270853638649
0.21568536758422852
0.021242350339889526
0.016972219571471214
0.05515482649207115
0.032924834638834
0.004276671446859837
0.0117894746363163
0.017882660031318665
0.037205006927251816
0.02327481284737587
0.014742608182132244
0.02654748037457466
0.016677752137184143
0.006762784905731678
0.004839262459427118
0.020146911963820457
0.01855919510126114
0.017778430134058
0.029091324657201767
0.008594043552875519
0.004586074501276016
0.0028361266013234854
0.019799403846263885
0.03717884421348572
0.021937258541584015
0.03135712444782257
0.020062072202563286
0.007853064686059952
0.027266759425401688
0.0096315061673522
0.010311012156307697
0.034046418964862823
0.026791278272867203
0.05435517430305481
0.013436442241072655
0.017987458035349846
0.011358300223946571
0.02835020422935486
0.1614469438791275
0.058558084070682526
0.02021942287683487
0.0007817857549525797
0.004033724311739206
0.030297886580228806
0.007203036919236183
0.01640201359987259
0.04417708143591881
0.007342597935348749
0.00024845998268574476
0.05789811536669731
0.004006359726190567
0.023164942860603333
0.023346679285168648
0.061153244227170944
0.021913226693868637
0.003441851818934083
0.0034607909619808197
0.0257943756878376
0.014875192195177078
0.004756543785333633
0.06324437260627747
0.023731375113129616
0.0006803332362323999
0.007356710731983185
0.0502154640853405
0.010059947147965431
0.10606575757265091
0.010973051190376282
0.03440714254975319
0.016535252332687378
0.012843634001910686
0.021480772644281387
0.020939216017723083
0.024431802332401276
0.020687855780124664
0.012518280185759068
0.012624689377844334
0.011186588555574417
0.027108756825327873
0.030344069004058838
0.020331956446170807
0.01830482669174671
0.03643038123846054
0.014378213323652744
0.0035095717757940292
0.008117731660604477
0.0231279619038105
0.007235350087285042
0.0078114718198776245
0.0353538915514946
0.02036316692829132
0.0008569263736717403
0.015642136335372925
0.06386774033308029
0.0310231763869524
0.030851975083351135
0.02294374443590641
0.01883300207555294
0.04011792689561844
0.0072425371035933495
0.024695323780179024
0.03495661914348602
0.0011876716744154692
0.02172021195292473
0.014561804942786694
0.026490643620491028
0.01817953959107399
0.006611560471355915
0.03480929881334305
0.022917980328202248
0.019102443009614944
0.027142345905303955
0.013685937970876694
0.013145636767148972
0.21709862351417542
0.0028847719077020884
0.0337522067129612
0.006813302636146545
0.01504356600344181
0.022483691573143005
0.05910498648881912
0.014608767814934254
0.03466884791851044
0.015115546062588692
0.02412010170519352
0.04591447860002518
0.009887665510177612
0.011789724230766296
0.008731406182050705
0.03766292333602905
0.03349725157022476
0.009869787842035294
0.024828767403960228
0.006987451575696468
0.003022416727617383
0.014938280917704105
0.009712480939924717
0.010533109307289124
0.04834724962711334
0.02394665777683258
0.012329662218689919
0.025654887780547142
0.020703446120023727
0.016512298956513405
0.02399289608001709
0.029308242723345757
0.02756033092737198
0.01384367048740387
0.0008598212152719498
0.01302012987434864
0.01793944463133812
0.042197082191705704
0.02897566929459572
0.01034504733979702
0.05842305347323418
0.08535708487033844
0.0005802492378279567
0.028074681758880615
0.026439253240823746
0.14788754284381866
0.0069302162155508995
0.01358115952461958
0.005532435141503811
0.02028634585440159
0.01552528329193592
0.028144817799329758
0.0406959131360054
0.02696363814175129
0.02800670452415943
0.15973298251628876
0.018978770822286606
0.06203331798315048
0.07886644452810287
0.013668589293956757
0.021103743463754654
0.018056560307741165
0.02437099628150463
0.023007631301879883
0.046885501593351364
0.02843930386006832
0.11407636851072311
0.031441137194633484
0.005199226085096598
0.015280492603778839
0.019161764532327652
0.010145239531993866
0.03841236233711243
0.04489213973283768
0.02093677967786789
0.019469905644655228
0.03712543845176697
0.01562560349702835
0.01995123364031315
0.028424479067325592
0.015445554628968239
0.005359952338039875
0.018302015960216522
0.03204389289021492
0.021719731390476227
0.3002023994922638
0.00827697291970253
0.0007732767844572663
0.028260253369808197
0.011768163181841373
0.010646544396877289
0.011789461597800255
0.006797114387154579
0.002555960090830922
0.06215709447860718
0.002000893233343959
0.027958830818533897
0.015943504869937897
0.01844867132604122
0.007033715024590492
0.005703139118850231
0.007356222253292799
0.016098210588097572
0.010407591238617897
0.10371324419975281
0.026172049343585968
0.01947520673274994
0.02950083091855049
0.008419503457844257
0.000882735475897789
0.02207944728434086
0.021049825474619865
0.049738187342882156
0.015757819637656212
0.014754812233150005
0.006058036349713802
0.02759891375899315
0.019837599247694016
0.030173376202583313
0.024401338770985603
0.057295724749565125
0.0077376775443553925
0.0055021620355546474
0.01734994724392891
0.012725846841931343
0.030413664877414703
0.01930256187915802
0.017499398440122604
0.02039596252143383
0.0019149966537952423
0.09504298120737076
0.0119562279433012
0.05553574860095978
0.011333776637911797
0.018515409901738167
0.0009300260571762919
0.014072592370212078
0.01602124236524105
0.010250872001051903
0.009049559012055397
0.02878459356725216
0.02060166746377945
0.0369400829076767
0.013859064318239689
0.016975391656160355
0.01650880090892315
0.017231270670890808
0.02625550888478756
0.08327744901180267
0.016241448000073433
0.01389294769614935
0.013671357184648514
0.012373493053019047
0.01780971884727478
0.0010869210818782449
0.017582854256033897
0.007818992249667645
0.014088292606174946
0.01619802415370941
0.040207624435424805
0.030247995629906654
0.006892926525324583
0.006401511374861002
0.014218323864042759
0.02344975247979164
0.04187873750925064
0.07765845209360123
0.016727201640605927
0.010595990344882011
0.038444288074970245
0.010213377885520458
0.005455246195197105
0.005877195857465267
0.03403666242957115
0.009894157759845257
0.015724942088127136
0.008675250224769115
0.0038544307462871075
0.07679811120033264
0.14638516306877136
0.011571446433663368
0.023837942630052567
0.020755533128976822
0.03988426923751831
0.007072349078953266
0.010013592429459095
0.023071950301527977
0.013505075126886368
0.06189751252532005
0.020198773592710495
0.01885228231549263
0.04330913722515106
0.016430478543043137
0.019351495429873466
0.0036817786749452353
0.005036098416894674
0.028185296803712845
0.04470917955040932
0.03888048231601715
0.037147752940654755
0.009286971762776375
0.05320998653769493
0.032568708062171936
0.0147502850741148
0.03584510087966919
0.014622049406170845
0.061783961951732635
0.006066889502108097
0.04002346843481064
0.06617141515016556
0.06457594037055969
0.03407984972000122
0.0058145588263869286
0.01631203666329384
0.013128559105098248
0.007348081562668085
0.05460676550865173
0.0007447026437148452
0.18511170148849487
0.014208870939910412
0.011862067505717278
0.002942644525319338
0.016787594184279442
0.010747147724032402
0.020771963521838188
0.0201213750988245
0.03277503699064255
0.013181397691369057
0.04443470388650894
0.044114019721746445
0.06800200790166855
0.16377440094947815
0.029025625437498093
0.10223036259412766
0.02029488794505596
0.06518808752298355
0.02008083090186119
0.019238092005252838
0.022523628547787666
0.013875572010874748
0.019195174798369408
0.004726555664092302
0.024246875196695328
0.008177658542990685
0.015668392181396484
0.0072383820079267025
0.01700681447982788
0.018531573936343193
0.036336276680231094
0.016414271667599678
0.01617254689335823
0.006098986137658358
0.06441259384155273
0.025164857506752014
0.037337929010391235
0.03797457367181778
0.014654098078608513
0.023292455822229385
0.021595465019345284
0.011561248451471329
0.03424924612045288
0.013455748558044434
0.009269987232983112
0.0037226134445518255
0.01606110669672489
0.01355492603033781
0.05608735978603363
0.014533206820487976
0.09089072048664093
0.02504861354827881
0.02142300084233284
0.011464973911643028
0.03106861375272274
0.013289532624185085
0.027671951800584793
0.011727401986718178
0.15434429049491882
0.019150510430336
0.03112286701798439
0.05168503150343895
0.0011219531297683716
0.02256365492939949
0.0005341124488040805
0.0036039596889168024
0.005299865268170834
0.0032175923697650433
0.024806711822748184
0.014406129717826843
0.0006221761577762663
0.011404970660805702
0.017676200717687607
0.03518567979335785
0.005587399005889893
0.04305078461766243
0.005656084977090359
0.01799646019935608
0.00083027349319309
0.033054184168577194
0.013277819380164146
0.017319051548838615
0.02754758857190609
0.003464330453425646
0.011752719059586525
0.02107386291027069
0.010240414179861546
0.02824120968580246
0.022343426942825317
0.02482905238866806
0.034896526485681534
0.012716535478830338
0.007306475192308426
0.017217589542269707
0.014368840493261814
0.02359047159552574
0.03422887995839119
0.0010719248093664646
0.02078847773373127
0.0280890055000782
0.02705284208059311
0.014333080500364304
0.0025314204394817352
0.017736569046974182
0.02325565367937088
0.022586485370993614
0.020421063527464867
0.016855046153068542
0.022358465939760208
0.010016962885856628
0.020121298730373383
0.001235556323081255
0.03605502098798752
0.04797542095184326
0.019565436989068985
0.053980641067028046
0.001620632829144597
0.03514986112713814
0.015171336941421032
0.037532683461904526
0.008372623473405838
0.010205072350800037
0.007672038860619068
0.02545069344341755
0.0030447281897068024
0.07427743077278137
0.03288736939430237
0.040028415620326996
0.016171731054782867
0.017980098724365234
0.015026363544166088
0.017263948917388916
0.010923249647021294
0.015752693638205528
0.004840934183448553
0.013598756864666939
0.027894962579011917
0.04173339158296585
0.005216403864324093
0.01326887495815754
0.0085233049467206
0.03217053785920143
