0.0003662187373265624
0.0005154234240762889
0.001332452753558755
0.0005138741107657552
0.0007057423936203122
0.0006951136747375131
0.0004507711564656347
0.0007998549262993038
4.099424404557794e-05
0.00014162778097670525
0.0008416820783168077
0.0005326758837327361
0.000555758539121598
0.0002442974946461618
0.0039702230133116245
0.0009495529811829329
0.00038733615656383336
0.027025647461414337
0.06364750862121582
0.00019073027942795306
0.0002647147630341351
0.0004263682058081031
0.0018656817264854908
0.0258073378354311
0.0014118317048996687
0.011743797920644283
0.001202502055093646
0.0007740916917100549
0.00045101172872819006
0.0007875924929976463
0.0016430146060883999
0.0025867295917123556
0.0007787884096615016
0.0010106797562912107
0.0014299791073426604
0.005527703557163477
0.000494094449095428
0.0005579531425610185
0.007639969699084759
0.01877346634864807
0.0007756321574561298
0.001099302782677114
0.00017323516658507288
0.0013156260829418898
0.001220346661284566
0.0204851645976305
0.0009707837016321719
0.0005704426439478993
0.02226789854466915
0.00012158852769061923
0.0011048929300159216
0.04787036031484604
0.00013529231364373118
0.003965013660490513
0.0004873221623711288
0.0008717859745956957
0.0008828348945826292
0.0005252535920590162
0.0012212783331051469
0.00033603303018026054
0.028712885454297066
0.13851116597652435
0.013866581954061985
0.0013010547263547778
0.0009622481884434819
0.0012742974795401096
0.0009580920450389385
0.000463295029476285
0.010987519286572933
0.0010708888294175267
0.004124038852751255
0.0012277921196073294
0.000264533213339746
0.0005326034151948988
0.0006430516950786114
0.0017220457084476948
0.0006156559102237225
0.0005126502364873886
8.728218381293118e-05
0.00011228719085920602
0.0008000930538401008
0.0030258595943450928
0.004211731255054474
0.0057714409194886684
0.0013554053148254752
0.0015410714549943805
0.0002850953896995634
0.0006101986509747803
8.126904140226543e-05
0.0005658852751366794
0.00037793934461660683
0.0021325747948139906
0.11831510066986084
0.005639621987938881
0.0007648809114471078
0.0002672535483725369
0.37127700448036194
0.00030189708922989666
0.00018329279555473477
0.0005455500213429332
0.0008482629200443625
0.001366367912851274
0.0010773814283311367
0.00044433315633796155
0.02611803635954857
0.022770727053284645
0.000532883801497519
0.0008645810885354877
0.02133643627166748
0.0022671660408377647
0.000397129770135507
0.0007127090939320624
0.00034058550954796374
0.00258571095764637
0.0003388010081835091
0.0008542253635823727
0.055868811905384064
0.0014505184954032302
0.0004629718605428934
0.00177066121250391
0.0004341766471043229
0.0016312034567818046
0.0016694164369255304
0.0003223645908292383
0.0004024306545034051
0.002028913702815771
0.001830361899919808
0.0005216030403971672
0.0003814118099398911
0.0011784962844103575
2.340315404580906e-05
4.8261827032547444e-05
0.0006861336878500879
0.0015438684495165944
0.00045178443542681634
0.0003195021708961576
0.0008058963576331735
0.0006072307005524635
0.0006438971031457186
0.0007521360530517995
0.007341084070503712
0.002201082883402705
0.0016776586417108774
0.0006401850841939449
0.00042526921606622636
0.006330565083771944
0.0007123075192794204
0.0008438307559117675
0.0013004756765440106
0.0009946487843990326
0.00023577490355819464
0.0003375947126187384
0.00031026636133901775
0.00043390601058490574
0.0007578528602607548
0.001315851928666234
0.0007889172411523759
0.00015397949027828872
0.023884285241365433
0.03476231172680855
0.0001912093284772709
0.02407381497323513
0.015027881599962711
0.0021280788350850344
0.00045889007742516696
0.0012948745861649513
0.0004465104721020907
0.00940699316561222
0.0004720190481748432
0.0005692644626833498
0.002758705522865057
0.003706406569108367
0.00024112346000038087
0.0006250137812457979
0.025847425684332848
0.0030145838391035795
0.0002753300650510937
0.0007541519007645547
0.051157303154468536
0.00021790765458717942
0.0005680904723703861
0.000977991265244782
0.0011621827725321054
0.0006989841931499541
0.0002702584897633642
0.005559446290135384
0.0004994316259399056
0.0016332826344296336
0.000575639249291271
0.0006074703997001052
9.861811849987134e-05
0.031146202236413956
0.00048664523637853563
0.01769629493355751
0.0005994158564135432
0.003995886538177729
0.0005594212561845779
0.0005070737679488957
0.000491680926643312
0.0006273500621318817
0.0011387936538085341
2.674606912478339e-05
0.0015466315671801567
0.0006378269754350185
0.0003876825503539294
0.0003163159708492458
0.00032119418028742075
0.037576720118522644
0.0008926521986722946
0.02801508456468582
0.00041830592090263963
0.0005671606049872935
0.0007487802067771554
0.013522734865546227
0.001108446973375976
0.0017571699572727084
0.0005655832355841994
0.0011397600173950195
0.00018030909996014088
0.0007051131688058376
0.026247024536132812
0.0028760426212102175
0.00029951808392070234
0.0007083415985107422
0.017998384311795235
0.001697150757536292
0.0010031536221504211
0.010711138136684895
0.052957840263843536
0.00035598670365288854
0.00029159177211113274
0.00040046434151008725
0.00034720016992650926
0.0013292159419506788
0.0007724535535089672
0.014990611001849174
0.039265505969524384
0.0007239084225147963
0.0005448151496239007
0.0008155496907420456
0.00013317089178599417
0.019549107179045677
0.004396665375679731
0.00045427665463648736
0.00032893300522118807
0.03534237667918205
0.02439551241695881
0.0006638504564762115
0.000570208765566349
0.0024785350542515516
0.0009778987150639296
0.027287790551781654
0.0009035574039444327
0.0027717449702322483
0.0011200670851394534
0.0038498775102198124
0.0005529959453269839
0.01143233198672533
0.0003399276756681502
0.0015234564198181033
0.0011290196562185884
0.046272508800029755
0.00041154128848575056
0.0019022250780835748
0.001197449630126357
0.02127167209982872
0.00013034824223723263
0.000901790102943778
0.00028646853752434254
0.0030763535760343075
0.0005403337418101728
0.0005737993051297963
0.00022890832042321563
0.00027142741600982845
0.0006304715643636882
0.000896211015060544
0.0004993304028175771
0.0006111725233495235
0.0025917121674865484
0.0013542668893933296
0.0011004095431417227
0.00316648674197495
0.010149507783353329
0.00034266855800524354
0.0005907422164455056
0.0012493921676650643
0.026133351027965546
0.025870149955153465
0.0012391807977110147
0.0010677314130589366
0.0012897963169962168
0.0963902622461319
6.301938265096396e-05
0.018400849774479866
0.0003347759193275124
0.0181133970618248
0.15881362557411194
0.0023325798101723194
0.0010279399575665593
0.0018709421856328845
0.07621532678604126
9.028430940816179e-05
0.13918058574199677
0.00014220329467207193
0.0003592152497731149
0.0005971000646241009
0.0003735170466825366
0.0006951257237233222
0.0010782869067043066
0.0011468927841633558
0.0012971077812835574
0.0011328611290082335
0.00026173974038101733
0.0006280242814682424
2.1744144760305062e-05
0.031688932329416275
0.0003253428149037063
0.01258758269250393
0.0006261036614887416
0.017276909202337265
0.005101495888084173
0.0009865699103102088
0.010374821722507477
0.0017310654511675239
0.0007799169979989529
0.0004760573501698673
0.0018397599924355745
0.0021516832057386637
0.0036924309097230434
0.0007123194518499076
0.0007546032429672778
0.002050759270787239
0.0015277829952538013
0.0006047850474715233
0.0014947755262255669
0.002733225002884865
0.0019473237916827202
0.0003528224478941411
0.0007205344154499471
0.001273520989343524
0.03238598629832268
0.0016353513346984982
0.0007707509794272482
0.0006155529990792274
0.04189728572964668
0.0029177856631577015
0.001361712347716093
0.010599679313600063
0.0006158097530715168
0.0001644501753617078
0.004293826874345541
0.0002799846697598696
0.0006232201703824103
0.002365770749747753
0.01817447878420353
0.0015269949799403548
0.00028387870406731963
0.005780030507594347
0.0005316275055520236
0.00029817604809068143
0.0002042563137365505
0.0005543859442695975
0.024981163442134857
0.00023799409973435104
0.019221704453229904
0.0006762777920812368
0.00035066084819845855
0.0009556044824421406
0.001066518248990178
0.021109480410814285
0.0008034475613385439
0.032250817865133286
0.0014146786415949464
0.00305896601639688
0.00044855105807073414
0.0014490083558484912
0.025654839351773262
0.001528638880699873
0.0009455116814933717
0.002354278927668929
0.024382155388593674
0.074132539331913
0.0008673462434671819
0.000633994466625154
0.0007713320665061474
0.00017769949045032263
0.00017398134514223784
0.00015116717258933932
0.0011459963861852884
0.006046375259757042
0.2869003713130951
0.0004675278614740819
0.002209854545071721
0.0005691297119483352
0.00044130152673460543
0.028805721551179886
0.001342922798357904
0.001052383566275239
0.0011006082640960813
0.000516593805514276
0.0035369403194636106
0.00244960212148726
0.038499392569065094
0.0005054541397839785
0.0057029216550290585
0.03239321708679199
0.09987465292215347
0.0005090047488920391
0.0004659576225094497
0.000812882964964956
0.02739289402961731
0.0005128814955241978
0.0006732738693244755
0.024992255493998528
0.0002004896232392639
0.004945879336446524
0.0004891701973974705
0.0007805990753695369
0.0012186523526906967
0.00026421216898597777
0.000757127592805773
0.0022250497713685036
0.0015383847057819366
0.00154878047760576
0.010858776979148388
0.02747306227684021
0.0004858656320720911
0.001060489914380014
0.0009194764425046742
0.00012704601977020502
0.00010381013998994604
0.0006130332476459444
0.0003230321453884244
0.012656357139348984
0.0006880703731440008
0.0008443220285698771
0.0007231757626868784
0.03545606508851051
0.0006705827545374632
0.00036003050627186894
0.0006544631323777139
0.00031266864971257746
0.001057191169820726
0.0007065158570185304
0.000800150097347796
0.0024807497393339872
0.00014825780817773193
0.0006555392174050212
0.001031634514220059
0.001066555269062519
0.002235348103567958
0.00033876480301842093
0.0005580566357821226
0.0011095668887719512
0.0004994276678189635
0.00015042690210975707
0.00027742836391553283
0.0003297507355455309
0.00411615613847971
0.0003125293005723506
0.0006868232740089297
0.0010211131302639842
0.0008429217268712819
0.0007193631608970463
0.0008661950705572963
0.0008701079059392214
0.000272314646281302
0.0009514510165899992
0.0009124058415181935
0.0009561543120071292
0.0003266376443207264
0.00019551411969587207
0.00017736878362484276
0.0015208580298349261
0.0007618414238095284
0.0003901031450368464
0.08697976171970367
0.001756850047968328
0.0006902453023940325
0.00040958909085020423
0.0002054222277365625
0.0046203709207475185
0.0002515460073482245
0.000577336351852864
0.0016462336061522365
0.001480873441323638
0.0016446902882307768
0.0007463892688974738
0.0001474609161959961
0.03219550475478172
0.0018742409301921725
0.00039215805009007454
0.0021086628548800945
0.0014366472605615854
0.09853430837392807
0.0029004057869315147
0.0015907151391729712
0.0005144659080542624
0.0002227229269919917
0.021497514098882675
0.0011037266813218594
0.01507217064499855
0.0004057403129991144
0.03750140592455864
0.0025940281338989735
0.002078460995107889
0.0003165851521771401
0.0009369190665893257
0.020055193454027176
0.0021828957833349705
0.0007024133228696883
0.02771628648042679
0.07643226534128189
0.09657200425863266
0.0007481462089344859
0.0026754806749522686
0.0017076481599360704
8.510580664733425e-05
0.0061654746532440186
0.026097968220710754
0.00039430701872333884
0.00028606661362573504
0.0008402862004004419
0.0006895905826240778
0.0002892651245929301
0.0016715934034436941
0.003053558524698019
0.0006976543227210641
0.0005274696741253138
0.00025858019944280386
0.00021019054111093283
0.0006666135159321129
0.0016253369394689798
0.0002742479264270514
0.018017642199993134
0.018392236903309822
0.00036228637327440083
0.0004946041735820472
0.0001854120782809332
0.0011800641659647226
0.001884407363831997
0.06744991987943649
0.0015287615824490786
0.0002029010938713327
0.0001891661377158016
0.0008001054520718753
0.005957687273621559
0.0002122726000379771
0.00026904340484179556
0.00019841137691400945
0.0013671980705112219
0.0012772942427545786
0.0010375329293310642
0.0017239227890968323
0.03193246200680733
0.0009360809926874936
0.0015098843723535538
0.00152444071136415
0.0010339180007576942
0.00020794611191377044
0.0004690689092967659
0.000370634050341323
0.0015888813650235534
0.0004405441286507994
0.0009580102632753551
0.0005982173606753349
0.00023500154202338308
0.0006191759603098035
0.0006222088704816997
0.000317953439662233
0.0013462293427437544
0.0005231216782703996
0.0008149684872478247
0.00056343903997913
0.00011342141806380823
0.0005554115050472319
0.002269439399242401
0.00042566636693663895
0.0006907889619469643
0.000976761570200324
0.0004763150936923921
0.01982291042804718
0.0005873875343240798
0.002872469834983349
0.00017338561883661896
0.0006173611618578434
0.0031861227471381426
0.00012137964222347364
0.0003441581502556801
0.000942591461353004
0.0003806177992373705
0.00046851500519551337
0.030265605077147484
0.07450518012046814
0.001038379268720746
0.002804909599944949
0.0003792232309933752
0.0005499644321389496
0.00029852232546545565
0.0952281504869461
0.0004556322528515011
0.0011021117679774761
0.003749304683879018
0.0007145015988498926
0.0012952069519087672
0.0004797044093720615
0.0011336520547047257
0.0003533345879986882
0.01067208033055067
0.0003880688454955816
0.0011176546104252338
0.0007075765170156956
0.0004822273913305253
0.02246413379907608
0.0010251272469758987
0.000152533408254385
0.0005438053049147129
0.0020499476231634617
0.00037909025559201837
0.0002919442777056247
0.001151020172983408
0.0011726495577022433
0.001336802844889462
0.005467762239277363
0.015538573265075684
0.0016015536384657025
0.013689444400370121
0.001332564977928996
0.014313075691461563
0.0013855865690857172
0.0007875274168327451
0.000717326533049345
0.013539993204176426
0.0005397425265982747
0.0006044637411832809
0.0005777676706202328
0.00021267193369567394
0.0010863433126360178
0.000722571974620223
0.00012326068826951087
0.06136740371584892
0.00015666223771404475
0.0015679685166105628
0.00018924767209682614
3.238394492655061e-05
0.09432477504014969
0.0007885585073381662
0.00028495851438492537
0.0018377648666501045
0.005273018963634968
0.02589254453778267
0.0006642816588282585
0.0006598043837584555
0.1400286853313446
0.001680167973972857
0.0007131393067538738
0.002618931932374835
0.0013570493320003152
0.002187829464673996
0.0020575725939124823
0.00032831888529472053
0.0005333733279258013
0.010442512109875679
0.002140803262591362
0.002816199790686369
0.022089576348662376
0.0014488042797893286
9.439692803425714e-05
0.00040374454692937434
0.00034260531538166106
0.0010300013236701488
0.00016701115237083286
0.010233872570097446
0.0016684781294316053
0.0427420511841774
0.0005155046819709241
0.0002442258410155773
0.00048351837904192507
0.02646949328482151
0.0006014810060150921
0.0006655059405602515
0.0005256737931631505
0.0013447485398501158
0.0051495954394340515
0.0038507471326738596
0.00015127706865314394
0.0006130613619461656
0.00022242430713959038
0.004339215345680714
0.0005964218289591372
0.0015076844720169902
0.005277089308947325
0.0030618372838944197
0.000542661058716476
0.0018636187305673957
0.18311774730682373
0.0021375410724431276
0.024564798921346664
0.00042637009755708277
0.0007086770492605865
0.0003526628715917468
0.009164283983409405
0.0004915329627692699
0.00011189201904926449
0.000836370512843132
0.0022282705176621675
0.00034001728636212647
0.00020855225739069283
0.000575132726226002
0.00025799270952120423
0.001850502216257155
0.00035485433181747794
0.00021684475359506905
0.0005158251733519137
0.004141299519687891
0.000508768018335104
0.001582974218763411
0.05543879047036171
0.0004952946328558028
0.0009257899364456534
0.0008173008682206273
0.0009726039716042578
0.0006295545026659966
0.0008733078138902783
0.01051370520144701
0.0008175944094546139
0.0008466903236694634
0.03368465602397919
0.15577685832977295
0.0006949406233616173
0.028859466314315796
0.0004005115188192576
0.0002622725151013583
0.0017941574333235621
0.0008503324934281409
0.06794793903827667
0.0008553744410164654
0.0007779868319630623
0.0016012450214475393
0.05213621258735657
0.00036435536458157003
0.0006851413636468351
0.002294115722179413
0.0002494178188499063
0.00036165735218673944
0.00021434479276649654
0.0005571272922679782
0.006237707566469908
0.0002777963236439973
0.0023706958163529634
0.0011761663481593132
0.021636096760630608
0.0009422179427929223
0.0029793712310492992
0.0015847929753363132
0.0019123055972158909
0.093487948179245
0.0004932981100864708
0.00021237257169559598
0.0005706958472728729
0.00032168120378628373
0.01552728284150362
0.0003193675074726343
0.000262384390225634
0.000754099921323359
0.03619302436709404
0.002230519661679864
0.023628979921340942
0.004082095343619585
0.001980183180421591
0.005630348809063435
0.0005027506849728525
0.0015621914062649012
0.002961188554763794
0.0004226483579259366
0.0016172516625374556
0.0014566747704520822
0.0008626241469755769
0.01805279590189457
0.0025407634675502777
0.0033933783415704966
4.442521822056733e-05
0.0008872449398040771
0.0004222606075927615
0.0006944373599253595
0.0001947797427419573
0.0008085131412371993
0.0009266289416700602
0.05023300647735596
0.002510152757167816
0.0012215476017445326
0.0007649159524589777
0.0009703071555122733
0.001136354054324329
0.023757461458444595
0.00028805475449189544
0.01727837324142456
0.0010377467842772603
5.7015568017959595e-05
0.0012608596589416265
0.011948020197451115
0.00039333931636065245
0.00040998004260472953
0.00995219312608242
0.0008077877573668957
0.03125735744833946
0.0006600413471460342
0.000577635015361011
0.000263139430899173
0.0004210479964967817
0.0004900087369605899
0.0001319184375461191
0.0035054748877882957
0.00047356574214063585
0.0002219267626060173
9.487281204201281e-05
0.0005460518877953291
0.0003253921458963305
0.001666513504460454
0.000375776959117502
0.0007188760791905224
0.007694554515182972
0.0011245128698647022
0.02070443704724312
0.00029624125454574823
0.0002550226345192641
0.00018029191414825618
0.0029474543407559395
0.001065042451955378
0.00034190979204140604
0.0007772742537781596
0.05127792805433273
0.020840618759393692
0.0002606494817882776
0.002712385496124625
0.0010429770918563008
0.0034194025211036205
0.0022357054986059666
0.0010265426244586706
0.00026094276108779013
0.0020613637752830982
0.0009065691847354174
0.000434324232628569
0.00037028820952400565
8.645096386317164e-05
0.0007231130148284137
0.00043037382420152426
0.0002493722131475806
0.000240510911680758
0.000693324429448694
0.0006002373993396759
0.0095406174659729
0.002221980830654502
0.00040670266025699675
0.0008254454587586224
0.0003647582489065826
0.007329267915338278
0.0004120241501368582
7.961771916598082e-05
0.0007124787080101669
0.00044178057578392327
0.0007127763819880784
0.0001243306032847613
0.0006941388710401952
0.0005831870948895812
0.0033830662723630667
0.0010806303471326828
0.00029144060681574047
0.0032577384263277054
0.0008094926597550511
0.0399603396654129
0.0006244053947739303
0.002938165096566081
0.00018124488997273147
0.00023214929387904704
0.0006071777315810323
0.00236829393543303
0.045783545821905136
0.0005859573720954359
0.000195257380255498
0.00013578374637290835
0.0005365917459130287
0.0009122943738475442
0.0010513736633583903
0.002255331026390195
0.0012809608597308397
0.00035247509367763996
0.0005088464822620153
0.0026034521870315075
0.0006125055369921029
0.03524157777428627
0.001504336716607213
0.0006469321087934077
0.0015056718839332461
0.0005027175066061318
0.019364546984434128
0.0181377325206995
0.00089658098295331
0.0003252109163440764
0.0018853729125112295
7.30249157641083e-05
0.0006684651016257703
0.02344745397567749
4.6145338274072856e-05
0.0009428522898815572
0.0018888936610892415
0.0015317002544179559
0.014886979945003986
0.0007527880952693522
0.0003544352075550705
0.0032160249538719654
0.0002363725652685389
0.0002217207511421293
0.00017119210679084063
0.0002075541124213487
0.00015498734137509018
0.0015217226464301348
0.001447439193725586
0.0012844221200793982
0.0005529177142307162
0.017660776153206825
0.0008372602751478553
0.0002982574515044689
0.0002437292569084093
0.0038328871596604586
0.00020968070020899177
0.00032926586573012173
0.0006778258830308914
0.0014127289177849889
0.0004737725539598614
0.15672796964645386
0.01177688967436552
0.001746231922879815
0.0003206216497346759
0.0003859089920297265
0.05680179223418236
0.0002862718829419464
0.00046925662900321186
0.0005302248755469918
0.0005843234248459339
0.0012254168977960944
0.0006572108832187951
0.000670185370836407
0.08319374173879623
0.0003492971300147474
0.08031444251537323
0.0013790848897770047
0.0004490947467274964
0.0008531890925951302
0.0009051348897628486
0.0003748784074559808
0.09642000496387482
0.004677420482039452
0.0010082668159157038
0.0006120911566540599
0.00028814899269491434
0.1773580014705658
0.015756359323859215
0.0003302831028122455
0.0009331897599622607
0.00014875702618155628
0.0008249525562860072
0.001272388268262148
0.001427426584996283
0.00027689989656209946
0.0724722295999527
0.009556679055094719
0.0006494816625490785
0.00011930510663660243
0.0010464810766279697
0.004197763279080391
0.0007009567925706506
0.0903378576040268
0.0005534911761060357
0.022871213033795357
0.00033697241451591253
0.0004627592279575765
0.033374886959791183
0.00044473647722043097
0.0003454398538451642
0.0002975257229991257
0.00046188096166588366
0.0033652361016720533
0.0009882037993520498
0.00032836059108376503
0.0005604051402769983
0.00044067742419429123
0.00025529239792376757
0.0010337464045733213
0.0004886737442575395
0.005827680695801973
0.0009733019396662712
0.00029705266933888197
0.0011416213819757104
0.0006724604754708707
0.005114509724080563
0.003391712438315153
0.005687688011676073
0.001369123114272952
0.0009010732173919678
0.0006071316311135888
0.0002830481971614063
0.000108339823782444
0.0010187572333961725
0.002144165337085724
0.003005965379998088
0.03525916486978531
0.0003010936488863081
0.00025110485148616135
0.0001470078423153609
0.0001567892759339884
0.0002014379424508661
0.000551714445464313
0.00023323092318605632
0.0008571159560233355
0.0015110824024304748
0.0022439914755523205
0.0003689035656861961
0.0012216957984492183
0.0002222023467766121
0.0005515352240763605
0.05529744550585747
0.000989023712463677
0.0002872035256586969
0.00027898410917259753
0.000782177725341171
0.002138551091775298
0.00039586980710737407
0.0003696705389302224
0.027193352580070496
0.00041252985829487443
0.00033540226286277175
0.002317268867045641
0.0002807393029797822
0.000964180682785809
3.332554115331732e-05
0.0002288597315782681
0.0005185220506973565
0.0004776100686285645
0.04775841161608696
0.0004629508184734732
0.00031685741851106286
0.0005428421427495778
0.021775484085083008
0.020860502496361732
0.027239402756094933
0.0004548781143967062
0.0006850607460364699
0.0010444012004882097
0.0018254299648106098
0.0003072815597988665
0.0012698740465566516
0.004837776534259319
0.002005318645387888
0.000709230313077569
0.00035391439450904727
0.0006545772776007652
0.00013150421727914363
0.0014327639946714044
0.0012147077359259129
0.0004160114622209221
0.11728636920452118
0.00157818419393152
0.0028391098603606224
0.0011696689762175083
0.00035556688089855015
0.09676241129636765
0.00018426775932312012
9.48756787693128e-05
0.0013403717894107103
0.037190377712249756
0.0015672561712563038
0.0029454915784299374
0.0010599251836538315
0.04284293204545975
0.00457377452403307
0.010769129730761051
0.00021690200082957745
0.002935240510851145
0.00011653640103759244
0.03422761708498001
0.0010980054503306746
0.026107432320713997
0.0005855137715116143
0.00010264331649523228
0.0017248081276193261
0.00035517322248779237
0.00025702363927848637
0.0001980507222469896
0.0008538849651813507
0.00041305553168058395
0.0008271217811852694
0.0008167924825102091
0.00034031481482088566
0.0005139437853358686
0.0009133982821367681
0.00046977034071460366
0.0011343329679220915
0.0006695986958220601
0.015282444655895233
0.02437153086066246
0.0014329577097669244
0.0021324758417904377
0.0005683592753484845
0.008473098278045654
1.496434833825333e-05
0.0008100421982817352
0.0005741053028032184
0.029559282585978508
0.0005463834968395531
0.001031289342790842
0.0008172317175194621
0.0010781576856970787
0.0007652164786122739
0.003126397030428052
0.0012807087041437626
0.0011619896395131946
0.006879820488393307
0.00027170448447577655
0.0003349297330714762
0.002691642614081502
0.000579618033953011
0.0006050869124010205
0.021330170333385468
0.034185174852609634
0.0006061158492229879
0.0017380582867190242
0.0010382389882579446
0.0006603370420634747
0.00025614703190512955
0.0009036898845806718
0.00013223291898611933
0.0004461664648260921
0.00043389920028857887
0.0003579314216040075
0.00041375766159035265
0.039252061396837234
0.012164418585598469
0.024653427302837372
0.0004732640227302909
0.0005880286917090416
0.0003218378988094628
0.015766121447086334
0.0029851258732378483
0.00040877319406718016
0.0047854832373559475
0.0011214021360501647
0.0006274321349337697
0.0015468911733478308
0.0003006226907018572
0.06711834669113159
0.0018331659957766533
0.0007084644166752696
0.0029126987792551517
0.00030995678389444947
0.00013032049173489213
0.0008858154178597033
0.0014872087631374598
0.0005521753919310868
0.0003508118388708681
0.0005404662806540728
0.02723855897784233
0.00020166629110462964
0.0002519833215046674
0.0003672171151265502
0.00040956688462756574
0.001591658336110413
0.0003564218641258776
0.0009216609760187566
0.007937579415738583
0.0005449267337098718
0.054606303572654724
0.014428898692131042
0.015330173075199127
0.001207501394674182
0.017588842660188675
0.00046398749691434205
0.00037772886571474373
0.00032669308711774647
0.005928761791437864
0.000806363532319665
0.002428185660392046
0.0009569124667905271
0.00019178657385054976
0.0009215202881023288
0.013932052068412304
0.0004659791593439877
0.010227737948298454
0.000986254308372736
0.0001733151002554223
0.0007110387086868286
0.00131267833057791
0.0002521745045669377
0.0011335733579471707
0.0004256684333086014
0.02692105993628502
0.022611534222960472
0.03396264836192131
0.018649563193321228
0.0002854815393220633
0.002103698207065463
0.0020502260886132717
0.005175682716071606
0.0010120992083102465
0.0023912342730909586
0.003801743034273386
0.00553876580670476
0.017606420442461967
0.0009501182939857244
0.00022967987752053887
0.001012618886306882
0.00037468248046934605
0.0016795303672552109
0.0002898989478126168
6.727428990416229e-05
0.02996736764907837
0.001793235307559371
0.001499584293924272
0.02136407233774662
0.00232620257884264
0.17141813039779663
0.0017098754178732634
0.0004020411579404026
0.001813533715903759
0.00023552421771455556
0.0004797391302417964
0.0020998232066631317
0.0018410219345241785
0.0008692736737430096
0.0005349225830286741
0.0006371132330968976
0.0021122863981872797
0.0009104749769903719
0.0016523837111890316
0.0017659665318205953
0.0011097771348431706
0.000763995572924614
0.0009221211657859385
0.0013732577208429575
0.004671616945415735
0.0004063440137542784
0.0005731262499466538
9.006005711853504e-05
0.0009872069349512458
0.00020175405370537192
0.027956794947385788
0.00020658693392761052
0.023600010201334953
0.0010890108533203602
0.039825063198804855
0.0015740462113171816
0.001371036167256534
0.042533330619335175
0.00026002427330240607
0.0005175273399800062
0.0208300594240427
0.0003313799970783293
0.0006924610934220254
0.001096531399525702
0.0011089154286310077
0.09831461310386658
0.011418101377785206
0.00013575551565736532
0.00030388188315555453
0.0007017710013315082
0.0002985440951306373
0.001953388098627329
0.0011904933489859104
0.0004545142001006752
0.00045620655873790383
0.0007558237412013113
0.00031497099553234875
0.025319691747426987
0.00036111840745434165
0.0006904344190843403
0.0008407194982282817
0.004423334263265133
0.009617761708796024
0.03996064141392708
0.007916328497231007
0.0005921583506278694
0.0007649114122614264
0.0020275944843888283
0.0003915290581062436
0.0007166407303884625
0.0009507844806648791
0.00029384842491708696
0.0012401696294546127
0.0005072379135526717
0.0019394150003790855
0.0005506909219548106
0.000937561271712184
0.0014236296992748976
0.023039575666189194
0.0016286032041534781
0.0003225996915716678
0.002908578608185053
0.003047873266041279
0.00020971377671230584
0.0003316020593047142
0.000538893393240869
0.00020787825633306056
0.005319137591868639
0.0014935994986444712
0.0003719654050655663
0.0001503511448390782
0.012789157219231129
0.00024423073045909405
0.00039448676398023963
0.0008342379587702453
0.0009182587964460254
0.00048755918396636844
0.0008974063093774021
0.000670712732244283
0.007353233173489571
0.029408466070890427
0.018650032579898834
0.0006474670371972024
0.01424853503704071
0.04946298524737358
0.0005446519353426993
0.10221635550260544
0.0008310808334499598
0.0009268085705116391
0.00044951727613806725
0.01881483569741249
0.002018136437982321
4.246761818649247e-05
0.0007353976252488792
0.02628403902053833
0.00127115985378623
0.00065296032698825
0.0002433701156405732
0.00084306625649333
0.0024941344745457172
0.0007027302053757012
0.00022259933757595718
0.025199366733431816
0.0005980788846500218
0.009206298738718033
0.001544911414384842
0.0015263776294887066
0.0005942859570495784
0.004204137250781059
0.013601197861135006
0.0007415579166263342
0.026248401030898094
0.0003853736270684749
0.06387101858854294
0.0009504340123385191
0.0003261676465626806
0.0002897235390264541
0.0008673669071868062
0.0004087979032192379
0.0004655240336433053
0.0003933969419449568
0.00044953046017326415
0.0031648753210902214
0.0006604280206374824
0.0003490930248517543
0.0021010322961956263
0.000568777322769165
0.0004779037262778729
0.05470003932714462
0.0002364285319345072
0.0004293647361919284
0.0002567328920122236
0.0005699995090253651
0.00018202653154730797
0.00014802557416260242
5.6828124797903e-05
0.0023001700174063444
0.00035082135582342744
0.0006908134091645479
0.0009221333893947303
0.0018260322976857424
0.00021077433484606445
0.00036913069197908044
0.0015217922627925873
0.00014190604269970208
0.0007606287254020572
0.0004839440807700157
0.0007262490689754486
0.003815515898168087
0.0006587143871001899
0.00013767556811217219
0.007635315880179405
0.001464861910790205
0.0003231503942515701
0.00011329411790939048
0.0038596538361161947
0.02467401698231697
0.0010254784720018506
0.0034164132084697485
0.0002656272263266146
0.0003059318696614355
0.003198576159775257
0.00076136807911098
0.0004429562541190535
0.0017275840509682894
0.012530420906841755
0.0004768277576658875
0.00032917127828113735
0.0009324424318037927
0.0009931876556947827
0.00046094521530903876
0.0001887222460936755
0.0006317260558716953
0.03320639580488205
0.00027746951673179865
0.0003618810442276299
0.0003829371416941285
0.0009911427041515708
0.0772828459739685
0.039659418165683746
0.0019582053646445274
0.00047429732512682676
0.0004696600663010031
0.0005296595627442002
0.00882348045706749
0.0008726666565053165
0.010316019877791405
0.0005962115828879178
0.0004074302560184151
0.0041020214557647705
0.000896650308277458
0.04739288613200188
0.0005697953747585416
0.00025097763864323497
0.000596317055169493
0.0004123891703784466
0.020456764847040176
0.0006286929710768163
0.00018528892542235553
0.0015631114365532994
0.0008265634533017874
0.00031399779254570603
0.025728218257427216
0.002936998847872019
0.0003881109005305916
0.0011089725885540247
0.00041316053830087185
0.0032045398838818073
0.0041427649557590485
0.00018602647469379008
0.12702496349811554
0.0005915162619203329
0.027226444333791733
0.083796925842762
0.0005692652193829417
0.009418136440217495
0.0017216893611475825
0.00042979189311154187
0.013343204744160175
0.0002963708247989416
0.001834052032791078
0.0004728208587039262
0.00034682214027270675
0.000739614013582468
0.005932158324867487
0.034501709043979645
0.03141512721776962
0.039839375764131546
0.0004031838907394558
0.0010234949877485633
0.0021953433752059937
0.00044437413453124464
0.0020905672572553158
0.0019295013044029474
0.02431437000632286
0.014316648244857788
0.0007206194568425417
0.000491047278046608
0.0002695084549486637
0.003295804839581251
0.0026712671387940645
0.0003282332036178559
0.0006044810870662332
0.0007084243115969002
0.00030720722861588
0.0003081350296270102
0.0006371409981511533
0.027193043380975723
0.0007860530749894679
0.01112004742026329
0.04379687458276749
0.03054644912481308
0.0003048662329092622
0.0008296750020235777
0.0005959728150628507
0.0014494056813418865
0.007799070794135332
0.0002684781502466649
0.0010638806270435452
0.0007177153020165861
0.000150921696331352
0.00796205922961235
0.0001689336495473981
0.0003527458175085485
0.0377214141190052
0.0006426320760510862
0.0005462210392579436
0.0002931671042460948
0.0009076765854842961
0.002291200216859579
0.009135279804468155
0.000731233973056078
0.016053766012191772
0.0005764824454672635
0.00037037485162727535
0.0015435981331393123
0.0005930279148742557
0.0005275108269415796
0.0006156211602501571
0.0009155545849353075
5.644655175274238e-05
0.0013837562873959541
0.0004892827128060162
0.00018833974900189787
0.00041713472455739975
0.0005690326797775924
0.00026234687538817525
0.0005754296435043216
0.03306892141699791
0.0026703565381467342
0.00030161094036884606
0.0029272683896124363
0.000805092160589993
0.015113556757569313
0.10793496668338776
0.000590554263908416
0.0009281468810513616
0.00041676731780171394
0.0003160628548357636
0.0014426903799176216
0.0011911782203242183
0.00036263393121771514
0.0004037819162476808
0.0029340474866330624
0.016473926603794098
0.004635880701243877
0.0003773995558731258
0.0016778158023953438
0.00033038982655853033
0.005564676597714424
0.049403198063373566
0.00017359558842144907
0.00019610312301665545
0.0011040190001949668
0.0011981806019321084
0.0008348205592483282
0.0035243744496256113
0.0014251776738092303
0.00041647872421890497
0.004391966387629509
0.00010686412861105055
0.0009649244602769613
0.0007090319413691759
0.00074145378312096
8.762961806496605e-05
0.0004136855714023113
0.0003743843699339777
0.0004195946385152638
0.0006063909386284649
0.0009158342145383358
0.0013243102002888918
0.0025811041705310345
0.020876646041870117
0.0437178760766983
0.00034782011061906815
0.0007503330707550049
0.0014493141788989305
0.0005451692850328982
0.0012310317251831293
0.0003117459127679467
0.00842016190290451
0.000963732076343149
0.0013738474808633327
0.00043479667510837317
0.03331621736288071
0.02410309761762619
0.00023351387062575668
0.030363326892256737
0.0006272986647672951
0.0002745711535681039
0.0005351067520678043
0.0004624940047506243
0.021779276430606842
0.00587169686332345
0.000985040096566081
0.0013873042771592736
0.0007611385663039982
0.0006004292517900467
0.000796556705608964
0.00045886257430538535
0.10100103914737701
0.0002868451992981136
0.0007450076518580317
0.00013067558757029474
0.000538758875336498
0.008882217109203339
0.023588601499795914
0.0008777038310654461
0.0004699551500380039
0.00011272820847807452
0.001870735315605998
8.743965736357495e-05
0.0009641946526244283
0.0011166714830324054
0.014110149815678596
0.0005514011136256158
0.017107535153627396
0.002077331067994237
0.0003662843373604119
0.0043952190317213535
0.0007382862968370318
0.0025625424459576607
0.0027862077113240957
0.00030671365675516427
0.000789460726082325
0.003220509272068739
0.0007818766753189266
0.0006033838726580143
0.022385068237781525
0.0041995844803750515
0.0006085257628001273
0.0013797376304864883
7.210837065940723e-05
0.0002564356254879385
0.005079259164631367
0.0030854034703224897
0.0001535424671601504
0.0013531130971387029
0.0007633243221789598
0.0008989861817099154
0.023869946599006653
0.0005007192376069725
7.757039566058666e-05
0.0012354529462754726
0.0011612034868448973
0.02877994067966938
0.0012098179431632161
0.000656033749692142
0.0016648847376927733
0.0003432372468523681
0.0006122051854617894
0.0008008266449905932
3.6279045161791146e-05
0.159148171544075
0.001566621707752347
0.00024309795117005706
0.00013815036800224334
0.000738038623239845
0.0006625278620049357
0.0005095929373055696
0.007268052082508802
0.0014202891616150737
0.0006710242596454918
0.001297410810366273
0.011637788265943527
0.0020343915093690157
0.0002693516726139933
0.0009612423018552363
0.0003225066466256976
0.0017998896073549986
0.00029419822385534644
0.00043267913861200213
0.0005881417309865355
0.0002984074526466429
0.0005346708931028843
0.0003897647839039564
0.0002996458497364074
0.002095655305311084
0.00028213567566126585
0.000962849473580718
0.001326889032498002
0.010800659656524658
0.004254618659615517
0.12892182171344757
0.00017321854829788208
0.000625589513219893
0.0005313016590662301
0.0015609546098858118
0.00035172724165022373
0.0007721920846961439
0.0006032184464856982
0.011040695011615753
0.02631431631743908
0.0004086372791789472
0.00046735219075344503
0.0006508328951895237
6.717279029544443e-05
0.001834853901527822
0.035554077476263046
0.0021487295161932707
0.009066242724657059
0.0007619523094035685
0.0034849103540182114
4.8587346100248396e-05
0.0020621155854314566
0.03671473264694214
0.0009721362730488181
0.03672124817967415
0.000394555478123948
0.0004144216363783926
0.00024241555365733802
0.0003600564377848059
0.0008971443166956306
0.00036091951187700033
0.0005075006629340351
0.0026065888814628124
0.000562226225156337
0.0008812565356492996
0.0028320106212049723
0.00011849486327264458
0.0006300402455963194
0.00036855143844150007
0.0012107002548873425
0.0008932740893214941
0.000684024766087532
0.0006660304497927427
0.0003468503709882498
0.0036415390204638243
0.0005270844558253884
0.003255241783335805
0.0002307188551640138
0.002102681901305914
0.0013968658167868853
0.0002724601945374161
0.0003083447809331119
0.0009765278082340956
0.000879353319760412
0.00017613678937777877
0.008602114394307137
0.01324945967644453
0.0006480284500867128
0.001147385686635971
0.002260169479995966
0.000926914915908128
0.00033194400020875037
0.0006948618101887405
0.00012151434930274263
0.03333054110407829
0.00043287232983857393
0.00025406485656276345
0.00022255857766140252
0.0012093664845451713
0.0009200936765410006
0.0007046626997180283
0.023853737860918045
0.0004851926350966096
0.0003044663171749562
0.00015790830366313457
0.01986263506114483
0.001133456826210022
0.0011200823355466127
0.0004858581523876637
0.00037978077307343483
0.0003833829250652343
0.02347053587436676
0.0003361738345120102
0.00246612960472703
0.0003118756285402924
0.000580133288167417
0.0003280524688307196
0.0013120525982230902
0.005519391503185034
0.0007248552865348756
0.0005193895194679499
0.0019173688488081098
0.0006441471050493419
0.0015626924578100443
0.023084474727511406
0.11703820526599884
0.00021380622638389468
0.00034648895962163806
0.0009978010784834623
0.00016087680705823004
0.0010385795030742884
0.00044162676203995943
5.299422355165007e-06
0.0012481783051043749
0.000684556900523603
0.0065818303264677525
0.0025777858681976795
0.031200099736452103
0.033078525215387344
0.00019692153728101403
0.00030361616518348455
0.00041962607065215707
0.0007570518646389246
0.0005483130225911736
0.00015035364776849747
0.003943133167922497
0.002439520787447691
0.0002798048371914774
0.00011956814705627039
0.0006465722108259797
0.0005026836297474802
0.014422019943594933
0.0010734251700341702
0.0007248058682307601
0.00021031258802395314
0.000803364091552794
7.096554327290505e-05
0.03183950111269951
0.0027025509625673294
0.013949588872492313
0.0003665752592496574
0.00012199565389892086
0.00027206228696741164
0.0019132839515805244
0.008341652341187
0.003212978132069111
0.00026725331554189324
0.021735653281211853
0.00013079331256449223
0.00025443857884965837
0.0005114621599204838
0.00039356769411824644
0.00019904482178390026
7.571849710075185e-05
0.0008392157033085823
0.0003445706970524043
0.0011514731450006366
0.022752640768885612
0.0006331309559755027
0.0077475025318562984
0.00021801529510412365
0.0003054225817322731
0.016227087005972862
0.00029262941097840667
9.859606507234275e-05
0.001789808738976717
0.0013003938365727663
0.0005710110417567194
0.0019813866820186377
0.00041923378012143075
0.0020178186241537333
0.0003391143400222063
0.014376437291502953
0.018712684512138367
0.1394576132297516
0.0008289197576232255
0.00041890109423547983
0.0009789976757019758
0.001222910126671195
0.0005673457635566592
0.00046267182915471494
0.002602572785690427
0.00021062638552393764
0.01918136328458786
0.00016434903955087066
0.002580872504040599
4.301952867535874e-05
0.00017584113811608404
0.0001744363398756832
0.0006896613049320877
0.0012743868865072727
0.0009434937383048236
0.001281351549550891
0.0014930996112525463
0.0011179542634636164
0.002053271746262908
0.0004272382939234376
0.014930358156561852
0.023695960640907288
0.002224961295723915
0.00024722242960706353
0.0015191949205473065
0.00045937634422443807
0.0012031178921461105
0.02315252460539341
0.0006168780964799225
0.00040072057163342834
0.026862218976020813
0.0011191575322300196
0.00046802472206763923
0.00028921564808115363
0.0008835919434204698
0.0008914527716115117
0.001908895093947649
0.0003183094086125493
0.0007439218461513519
0.000396358547732234
0.0010411085095256567
0.032503437250852585
0.018656659871339798
0.0007549337460659444
0.0002502858405932784
0.0019549087155610323
0.0010262735886499286
0.024775579571723938
0.00027109921211376786
0.0015917385462671518
0.0017743285279721022
0.034677453339099884
0.0005570197245106101
0.00021490216022357345
0.0001539998484076932
0.0027004117146134377
0.0007604022976011038
0.0019668429158627987
0.017290493473410606
0.002017851220443845
0.0022648910526186228
0.0008126214379444718
0.0006783267017453909
0.0004778843140229583
0.00347063853405416
0.0007564062252640724
0.0008077153470367193
0.0003398272965569049
0.000613678595982492
0.0014301445335149765
0.0003897997667081654
0.03265992924571037
0.00040654506301507354
0.00047209192416630685
0.07480522990226746
0.0005550480564124882
0.0004208907193969935
0.0002491671475581825
0.00026361190248280764
0.017559383064508438
0.0006260228692553937
0.00012731175229419023
0.0031895015854388475
0.003081030212342739
0.00042269876576028764
0.16787782311439514
0.00025875706342048943
0.024342717602849007
0.0004549877776298672
0.004195377230644226
0.00045522936852648854
0.0033274812158197165
0.00023546838201582432
0.00017975001537706703
0.0003918907605111599
0.017113715410232544
0.011183422058820724
0.002150909509509802
0.15839232504367828
0.001318676513619721
0.029192768037319183
8.012810576474294e-05
0.001660855021327734
0.00034667691215872765
0.007455046288669109
0.003653143532574177
0.0007088092970661819
0.0005808081477880478
0.00035138000384904444
0.36145830154418945
0.0029878104105591774
0.011831596493721008
0.0014403369277715683
0.0004999570082873106
0.00023859943030402064
0.0007576928474009037
0.21303389966487885
0.0005585172912105918
0.003471200820058584
7.08887746441178e-05
0.0005398309440352023
0.027367305010557175
0.00033108724164776504
0.025054853409528732
0.0005597480922006071
0.0006110273534432054
0.0008322003995999694
0.006743830628693104
0.0009014324750751257
0.0004316685372032225
0.0008645636262372136
5.603771569440141e-05
0.0037437581922858953
0.000458425231045112
0.0002635885030031204
0.00024592404952272773
0.002245651325210929
0.0013283134903758764
0.0026105442084372044
0.00032566991285420954
0.0018396228551864624
0.014455901458859444
0.003649102058261633
0.01531191822141409
0.0002060257102129981
0.0006612783763557673
0.0019308431074023247
0.0007133964099921286
0.0010988509748131037
0.0005118194385431707
3.595897214836441e-05
0.0002139199204975739
0.001678104279562831
0.0004044274683110416
0.0013365771155804396
0.0007422958151437342
0.0004739784635603428
0.04356079548597336
0.00041280948789790273
0.001927336910739541
0.00043924557394348085
0.0032887570559978485
0.00020312381093390286
0.0017299923347309232
0.000661125814076513
0.0003005421895068139
0.0018465283792465925
0.0005483200075104833
0.0030318130739033222
0.0001938147033797577
0.030803168192505836
0.019937854260206223
0.0010981749510392547
0.002029700670391321
0.00039674664731137455
0.00018784511485137045
0.00046166381798684597
0.0011066714068874717
0.0014018180081620812
0.000458445429103449
0.007990914396941662
0.03250517696142197
0.0021647647954523563
0.0018939657602459192
0.0011260048486292362
0.0013554568868130445
0.00012916838750243187
0.0009245470282621682
0.0006388732581399381
0.00018678506603464484
0.003617954906076193
0.0021488871425390244
0.0005852212198078632
0.08522313833236694
0.0001422169298166409
0.00033726461697369814
0.001092319143936038
0.003006869228556752
0.00020116334781050682
0.0012649869313463569
0.0011366241378709674
0.0015653278678655624
0.001163636101409793
0.00010045104136224836
0.0003461836604401469
0.07208538055419922
0.0031960883643478155
0.00023056770442053676
0.0017274616984650493
0.015406625345349312
0.0012489897198975086
0.0005398297216743231
0.0016686527524143457
0.020971518009901047
0.001250679837539792
0.038649965077638626
0.0028524582739919424
0.0018824976868927479
0.0004228937323205173
0.00037346273893490434
0.0007702913717366755
0.001188713707961142
0.0025154026225209236
0.0006295404164120555
0.0008835445623844862
0.00042040724656544626
0.00036787890712730587
0.0001968603755813092
0.0008218103321269155
0.0006078038713894784
0.0004897798062302172
0.0006699027726426721
0.0013485155068337917
0.0005180630250833929
0.0023919350933283567
0.00010173450573347509
0.0008537364192306995
0.0002548673073761165
0.00036113994428887963
0.001065600197762251
5.54166836082004e-05
7.567032298538834e-05
0.01945345662534237
0.0035529250744730234
0.0006003826856613159
0.0016012323321774602
0.0014694009441882372
0.00036836107028648257
0.05701298639178276
0.0005930671468377113
0.009692816995084286
0.03254229575395584
0.0004204007564112544
0.00020408924319781363
0.0018858069088310003
0.0016095759347081184
0.027471374720335007
0.00016084927483461797
0.0006122455233708024
0.0005402712849900126
0.0010536554036661983
0.00023863046953920275
0.0006356005324050784
0.0012391682248562574
0.0006135237636044621
0.00033477265969850123
0.001976439729332924
0.0007482312503270805
0.020842203870415688
0.0010660813422873616
0.0017568450421094894
0.0007398223970085382
0.0002605724730528891
0.02510506473481655
0.04160051792860031
0.0013097869232296944
0.0007911914144642651
0.0022651096805930138
0.0010046225506812334
0.0006550881080329418
0.0009307187865488231
0.1671643853187561
0.0009064209298230708
0.00168715906329453
0.00016821955796331167
0.005319715011864901
0.0004964421968907118
0.00038573238998651505
0.0004335345875006169
0.002843850990757346
0.0035453299060463905
0.020807044580578804
0.006756453774869442
0.06560765951871872
0.0006110900430940092
0.0014841328375041485
0.0015714681940153241
0.0004369766975287348
0.00038984467391856015
0.03638935461640358
0.014137393794953823
0.0004469836421776563
0.10545440018177032
0.0018794559873640537
0.0017705450300127268
0.035797279328107834
6.223238597158343e-05
0.0007245000451803207
0.0005193975521251559
0.0020230021327733994
6.558412133017555e-05
0.00034798186970874667
0.00024269637651741505
0.0004185140714980662
0.06334301829338074
0.012333311140537262
0.0001483001105953008
0.02967452071607113
0.013845672830939293
0.0007225005538202822
0.00033050577621906996
0.00040729076135903597
0.0017775445012375712
0.0006609272677451372
0.0012334911152720451
0.0005998617270961404
0.00019367549975868315
2.0762392523465678e-05
0.002178356284275651
0.002165535232052207
0.0013952237786725163
0.0003776760713662952
0.0008806256810203195
0.0005103028379380703
0.0006415211828425527
0.00036477920366451144
0.0012916869018226862
0.0007272422662936151
0.000953825016040355
0.02167956344783306
0.0005933784414082766
0.03427337855100632
0.0006351537303999066
0.0004785081255249679
0.0005708352546207607
0.0009141064947471023
0.0007079113274812698
0.0034994394518435
0.000639148463960737
0.00045221848995424807
0.0011149481870234013
0.0012398589169606566
0.0029797430615872145
0.0005292489659041166
0.00042661550105549395
0.00035583836142905056
0.0005982427392154932
0.00035846082028001547
0.0007647436577826738
0.0013923755614086986
0.002790967235341668
0.00023985764710232615
0.000354775576852262
0.0009031640365719795
0.010606798343360424
0.003972300328314304
0.00022062753851059824
0.00019255097140558064
0.0006099145393818617
0.0006766191218048334
0.0007060994976200163
0.0007702292641624808
0.0005860786186531186
0.01188020408153534
0.049118638038635254
0.002678902819752693
0.001052255043759942
0.0004972739261575043
0.00015898804122116417
0.02667628414928913
9.211916767526418e-05
0.0006898587453179061
0.0008898602100089192
0.004148571752011776
0.0008815863402560353
0.0005796530749648809
0.007680839858949184
0.0007537141791544855
0.07605937123298645
0.00027157101430930197
0.0006097958539612591
0.0009373128414154053
0.034668900072574615
0.0003710137971211225
0.03156685084104538
0.0011218342697247863
0.0004303526657167822
0.0010009759571403265
0.0012584853684529662
0.01997303031384945
0.0008853510953485966
0.0012427265755832195
0.0003937547735404223
6.424380262615159e-05
0.0009065805934369564
0.0003513981937430799
0.00036184745840728283
0.00047183522838167846
0.021913278847932816
0.0015415885718539357
0.00055173528380692
0.002420177450403571
7.604435086250305e-05
0.0012997508747503161
0.0006175538874231279
0.0019121411023661494
0.0007103257230482996
0.03535158559679985
0.00015725480625405908
0.007118501700460911
0.028375323861837387
0.0004990790621377528
0.00171333784237504
0.0353584922850132
0.0014548074686899781
0.00416528107598424
0.0002781390503514558
0.07732471078634262
0.0003264388651587069
0.00034347522887401283
0.001861315919086337
0.0022012542467564344
0.00041544061969034374
0.0006056470447219908
0.0015784928109496832
0.001337923458777368
0.00042430346366018057
0.000289089628495276
0.002618048107251525
0.00742413941770792
0.0006980634061619639
0.0002762715157587081
0.001284332713112235
0.040857959538698196
0.0008887597359716892
0.0004863278300035745
0.0008150945068337023
0.02815980091691017
0.00023103048442862928
0.0008220656309276819
0.0005467231967486441
0.0026880495715886354
0.00043458084110170603
0.003773900680243969
0.001188158057630062
0.0004853667051065713
0.026117252185940742
0.08124099671840668
0.0005676192813552916
0.026442820206284523
0.0009365779696963727
0.0010102934902533889
0.0007815918070264161
0.0030076424591243267
0.005230616312474012
0.0003552745620254427
0.000521601177752018
0.036474816501140594
0.0007047367980703712
0.0017097191885113716
0.0005707250675186515
0.01140082161873579
0.03082728013396263
0.0011432389728724957
0.00037426225026138127
0.000710494932718575
0.0007274558302015066
0.0004031823482364416
0.009534547105431557
0.007242022547870874
2.528732511564158e-05
0.12149856239557266
0.4159036874771118
0.0010302216978743672
0.0006354231736622751
0.02575455605983734
0.002731642220169306
0.0006757937953807414
0.00397871108725667
3.9936017856234685e-05
0.004195504821836948
0.0004542406531982124
0.0018669808050617576
0.0128207728266716
0.0011071603512391448
0.0006281833630055189
0.00464385561645031
0.0006361961713992059
0.019569536671042442
0.0005957144312560558
0.033434852957725525
0.000335989345330745
0.004087120294570923
0.0013737162807956338
0.009599157609045506
0.000800752779468894
0.0012835126835852861
0.0009226377005688846
0.0002739036863204092
0.000722274708095938
0.00043054737034253776
0.000164727185619995
0.0005506004090420902
0.0008755591697990894
0.0006970922113396227
0.011945739388465881
0.00023793183208908886
0.01836482249200344
0.013324994593858719
0.00038723016041330993
0.0002461104013491422
0.0002572670637164265
0.0005909347673878074
0.12050159275531769
0.0014178825076669455
0.0009176490129902959
0.0023695321287959814
0.0001499142817920074
0.0002947825123555958
4.0186849219026044e-05
9.720960224512964e-05
0.0003542563645169139
0.00010926749382633716
0.0002635708951856941
0.003198228543624282
0.0015842885477468371
0.0002216431894339621
0.00031080326880328357
0.0006027352064847946
0.00017298995226155967
0.00025452469708397985
0.0016347331693395972
0.00032810820266604424
0.0002686549269128591
0.0009936932474374771
0.0016908287070691586
0.004048061557114124
0.00023554393555969
0.000774448155425489
0.03316659852862358
0.0007485373062081635
0.001168017741292715
0.0044431728310883045
0.0002562131267040968
0.0032029622234404087
0.0006681893719360232
0.0010177241638302803
0.0002103097940562293
0.013441048562526703
0.0003366395249031484
0.006227421574294567
0.025145845487713814
0.00026070597232319415
0.003128482960164547
0.0003311410255264491
0.001075354521162808
0.0007463069050572813
0.004394726827740669
0.004509515594691038
0.0015355773502960801
0.0004281231958884746
0.0004912323784083128
8.829241414787248e-05
0.0010564307449385524
0.0005940421251580119
0.0006912864628247917
0.00032837639446370304
0.00024490582291036844
0.0011395295150578022
0.0010978865902870893
0.000164574827067554
0.023759495466947556
0.006403847597539425
0.019825804978609085
7.772493700031191e-05
0.00362220942042768
0.0002071316121146083
0.005421871319413185
0.021467138081789017
0.0006203766097314656
0.00020986408344469965
0.0008491562330164015
0.07174840569496155
0.0034560086205601692
0.0006091324030421674
0.06317653506994247
0.00010462143109180033
0.00612801406532526
0.000216492815525271
0.01504700817167759
0.00022253984934650362
0.0017141292337328196
0.0009819493861868978
0.00047072835150174797
0.009237234480679035
0.003643933217972517
0.0005017168587073684
0.002783580217510462
0.020820416510105133
0.000917647557798773
0.000591745600104332
0.00023069542658049613
0.0001288534258492291
0.0008639864972792566
0.00030537720886059105
0.0026146220043301582
0.00043873966205865145
0.00014002305397298187
0.00011415727203711867
0.00025787632330320776
6.511789979413152e-05
0.0004921137588098645
0.0023191526997834444
0.00019807052740361542
3.082987677771598e-05
0.00421161437407136
0.009745805524289608
0.02901296131312847
0.001370950136333704
0.00044333309051580727
0.0009426834876649082
0.0009739248780533671
0.005301638040691614
0.0008185757324099541
0.0001049374186550267
0.0008500758558511734
0.02498232200741768
0.0012285478878766298
0.0002499316178727895
0.0006693699397146702
0.0010432428680360317
0.005338655784726143
0.0005488999304361641
0.000376220908947289
0.002752418862655759
0.0009113062405958772
0.04644988477230072
0.00011895532952621579
0.015356384217739105
0.000377977907191962
0.0006333221681416035
0.0005757666076533496
0.0004986769054085016
0.021243147552013397
0.02556811086833477
0.00034171808511018753
0.0013986953999847174
0.0007044551894068718
0.00038234435487538576
0.0003806300228461623
0.0001194987416965887
0.004264703951776028
0.04882274195551872
0.0003332482010591775
0.00038694325485266745
0.014794082380831242
0.0002890752803068608
0.16409799456596375
0.015091410838067532
0.0029667476192116737
0.003558156546205282
0.00037927215453237295
0.00014526657469104975
0.0002762666845228523
0.0014832785818725824
0.00023879513901192695
0.00041290372610092163
0.021714799106121063
0.012728908099234104
0.0014645097544416785
0.001088262302801013
0.03367675468325615
0.02241550385951996
8.038188389036804e-05
0.0028184414841234684
0.00016146291454788297
0.0020858743228018284
0.02197849750518799
0.00021420147095341235
0.00135777797549963
0.0004093014867976308
0.0016013140557333827
0.00032815468148328364
0.0183080043643713
0.0012862379662692547
0.0008665229543112218
0.00132415269035846
0.0004171786131337285
0.0056067476980388165
0.0001980472297873348
0.0006636761245317757
0.000545439135748893
0.0004648028698284179
0.0003784226137213409
0.000481100199976936
0.0004769826482515782
0.013154000043869019
0.001029288861900568
0.09938492625951767
0.00012739562953356653
0.16023382544517517
0.015215677209198475
0.012060216628015041
0.0011578595731407404
0.0005277339369058609
0.0007912875153124332
0.001586497062817216
0.00024017106625251472
0.00015570870891679078
0.002175205387175083
0.004759153351187706
0.0004474800080060959
0.0007618338568136096
0.0017001812811940908
0.025963107123970985
0.0005491300253197551
0.0003257004136685282
0.02267506532371044
0.0001545711129438132
0.0005323549266904593
0.0009598939213901758
0.0007030460401438177
0.04979030042886734
0.0001411694975104183
0.0002516382373869419
0.0005813098978251219
0.0001662711874814704
0.0035970639437437057
0.001409869291819632
0.05591588467359543
0.001865035854279995
0.004259093664586544
0.0019745691679418087
0.0005055840592831373
0.0011356757022440434
0.000603702268563211
0.0018204108346253633
0.0005064642173238099
0.10543443262577057
0.00955711305141449
0.00034091173438355327
0.0003022439777851105
0.0004378358426038176
0.020035669207572937
0.0007076366455294192
0.00028605706756934524
0.0003778862883336842
0.007835348136723042
0.0014068197924643755
0.0001021579300868325
0.003165125148370862
0.0002883498964365572
0.0010169955203309655
8.293129940284416e-05
0.0011006499407812953
0.0007862283964641392
6.406204192899168e-05
0.0003588939143810421
0.0006621191278100014
2.8394169930834323e-05
0.0028381175361573696
0.10124193131923676
0.0020483785774558783
0.00013374397531151772
0.006027380470186472
0.0007234856020659208
0.00013283704174682498
0.0007121020462363958
0.0012820085976272821
0.0017074428033083677
0.00019124019308947027
0.001987215131521225
0.0023798022884875536
0.0002450054744258523
0.00037260641693137586
0.040930479764938354
0.00035436329199001193
0.00025972159346565604
0.001296643982641399
0.0014254802372306585
0.0014612540835514665
0.001334579661488533
0.0007560846861451864
0.0007993862964212894
0.0007385965436697006
0.0003288004081696272
0.00020689268421847373
0.0011507064336910844
0.00046119128819555044
0.00031590566504746675
0.00034072744892910123
0.001467821653932333
0.0034014221746474504
0.0018599845934659243
0.000759716029278934
0.0001608787279110402
0.001192539930343628
0.0010078736813738942
0.10382038354873657
0.0014072615886107087
0.008547879755496979
0.0004092925228178501
0.0009086280479095876
0.004002014175057411
0.0006879378343001008
0.0001913842570502311
0.0005636134301312268
0.0330783911049366
0.0011078898096457124
0.0020030445884913206
0.0003935989807359874
0.0009066557977348566
0.002147020073607564
0.0003972151898778975
0.0002213557017967105
0.0004239634145051241
0.0010480808559805155
0.0011029106099158525
0.004011055920273066
0.017530672252178192
0.001747270580381155
0.000841583707369864
0.0020665775518864393
0.00243246927857399
0.0007206986774690449
0.0007984972908161581
0.0008787069236859679
0.00027985015185549855
0.0005266752559691668
0.00360321206972003
0.00907018594443798
0.0002431469183648005
0.00012381671695038676
0.0004908794071525335
0.001995565602555871
7.598715455969796e-05
0.00015756499487906694
0.00041209306800737977
0.00032255545374937356
0.014275905676186085
0.0008093745564110577
0.0001472952717449516
7.285338506335393e-05
0.004668701905757189
0.0005211295792832971
0.00029060838278383017
0.0006832263898104429
0.00043865758925676346
0.00040084036299958825
0.00015467245248146355
0.003130565397441387
0.0004927769768983126
0.0003338136593811214
0.0006514801643788815
0.000520468398462981
0.0003958356101065874
0.02873026765882969
0.000600999454036355
0.004445419646799564
0.003859949763864279
0.0007471880526281893
0.0004110017907805741
0.0006172304856590927
0.0008933464996516705
0.00015774284838698804
0.0002369765134062618
0.001613483065739274
0.0015098120784386992
0.00037339841946959496
0.017947733402252197
0.00040544476360082626
0.0034412217792123556
0.04314633458852768
0.002159412717446685
0.0009565862128511071
0.0010004873620346189
0.001298493123613298
0.0007632051128894091
0.0006665264372713864
0.000819362816400826
0.0021658677142113447
0.00025372448726557195
0.000517078791745007
0.000721843505743891
0.005000723525881767
0.001978982239961624
0.0007688933983445168
0.00043999258195981383
0.0014916197396814823
0.0005283278878778219
0.00013224426947999746
0.0010318594286218286
0.0005297243478707969
0.0010419738246127963
0.013114278204739094
0.00034228924778290093
0.061246104538440704
0.016467684879899025
0.0017088268650695682
0.01743435673415661
0.0009522770997136831
0.0004302659071981907
0.01603594422340393
0.0004406095249578357
0.00023322731431107968
0.0003055284614674747
0.0008382874075323343
0.07549534738063812
0.0008174350368790329
0.0012145563960075378
0.00040326346061192453
0.0005351814907044172
0.0012556735891848803
0.0004927003756165504
0.0015720401424914598
0.00037469249218702316
0.0010845363140106201
0.02774130553007126
0.03426123410463333
0.00025675533106550574
0.0006207342376001179
0.0008811625884845853
0.10846778750419617
0.17632682621479034
0.022827349603176117
0.0020719433669000864
0.0007917519542388618
0.0003838347038254142
0.0006392396753653884
0.0007050886633805931
0.0007043419172987342
0.0010470442939549685
0.00032102965633384883
7.627872400917113e-05
0.04234043508768082
0.004249569959938526
0.0006794178043492138
0.0005514026852324605
0.0007430647383444011
0.00046922621550038457
0.0006448608473874629
0.0010506178950890899
4.963546234648675e-05
0.0018890617648139596
0.0032838317565619946
0.0007337180431932211
0.0002960677375085652
0.004466402810066938
0.003308227751404047
0.0006272431928664446
0.0013331990921869874
0.0014702794142067432
0.09002917259931564
0.00031924303038977087
0.0018273042514920235
0.00027265746030025184
0.0011804531095549464
0.0013185329735279083
0.0010970288421958685
0.0007204196881502867
6.478049181168899e-05
0.017765536904335022
0.009806915186345577
0.0004989798180758953
0.0411369726061821
0.10310031473636627
0.0031606971751898527
0.0007274173549376428
0.007937652058899403
0.000763310759793967
9.474057151237503e-05
5.55175356566906e-05
0.0017705890350043774
0.00031164713436737657
0.014481520280241966
0.0005484174471348524
0.0013429827522486448
0.0017473548650741577
0.0003932634135708213
0.0012833572691306472
0.0008063262794166803
0.0009081393945962191
0.0012755920179188251
0.009581921622157097
0.001092863967642188
0.00309232366271317
0.003246109699830413
0.0010162177495658398
0.001616726629436016
0.0002923730935435742
0.02657371014356613
0.0017294815042987466
0.02683759294450283
0.022093389183282852
0.021358555182814598
0.0006000486318953335
0.02449917048215866
0.0012233089655637741
0.0008787968545220792
0.0015619259793311357
0.00210442952811718
0.1461920291185379
0.0002862475230358541
0.00010002586350310594
0.0077473316341638565
0.0007143005495890975
0.0002834251499734819
0.0005761150387115777
0.0001899479830171913
0.0007790869567543268
0.0004885028465650976
0.019831985235214233
0.0005371228908188641
0.08736880123615265
0.0009839412523433566
0.00033281391370110214
0.0013818375300616026
0.001004319521598518
0.005304394755512476
0.001082983915694058
0.0005383193492889404
7.841065962566063e-05
0.0011563125299289823
0.001138229388743639
0.0009721000678837299
0.0008245828212238848
0.00039230193942785263
0.0004518735804595053
0.0005964696756564081
0.0028609989676624537
0.0016835334245115519
0.00044439357588998973
0.002601273823529482
0.006375838071107864
0.0016216287622228265
0.0005892490735277534
0.03145282715559006
0.003898388473317027
0.0005111562786623836
0.02029264345765114
0.001471128547564149
0.012503166683018208
0.0017328219255432487
0.002662342507392168
0.00026370372506789863
0.0005447572330012918
0.00033122513559646904
0.0005830786540172994
0.00036361944512464106
0.0013587841531261802
0.0002180709852837026
0.00045029493048787117
0.002067368011921644
0.0009623271180316806
0.0019364861072972417
0.020786255598068237
0.0007020378252491355
0.002252080012112856
0.0015034788521006703
0.001390871126204729
0.0006461275625042617
0.0008809904102236032
0.00032925745472311974
0.0008776731556281447
0.0005307510145939887
0.0026395630557090044
0.0007451995043084025
9.898925782181323e-05
0.03758833929896355
0.002688152715563774
0.014042279683053493
0.0004119010118301958
0.0007543631945736706
0.0005676106084138155
0.0002849023148883134
0.003707350231707096
0.0012732065515592694
0.0023206807672977448
0.0036077334079891443
0.001401307643391192
0.0023283660411834717
0.0001801449543563649
0.02470831200480461
0.0004413476854097098
0.002969554392620921
0.0009310771711170673
0.001978905638679862
0.11590442806482315
0.022045301273465157
0.018263522535562515
0.14951938390731812
0.00016114561003632843
0.0006190489511936903
0.00029481257661245763
0.0005582332378253341
0.001202931860461831
0.0024031316861510277
0.004177555907517672
0.002806670032441616
0.00018278195057064295
0.0010115359909832478
0.0011184486793354154
0.0012029735371470451
0.0076052346266806126
0.0008384641259908676
0.000183320720680058
0.00022216513752937317
0.002583489753305912
0.001630850019864738
0.0010332795791327953
0.003067092038691044
6.669479625998065e-05
4.7095021727727726e-05
0.0014128751354292035
0.00015774952771607786
0.0037626612465828657
0.0010047308169305325
0.0005798611091449857
0.019607221707701683
0.00048109536874108016
0.014498271048069
0.0008855917840264738
0.0010243825381621718
0.0005942513234913349
0.0005252429400570691
0.02752654068171978
0.004531461745500565
0.0050500137731432915
8.84597102412954e-05
0.001281458418816328
0.00035792734706774354
0.00035842889337800443
0.00016260758275166154
0.0008309906115755439
0.00039763248059898615
0.015027865767478943
0.002352916169911623
0.0004661284328904003
0.0005261252517811954
0.003422733396291733
0.000554799975361675
0.00014855329936835915
0.0008359787170775235
0.00030219979817047715
0.025847988203167915
0.0003330351028125733
0.0006253474857658148
0.0005205137422308326
0.03930317610502243
0.0016349396901205182
0.0017597879050299525
0.001017014728859067
0.0007359727751463652
0.0007301049772650003
0.000645505147986114
0.0012087837094441056
0.00032130195177160203
0.00030628341482952237
0.0007388946251012385
0.0011420422233641148
0.0001991567696677521
0.024078937247395515
8.893434278434142e-05
0.0001502540981164202
0.00046954117715358734
0.0004268186748959124
0.00047589722089469433
0.0017571097705513239
0.0003722311230376363
0.0004893186851404607
0.039013758301734924
0.00050884741358459
0.0004712072550319135
7.96881940914318e-05
0.0009079950395971537
7.267345063155517e-05
0.0010238620452582836
0.00018921772425528616
0.0004839201574213803
0.00013925701205153018
0.002334016375243664
0.00016368969227187335
0.004881589207798243
0.0013101391959935427
0.00035681226290762424
0.0006411658832803369
0.008186439983546734
0.0010196458315476775
0.09715587645769119
0.0014505652943626046
0.00031825952464714646
0.0011847176356241107
0.0005703487549908459
0.019613653421401978
0.0004639521357603371
8.672721742186695e-05
0.00019862779299728572
0.1437966227531433
0.0007226137677207589
0.0010220397962257266
0.0010892573045566678
0.07326824218034744
0.00044129230082035065
0.03327251225709915
0.0008040820248425007
0.000558663799893111
0.0004334311524871737
0.0003502822364680469
0.0017970449989661574
0.003976904787123203
0.0008864346891641617
0.0003613521403167397
7.104614633135498e-05
0.00029958688537590206
0.00010576033673714846
0.0017978858668357134
0.001048903213813901
