0.0012089051306247711
0.007356445305049419
0.012776210904121399
0.0008410505251958966
0.0008366884430870414
0.0009497164865024388
0.01662254147231579
0.0005039559910073876
0.0011922140838578343
0.0005185450427234173
0.0005559580749832094
0.000555876293219626
0.003354989690706134
0.0003410270728636533
0.019975900650024414
0.0010423347121104598
0.006237034685909748
0.017182277515530586
0.006420442368835211
0.00048805586993694305
0.0003012195520568639
0.013988204300403595
0.0004354904522188008
0.0014216065173968673
0.013227235525846481
0.0005864521372132003
0.016169670969247818
0.014471841976046562
0.0006860747234895825
0.005469095427542925
0.04135207459330559
0.0010455661686137319
0.026366176083683968
0.01960461586713791
0.0011963123688474298
0.002590711461380124
0.0011849264847114682
0.0027120010927319527
0.02114606462419033
0.026312703266739845
0.00012852523650508374
0.023148268461227417
0.025510381907224655
0.0003100234316661954
0.022920876741409302
0.007317294366657734
0.00034958054311573505
0.01348145678639412
0.00023656424309592694
0.00785907730460167
0.01392858475446701
0.010395476594567299
0.0005363747477531433
7.968498539412394e-05
0.0006475620903074741
0.0011816511396318674
0.002206959296017885
0.0002788103010971099
0.00029123242711648345
0.0004320898442529142
0.00027757056523114443
0.016273675486445427
0.0003045603516511619
0.0005664424388669431
0.036102116107940674
0.00024428407778032124
0.024808133020997047
0.0003752445336431265
0.0006206592079252005
0.012830288149416447
0.01296909898519516
0.0005415105842985213
0.0004546169948298484
0.027883380651474
0.004676557146012783
0.019997309893369675
0.013795345090329647
0.001009826548397541
0.0016573937609791756
0.030019933357834816
0.0005042721168138087
0.0009163707727566361
0.0005944686708971858
0.011053144000470638
0.001587048638612032
0.017033535987138748
0.0018974363338202238
0.0009651022264733911
0.015005042776465416
0.000936505850404501
0.010477203875780106
0.000645048392470926
0.0018094413680955768
0.005175192840397358
0.009207934141159058
0.0006217481568455696
0.0013457965105772018
0.007406625896692276
0.03921690210700035
0.006796427071094513
0.0005057218950241804
0.001028702361509204
0.0008094035438261926
0.0028738388791680336
0.0010312979575246572
0.00043813284719362855
0.018001383170485497
0.0177749190479517
0.014941148459911346
0.014204614795744419
0.022340646013617516
0.014618595130741596
0.0012585087679326534
0.0010117716155946255
0.0004692079091910273
0.00013106586993671954
0.0007686096942052245
0.01174134947359562
0.009002984501421452
0.014962153509259224
0.086143359541893
0.0009304697159677744
0.00017458375077694654
0.020448727533221245
0.001555419759824872
0.0029583710711449385
0.01760600320994854
0.019112732261419296
0.021311191841959953
0.0011627103667706251
0.000250426382990554
0.00041106395656242967
0.013330780901014805
0.022832363843917847
0.02036501094698906
0.0004192368360236287
0.01358624454587698
0.000112734196591191
0.018671192228794098
0.00044723509927280247
0.011229150928556919
0.011764492839574814
0.001033359905704856
0.006565204355865717
0.03646062687039375
0.0014031914761289954
0.0003611673309933394
0.0013152711326256394
0.0003568815009202808
0.024145495146512985
0.02211702987551689
0.00020854405011050403
0.010017525404691696
0.014269338920712471
0.0012067174538969994
0.011563067324459553
0.030911937355995178
0.007125595584511757
0.01405375823378563
0.0015427020844072104
0.0008283625356853008
0.0006089513772167265
0.00031310837948694825
0.013151081278920174
0.010773524641990662
0.03509962558746338
0.0005414491752162576
0.006138846278190613
0.00023786089150235057
0.0005357039626687765
0.0004818614979740232
0.00031024013878777623
0.007074923254549503
0.0010257968679070473
0.017794381827116013
0.0006575830630026758
0.011035874485969543
0.022548817098140717
0.013461681082844734
0.000976654700934887
0.0008893200429156423
0.012485659681260586
0.015653841197490692
0.011940031312406063
0.0004901986103504896
0.020477943122386932
0.019144626334309578
0.0016733050579205155
0.0009134039282798767
0.01080634817481041
0.021437715739011765
0.057897403836250305
0.0005152167286723852
0.0010122992098331451
0.0012428489280864596
0.0005077061941847205
0.026128308847546577
0.0013151790481060743
0.008519859053194523
0.0013251970522105694
0.0002602658933028579
0.009391804225742817
0.00705313216894865
0.001616206020116806
0.0012638198677450418
0.011309562250971794
0.0008952408097684383
0.016254020854830742
0.00436366954818368
0.01623312197625637
0.0004935209290124476
0.014803426340222359
0.00020552669593598694
0.0008974155643954873
0.007110311184078455
0.005960003938525915
0.000610527815297246
0.00017308321548625827
0.036709610372781754
0.0007635511574335396
0.010521572083234787
0.02147315815091133
0.00031893712002784014
0.001730388030409813
0.002692809095606208
0.0001868316176114604
0.025813184678554535
0.00833309069275856
0.0004367023066151887
0.0011298737954348326
0.005308810621500015
0.0013686780584976077
0.0002632221148815006
0.002873921999707818
0.00028445664793252945
0.0029551193583756685
0.011151261627674103
0.016527455300092697
0.013617878779768944
0.020924527198076248
0.005767688155174255
0.00030992040410637856
0.01680820994079113
0.02568819560110569
0.001417307066731155
0.00026193977100774646
0.0002194649277953431
0.008623658679425716
0.0003228282439522445
0.0008782009826973081
0.0005415239138528705
0.011865636333823204
0.02943497523665428
0.0009592355345375836
0.03389981761574745
0.00845908373594284
0.017622563987970352
0.0004727955092675984
0.02171017974615097
0.00021090437076054513
0.019029680639505386
0.0009321759571321309
0.018393978476524353
0.00020457683422137052
0.011074051260948181
0.0004151551693212241
0.00036403865669853985
0.0003346442827023566
0.018892088904976845
0.02818405255675316
0.00033331551821902394
0.00031118036713451147
0.00043158710468560457
0.0005741383647546172
0.00045703796786256135
0.027080895379185677
0.007876560091972351
0.0010926423128694296
0.0016426634974777699
0.01338542066514492
0.026873629540205002
0.001104668015614152
0.00883173942565918
0.024749862030148506
0.019211357459425926
0.012877650558948517
0.017499810084700584
0.0007409261306747794
0.0006977668963372707
0.01737869158387184
0.0006734220660291612
0.024836940690875053
0.0005942045245319605
0.026642389595508575
0.006753751542419195
0.002733994508162141
0.005602303892374039
0.019622810184955597
0.0005661127506755292
0.00028389538056217134
0.0002447243605274707
0.010727331042289734
0.008669366128742695
0.00031675875652581453
0.01606883481144905
0.02873126044869423
0.002083600265905261
0.005564544349908829
0.03857865929603577
0.0012107078218832612
0.009777078405022621
0.004278706852346659
0.0001663613657001406
0.007444325834512711
0.0007586427964270115
0.003404501359909773
0.02215232141315937
0.0004318220599088818
0.00039924198063090444
0.02049444615840912
0.02877221070230007
0.0009016168187372386
0.009653535671532154
0.0019263166468590498
0.0031519602052867413
0.0008574730018153787
0.0005044949939474463
0.00012803199933841825
0.021624252200126648
0.000138474817504175
0.010852194391191006
0.00044632647768594325
0.0006171196000650525
0.00032475136686116457
0.0006502563483081758
0.0007739378488622606
0.021405614912509918
0.0070341723039746284
0.00043949304381385446
0.0003633054147940129
0.00039527041371911764
0.015504165552556515
0.0009607074316591024
0.009043414145708084
0.00013609504094347358
0.020474132150411606
0.015621951781213284
0.0015485665062442422
0.02573704905807972
0.0032546939328312874
0.003004468744620681
0.0012265713885426521
0.015394207090139389
0.0007628448074683547
0.0027695586904883385
0.01811142824590206
0.01262865960597992
0.009756767190992832
0.0005685902433469892
0.0012327388394623995
0.008583510294556618
0.02380811981856823
0.02301320806145668
0.0011946121230721474
0.022292541339993477
0.01585843227803707
0.02035156823694706
0.007960675284266472
0.0003517967415973544
0.00040648767026141286
0.0009263689862564206
0.0007293300004675984
0.02863725647330284
0.01151383575052023
0.0013463266659528017
0.00037177008925937116
0.0015364077407866716
0.01839500479400158
0.0003595846064854413
0.013331310823559761
0.024504229426383972
0.02288583666086197
0.011971849948167801
0.0023192374501377344
0.0013089131098240614
0.0014012122992426157
0.00043855910189449787
0.006066508591175079
0.0007321297307498753
0.018410850316286087
0.00473474757745862
0.0006249038269743323
0.0015584477223455906
0.005892382934689522
0.03458861634135246
0.0013949850108474493
0.0004091761657036841
0.0008978743571788073
0.009019313380122185
0.016173258423805237
0.02553936094045639
0.01718943938612938
0.00038555878563784063
0.0005236297147348523
0.012264995835721493
0.0015676186885684729
0.0012810680782422423
0.007109190337359905
0.02995448186993599
0.03671543672680855
0.007179445121437311
0.0002131698711309582
0.001288114464841783
0.0003682008828036487
0.0007774624391458929
0.0028449436649680138
0.00031566957477480173
0.006587366573512554
0.044908467680215836
0.00048051844350993633
0.00040673778858035803
0.00048522435827180743
0.0021644597873091698
0.01007040310651064
0.0006275895284488797
0.014191936701536179
0.01564764976501465
0.0010414780117571354
0.0004833061248064041
0.014887535013258457
0.001179929357022047
0.028237899765372276
0.002355427946895361
0.00769577082246542
0.016408752650022507
0.0009737377986311913
0.0005291022243909538
0.00046108150854706764
0.037664394825696945
0.00037360264104790986
0.025022711604833603
0.014310830272734165
0.018575012683868408
0.00024796254001557827
0.014522714540362358
0.0018172486452385783
0.0011279601603746414
0.0007571213645860553
0.001374106970615685
0.02767826057970524
0.02216961234807968
0.013903199695050716
0.03921264410018921
0.006469724699854851
0.0015440357383340597
0.001028252998366952
0.016398292034864426
0.0008472295012325048
0.013402659446001053
0.0007362785981968045
0.0034963637590408325
0.028170060366392136
0.02575129084289074
0.017096243798732758
0.0005245585925877094
0.0376209020614624
0.017231635749340057
0.0009570271940901875
0.0008712533162906766
0.00030852656345814466
0.0199873149394989
0.0004933786112815142
0.00025906655355356634
0.013399999588727951
0.022538691759109497
0.02028106525540352
0.015872998163104057
0.0004043367807753384
0.007669463753700256
0.013109544292092323
0.025015858933329582
0.010196784511208534
0.010850416496396065
0.016832834109663963
0.001258954405784607
0.03303917497396469
0.02580149471759796
0.012543341144919395
0.014606094919145107
0.011285304091870785
0.0007426724769175053
0.0011661341413855553
0.017149891704320908
0.0003629621060099453
0.03133430331945419
0.0005492133204825222
0.023989608511328697
0.021234989166259766
0.01194247417151928
0.02070060931146145
0.019073862582445145
0.0012809522449970245
0.0003105991636402905
0.0007727720658294857
0.0011043800041079521
0.00047800608444958925
0.0017061529215425253
0.012187311425805092
0.0003794015501625836
0.002622423227876425
0.0009925083722919226
0.0006639958592131734
0.0004948143614456058
0.028578851372003555
0.008993913419544697
0.0007511423900723457
0.0005829180590808392
0.0017161320429295301
0.0007282571750693023
0.0008281243499368429
0.006955966353416443
0.04231975972652435
0.07167015969753265
0.0003705119015648961
0.0005948813632130623
0.0009115570574067533
0.020495841279625893
0.04924498498439789
0.012305106967687607
0.000600327446591109
0.029759351164102554
0.0002497229725122452
0.012292362749576569
0.013428987935185432
0.0007524529937654734
9.260384103981778e-05
0.00022550232824869454
0.01729913428425789
0.005046520382165909
0.023957855999469757
0.02585616521537304
0.015058489516377449
0.00909227691590786
0.0015075677074491978
0.0005749261472374201
0.03827018290758133
0.0006557987071573734
0.0014169738860800862
0.00405137799680233
0.0007129947189241648
0.0071938736364245415
0.0002318964689038694
0.0005932016065344214
0.0046736979857087135
0.0006731216562911868
0.0005790698924101889
0.00343011855147779
0.01641227863729
0.021966900676488876
0.00014363766240421683
0.0006923387991264462
0.0002448603918310255
0.0010584751144051552
0.0004929297720082104
0.029908645898103714
0.016121728345751762
0.013698688708245754
0.019734010100364685
0.010358274914324284
0.0014992739306762815
0.0010025788797065616
0.00024657047470100224
0.0019227860029786825
0.01508075837045908
0.009891239926218987
0.009990260936319828
0.0052476003766059875
0.012461742386221886
0.0006449588108807802
0.00029342586640268564
0.0008196538547053933
0.023639366030693054
0.017212826758623123
0.0373433455824852
0.007468430791050196
0.00043663958786055446
0.02048497647047043
0.0015582122141495347
0.0005070713232271373
0.020083952695131302
0.018259761855006218
0.0001922703522723168
0.0005504486616700888
0.007976647466421127
0.0006881345179863274
0.0001123746478697285
0.0003783214488066733
0.0016354845138266683
0.01953532174229622
0.01186380721628666
0.013565367087721825
0.007866001687943935
0.009410170838236809
0.010614215396344662
0.011645648628473282
0.0013068525586277246
0.014261816628277302
0.0011841075029224157
0.0025168226566165686
0.021287718787789345
0.0004124769475311041
0.0018107950454577804
0.0003562427591532469
0.0004019989282824099
0.021056922152638435
0.011071426793932915
0.008521725423634052
0.0009135639993473887
0.007312132976949215
0.0004037045582663268
0.000745840952731669
0.00013885105727240443
0.0015127246733754873
0.009356912225484848
0.02253878489136696
0.00021917925914749503
0.01036631315946579
0.0008626375929452479
0.016499651595950127
0.026159975677728653
0.0008493487257510424
0.016163218766450882
0.009302428923547268
0.0014800475910305977
0.0301103126257658
0.0011077539529651403
0.07512523233890533
0.04290376231074333
0.007966246455907822
0.0005608113133348525
0.009053372777998447
0.022271061316132545
0.0019395955605432391
0.015002405270934105
0.0015756339998915792
0.018290076404809952
0.0277891606092453
0.0002905150467995554
0.0008811172447167337
0.010988348163664341
0.0031013863626867533
0.0006569362012669444
0.00020345006487332284
0.0006679761572740972
0.015817057341337204
0.015210826881229877
0.018671570345759392
0.00038687631604261696
0.03855304419994354
0.011103639379143715
0.0032137411180883646
0.01543673500418663
0.041050709784030914
3.248399298172444e-05
0.011870401911437511
0.02234906703233719
0.00029960149549879134
0.018702246248722076
0.01913524977862835
0.01844644732773304
0.03295058384537697
0.023551151156425476
0.0013243237044662237
0.00033443726715631783
0.0015309760347008705
0.02814888209104538
0.020301587879657745
0.021057642996311188
0.000969973742030561
0.006026732735335827
0.0010243599535897374
0.012127934023737907
0.0010933465091511607
0.00014843909593764693
0.0001844613580033183
0.00041095633059740067
0.0005233705742284656
0.0007776097627356648
0.003941376227885485
0.0013829775853082538
0.01653916761279106
0.00021910664509050548
0.0022009757813066244
0.03525061160326004
0.00880567915737629
0.010686082765460014
0.00969172827899456
0.008632194250822067
0.0006573719438165426
0.0012019036803394556
0.0005577070405706763
0.00031526832026429474
0.0004199521499685943
0.00023044346016831696
0.010033207945525646
0.005556722171604633
0.001264120452105999
0.0012782791163772345
0.0007730582728981972
0.023397065699100494
0.01918598636984825
0.00021508077043108642
0.0012877000262960792
0.0008041836554184556
0.00195904728025198
0.01741972751915455
0.011649927124381065
0.0010021687485277653
0.0004238454857841134
0.009049592539668083
0.0002849127631634474
0.024354074150323868
0.03292017802596092
0.0008513479260727763
0.00028754863888025284
0.0017788285622373223
0.022204410284757614
0.016825826838612556
0.0002259464527014643
0.019498255103826523
0.000952642410993576
0.002253563841804862
0.03079579770565033
0.013366470113396645
0.029555823653936386
0.0010276914108544588
0.00022148661082610488
0.000687519321218133
0.02898510918021202
0.008066891692578793
0.019440175965428352
0.023368366062641144
0.03380538895726204
0.0005569181521423161
0.016160549595952034
0.025992168113589287
0.001181253930553794
0.0012324212584644556
0.02179144322872162
0.001067264936864376
0.007245938293635845
0.01738421618938446
0.010189250111579895
0.017412764951586723
0.0007016367744654417
0.001694735954515636
0.0009833993390202522
0.0004167901643086225
0.0008593728416599333
0.0007483385852538049
0.018061842769384384
0.08902204036712646
0.0157161857932806
0.0004619722894858569
0.01896517537534237
0.0013186018913984299
0.00026444217655807734
0.0035448959097266197
0.0011516440426930785
0.0003683583054225892
0.0031322110444307327
0.000324740307405591
0.010818294249475002
0.004606995265930891
0.010466606356203556
0.01936013624072075
0.02675662189722061
0.018708359450101852
0.016527023166418076
0.01791415363550186
0.007498153485357761
0.0066674817353487015
0.0002823295071721077
0.030391942709684372
0.0006767960730940104
0.0016101968940347433
0.024481646716594696
0.002218854846432805
0.01231038011610508
0.009237926453351974
0.0009608104592189193
0.01890597864985466
0.0003802694845944643
0.025920074433088303
0.00023921237152535468
0.00021899185958318412
0.0008521126001141965
0.016166143119335175
0.034038856625556946
0.0003912166284862906
0.006645995657891035
0.0010245958110317588
0.05815454572439194
0.0012016398832201958
0.014571337029337883
0.0011309972032904625
0.00023377055185846984
0.004291309043765068
0.0005362008814699948
0.00019969753338955343
0.01261154841631651
0.0032146284356713295
0.05976497009396553
0.02204454317688942
0.016546569764614105
0.0027503659948706627
0.016924496740102768
0.0008382908417843282
0.0009210171410813928
0.0002706998202484101
0.004247777629643679
0.0646238774061203
0.014762945473194122
0.023360274732112885
0.012687407433986664
0.036834150552749634
0.01989310421049595
0.0006190158892422915
0.014955222606658936
0.005460127256810665
0.0005774833844043314
0.00033833866473287344
0.0020109391771256924
0.0010562246898189187
0.0010667790193110704
0.0003461597370915115
0.019577331840991974
0.017697229981422424
0.0009638123447075486
0.001519850455224514
0.0010796049609780312
0.0016519171185791492
0.0005208604852668941
0.013261967338621616
0.0005024446872994304
0.01711093634366989
0.04030752182006836
0.01082226075232029
0.0016015368746593595
0.00890191551297903
0.02512333355844021
0.0005231333780102432
0.022915096953511238
0.0005046669393777847
0.014855653047561646
0.0005704949144273996
0.01283720601350069
0.011559835635125637
0.002298813546076417
0.015519678592681885
0.014575311914086342
0.025526197627186775
0.00045465948642231524
0.0008662646869197488
0.0007109592552296817
0.014251014217734337
0.01205842662602663
0.0001545607519801706
0.0029372123535722494
0.03223775699734688
0.021303363144397736
0.00857783854007721
0.0015225617680698633
0.0007178701343946159
0.0003708808508235961
0.0005795994075015187
0.008151443675160408
0.019966766238212585
0.0008691383409313858
0.018415488302707672
0.0005105778691358864
0.04009012505412102
0.029267432168126106
0.0014812208246439695
0.00017164391465485096
0.004711023066192865
0.0005186465568840504
0.014114947989583015
0.009558345191180706
0.00012529396917670965
0.0006168291438370943
0.0004416624433360994
9.93971771094948e-05
0.012419127859175205
0.010443354025483131
0.0001931647420860827
0.0012501297751441598
0.035347044467926025
0.008155991323292255
0.06104487180709839
0.012743012048304081
0.029942529276013374
0.0003551796544343233
0.00035182287683710456
0.0001998529041884467
0.00015636815805919468
0.0012912275269627571
0.03105038031935692
0.0005032612825743854
0.03797992318868637
0.00570134911686182
0.01931818760931492
0.024143695831298828
0.02147536724805832
0.0008024382987059653
0.001183319021947682
0.00908743031322956
0.005608048290014267
0.013306653127074242
0.011998148635029793
0.0014907722361385822
0.015736475586891174
0.0006182219367474318
0.0010847452795132995
0.006218021735548973
0.0017636108677834272
0.0003726032446138561
0.0006525845965370536
0.00036181628820486367
0.012953534722328186
0.0011582853039726615
0.013676781207323074
0.013285869732499123
0.0251009464263916
0.00047447753604501486
0.0006335187354125082
0.0006588902324438095
0.01905299723148346
0.0006990452529862523
0.007211662363260984
0.000933112925849855
9.7412928880658e-05
0.008790978230535984
0.000414918438764289
0.012610916048288345
0.0006570040131919086
0.002941685961559415
0.0005214608972892165
0.0016874431166797876
0.022947367280721664
0.025153985247015953
0.0015291539020836353
0.01920679211616516
0.02150484174489975
0.0010995115153491497
0.019157961010932922
0.0014069373719394207
0.0002618004509713501
0.001273333327844739
0.00045093486551195383
0.01153110433369875
0.002656838856637478
0.015456474386155605
0.0171198770403862
0.020707180723547935
0.014368165284395218
0.00023881252855062485
0.017240537330508232
0.007061910815536976
0.023000558838248253
0.0019957076292485
0.006908267270773649
0.024380004033446312
0.00032570731127634645
0.015795383602380753
0.007909867912530899
0.011821964755654335
0.0003328750026412308
0.0018300552619621158
0.006146220490336418
0.00033217197051271796
0.0023490730673074722
0.0009772222256287932
3.856714101857506e-05
0.013662202283740044
0.005978163797408342
0.014502229169011116
0.0010523357195779681
0.016138695180416107
0.012441925704479218
0.017133936285972595
0.011005721986293793
0.0006744129932485521
0.015913814306259155
0.013131735846400261
0.0003358043322805315
0.0015623652143403888
0.005622236058115959
0.005943201016634703
0.00043716601794585586
0.0016805024351924658
0.00015959530719555914
0.00048490939661860466
0.001114063197746873
0.013776365667581558
0.0012667553965002298
0.012126203626394272
0.0005715343868359923
0.012770494446158409
0.00018814591749105603
0.00014201035082805902
0.0004474736633710563
0.016972042620182037
0.00015525791968684644
0.0008213326800614595
0.0013764755567535758
0.00038218486588448286
0.00029614457162097096
5.7192446547560394e-05
0.004685591906309128
0.020958278328180313
0.0011574256932362914
0.004704523365944624
0.05190741643309593
0.0002957139804493636
0.00019212864572182298
0.0009837765246629715
0.0007866289815865457
0.022484250366687775
0.0005058786482550204
0.052385419607162476
0.033136434853076935
0.01219424419105053
0.0011483962880447507
0.001234171912074089
0.0001224334555445239
0.01823451928794384
0.0004332390381023288
0.0007837259909138083
0.00037117363535799086
0.005020916927605867
0.0071403756737709045
0.03653240203857422
0.0003216866170987487
0.024849582463502884
0.0001808674423955381
0.0055361296981573105
0.046313751488924026
0.009054342284798622
0.0021101697348058224
0.0030072780791670084
0.0004735293332487345
0.0013079890049993992
0.00026558528770692647
0.0004220227710902691
0.008796987123787403
0.023559171706438065
0.007520797662436962
0.015226343646645546
0.00016933056758716702
0.0004031880816910416
0.0014959471300244331
0.00022291296045295894
0.009543498046696186
0.0008748389082029462
0.014969545416533947
0.023492518812417984
0.0007830242975614965
0.0010675911325961351
0.022484667599201202
0.0010513421148061752
0.0007387791993096471
0.0006628089467994869
0.025838226079940796
0.012366379611194134
0.013586295768618584
0.04064277186989784
0.006512792315334082
0.0002825330011546612
0.0002873856865335256
0.011865289881825447
0.019624605774879456
0.023818770423531532
0.0004836562438867986
0.0004136169154662639
0.015300172381103039
0.0014852503081783652
0.00033758010249584913
0.00021658516197931021
0.000379648816306144
0.009182227775454521
0.014429363422095776
0.00017761359049472958
0.010628383606672287
0.013519828207790852
0.00032378832111135125
0.0006770812324248254
0.000323805637890473
0.0003402884176466614
0.0005731226410716772
0.0008251150138676167
0.00025972421281039715
0.00028623375692404807
0.0006168850231915712
0.019337182864546776
0.0016403852496296167
0.019751552492380142
0.00029139890102669597
0.04063903167843819
0.0005028184386901557
0.003979763947427273
0.0003310253960080445
0.012899640947580338
0.0015971055254340172
0.01572532393038273
0.004289854317903519
0.013442563824355602
0.0009579498437233269
0.000511152611579746
0.0023972955532372
0.00023163409787230194
0.0074481600895524025
0.015073798596858978
0.01512432936578989
0.00405891565605998
0.02558867260813713
0.00033837396767921746
0.005712652578949928
8.559010166209191e-05
0.0004317591374274343
0.02049490064382553
0.01326013170182705
0.0002748229308053851
0.027737058699131012
8.374726894544438e-05
0.0003650158178061247
0.024002492427825928
0.0031906752847135067
0.000594286946579814
0.00023380697530228645
0.02770797349512577
0.001659685280174017
0.00030112735112197697
0.0018341881223022938
0.00018163112690672278
0.001166855450719595
1.9985898688901216e-05
0.0005887245060876012
0.016366062685847282
0.0005870558088645339
0.0007469072006642818
0.008688222616910934
0.02794395014643669
0.0007676551467739046
0.0004037385224364698
0.008522282354533672
0.0015512693207710981
0.03501072898507118
0.026104411110281944
0.0008204409386962652
0.00039435335202142596
0.028283169493079185
0.00035930139711126685
0.0007845754153095186
0.0010065275710076094
0.0013905825326219201
0.011033891700208187
0.00031216800562106073
0.00025344802998006344
0.0012885972391813993
0.001050669001415372
0.016870809718966484
0.011819172650575638
0.0008461421821266413
0.010301352478563786
0.0006900206790305674
0.0006992199341766536
0.002627220004796982
0.000324547931086272
0.00013959911302663386
0.00042213720735162497
0.03648601099848747
0.01920744776725769
0.02301519736647606
0.0007586839492432773
0.008262092247605324
0.00028933872818015516
0.0010213010245934129
0.00031243564444594085
0.024817487224936485
0.010093091055750847
0.01270190067589283
0.00048503841389901936
0.001469562528654933
0.0016750665381550789
0.0007273153169080615
0.005686774849891663
0.019068332388997078
0.0003756594960577786
0.0014308614190667868
0.013993225991725922
0.00020968486205674708
0.04526443034410477
0.0004158092779107392
0.003657132387161255
0.019957318902015686
0.012966703623533249
0.004022256471216679
0.00017352796567138284
0.005200596060603857
0.0003716131905093789
0.023669639602303505
0.04298301413655281
0.0005479397950693965
0.01683330535888672
0.018851112574338913
0.016152221709489822
0.00013065250823274255
0.03945350646972656
0.03173751384019852
0.037038080394268036
0.00796537846326828
0.0004909096751362085
0.036976464092731476
0.0005052777705714107
0.00017785505042411387
0.019860435277223587
0.04052652791142464
0.020222175866365433
0.0006595103186555207
0.010841297917068005
0.000224570365389809
0.000498408277053386
0.008990508504211903
0.010173466987907887
0.00945960357785225
0.0003699732478708029
0.003916885703802109
0.01615685410797596
0.0013117971830070019
0.011165767908096313
0.025177013128995895
0.03965300694108009
0.0012625448871403933
0.003345461329445243
0.007809983100742102
0.0001485732791479677
0.00038248347118496895
0.005636465735733509
0.0005298408796079457
0.00046834498061798513
0.004938060417771339
0.041980061680078506
0.01761583611369133
0.01907149702310562
0.010849302634596825
0.016980407759547234
0.014221474528312683
0.00037415907718241215
0.0215113777667284
0.014780085533857346
0.009294675663113594
0.0005257223965600133
0.004901849199086428
0.029463987797498703
0.0005606799386441708
0.0006550616817548871
0.0005722317146137357
0.028209950774908066
0.03517736867070198
0.010088867507874966
0.011600548401474953
0.029299382120370865
0.012555405497550964
0.0005141533329151571
0.0004171526525169611
0.004141309764236212
0.01516751479357481
0.00584713090211153
0.011786660179495811
0.0008810198633000255
0.008172040805220604
0.02515115588903427
0.002637681318446994
0.012350842356681824
0.00024453422520309687
0.0003603679360821843
0.0008290171390399337
0.01834220066666603
0.004893368110060692
0.007750304415822029
0.00023789374972693622
0.03836701065301895
5.4065829317551106e-05
0.00429502222687006
0.013679301366209984
0.01813254877924919
0.0009269420988857746
0.02596047893166542
0.023198917508125305
0.0003195669560227543
0.0005313058500178158
0.017352964729070663
0.01592753455042839
0.01642489992082119
0.0006443191086873412
0.006342323496937752
0.0008499115938320756
0.01435842178761959
0.019453447312116623
0.00024476449470967054
0.00045794848119840026
0.00028157737688161433
0.002897735219448805
0.0030874661169946194
0.00029129491304047406
0.00228907261043787
0.009809793904423714
0.026645705103874207
0.01617620512843132
0.01155649684369564
0.01917237974703312
0.022307895123958588
0.004525959491729736
0.0008125841850414872
0.0012273291358724236
0.0009233223972842097
0.0010439467150717974
0.013226259499788284
0.009423250332474709
0.006123700179159641
0.034717075526714325
0.0008257696754299104
0.01976090483367443
0.0002301619970239699
0.04728815704584122
0.0070203207433223724
0.010816715657711029
0.1510186493396759
0.0004748348146677017
0.015700263902544975
0.018429581075906754
0.0005052067572250962
0.016305364668369293
0.0008101163548417389
0.013048415072262287
0.01879878342151642
0.0012966662179678679
0.00110027682967484
0.03292916342616081
0.01021423190832138
0.00958063080906868
0.00029487625579349697
0.01263951975852251
0.00037310010520741343
0.0003988374664913863
0.0004920615465380251
0.00030076270923018456
0.0005042502889409661
0.0007507781847380102
0.019908946007490158
0.010965784080326557
0.01150402333587408
0.009293654933571815
0.035279519855976105
0.015663741156458855
0.0016827404033392668
0.0006042423192411661
0.0007050512358546257
0.005468566901981831
0.0168822780251503
0.034013088792562485
0.0027205077931284904
0.0003799425030592829
0.0016375505365431309
2.8590875444933772e-05
0.0007970556616783142
0.0014058145461604
0.0008052221965044737
0.0002142807497875765
0.015962742269039154
0.0016760649159550667
0.005954589694738388
0.015923479571938515
0.00046302672126330435
0.0003631354193203151
0.0045519033446908
0.026262342929840088
0.010267077013850212
0.025638526305556297
0.02750350534915924
0.0002489698235876858
0.0009378353133797646
0.014740239828824997
0.0031941120978444815
0.0027482686564326286
0.010131191462278366
0.0029191907960921526
0.00027926682378165424
0.0007524488610215485
0.0007178370142355561
0.034296199679374695
0.07894167304039001
0.02271529659628868
0.009025270119309425
0.0007882527424953878
0.00018191129493061453
0.0006638994673267007
0.019131679087877274
0.0004587266012094915
0.017771471291780472
0.009901736862957478
0.014041053131222725
0.010298026725649834
0.00020578094699885696
0.0014425237895920873
0.0051053110510110855
0.01990492455661297
0.018362876027822495
0.00034097686875611544
0.021398134529590607
0.00035895031760446727
0.010913565754890442
0.02345600724220276
0.014213252812623978
0.00022092991275712848
0.009055158123373985
0.029626155272126198
0.0019742283038794994
0.013800794258713722
0.00055548339150846
0.0003553573915269226
0.0002674991264939308
0.0011776243336498737
0.0012373499339446425
0.0007269540801644325
0.0207551009953022
0.0008905407157726586
0.009538967162370682
0.009076900780200958
0.0006338048260658979
0.0005519403493963182
0.00038608149043284357
8.178554708138108e-05
0.0199982151389122
0.0006249664584174752
0.0003053987747989595
0.0006101741455495358
0.0015191402053460479
0.01862701028585434
0.03477877005934715
0.0003922292380593717
0.0031466796062886715
0.015803879126906395
0.0006661780644208193
0.0008902944391593337
0.03247935324907303
0.0017421210650354624
0.009292373433709145
5.4048538004281e-05
0.0004144975100643933
0.035141535103321075
0.01604338549077511
0.007429187186062336
0.009808363392949104
0.0017375145107507706
0.023549072444438934
0.000540029548574239
0.10129834711551666
0.012928750365972519
0.01407226175069809
0.01394052617251873
0.0008900923421606421
0.00039105251198634505
0.014218179509043694
0.002595540601760149
0.02531992644071579
0.012897994369268417
0.013877404853701591
0.0017440284136682749
0.017096329480409622
0.003679063869640231
0.021092558279633522
0.019090931862592697
0.008470699191093445
0.00010974831820931286
0.0005206730565987527
0.010798134841024876
0.02378988079726696
0.00040347271715290844
0.010181277059018612
0.0011715737637132406
0.04083022102713585
0.0001413335558027029
0.014294540509581566
0.021925877779722214
0.03587646037340164
0.0015326462453231215
0.0003858861746266484
0.0009334107162430882
0.00017748952086549252
0.0005988495540805161
0.050488054752349854
0.000982657540589571
0.011427381075918674
0.001377725973725319
0.028889033943414688
0.01584245264530182
0.00037879677256569266
0.028932299464941025
0.038611553609371185
0.0004218092653900385
0.014552809298038483
0.0017966742161661386
0.0005447861040011048
0.01694195531308651
0.00396140618249774
0.0013096245238557458
0.0010625757277011871
0.00025010405806824565
0.0005306181265041232
0.008636778220534325
0.0005985454772599041
0.027819858863949776
0.013348523527383804
0.08848272264003754
0.02151450142264366
0.0006424785242415965
0.017925888299942017
0.004072393290698528
0.0009510917589068413
0.012590880505740643
0.0003992076963186264
0.00016067778051365167
0.028988778591156006
0.0025036269798874855
0.010617772117257118
0.03737110644578934
0.028466222807765007
0.00048770252033136785
0.0014827208360657096
0.01841205358505249
0.0011668759398162365
0.0003438353887759149
0.015866611152887344
0.0004218423564452678
0.022889938205480576
0.012207132764160633
0.00931838434189558
0.046160656958818436
0.01214576419442892
0.006270649842917919
2.890416726586409e-05
0.00015143347263801843
0.00989050418138504
0.0006290771998465061
0.011914010159671307
0.01667420007288456
0.009044446051120758
0.0009107654914259911
0.0003050491795875132
0.001285251579247415
0.00028320937417447567
0.01283792033791542
0.012964494526386261
0.016428859904408455
0.0002295429294463247
0.00025707585155032575
0.008568983525037766
0.000931930320803076
0.023172378540039062
0.0014025578275322914
0.0011996786342933774
0.02092142030596733
0.033604614436626434
0.027283672243356705
0.0004788051010109484
0.0008743151556700468
0.03291269391775131
0.00025264613213948905
0.0002795602777041495
0.0003796532400883734
0.009101367555558681
0.010151363909244537
0.031224451959133148
0.01158231683075428
0.0010313945822417736
0.02420707978308201
0.0008144977036863565
0.006154755130410194
0.01198696531355381
8.842343231663108e-05
0.023762283846735954
0.009026044979691505
0.008875171653926373
0.0009797507664188743
0.019205328077077866
0.0003631720901466906
0.012524684891104698
0.022042453289031982
0.005125137977302074
0.00047319132136180997
0.0006006696494296193
0.008851165883243084
0.028235552832484245
0.006951372139155865
0.012439441867172718
0.023463891819119453
0.019620314240455627
0.009377957321703434
0.012870702892541885
0.0074340663850307465
0.0007734234677627683
0.0007508372655138373
0.014474593102931976
0.01127327885478735
0.0003515422286000103
0.0003189288545399904
0.022926680743694305
0.01104314811527729
0.00020258649601601064
0.006123054306954145
0.001563828787766397
0.00018813068163581192
0.001526936306618154
0.00024942311574704945
0.01065001916140318
0.00047002366045489907
0.024589648470282555
0.017454806715250015
0.005345038138329983
0.013426680117845535
0.01703030616044998
0.0015513412654399872
0.000984186539426446
0.023478558287024498
0.012075725011527538
0.00039406277937814593
0.01823437213897705
0.0006372349453158677
0.00022604642435908318
0.0004120194062124938
0.017164327204227448
0.011645497754216194
0.0005765467067249119
0.0011013877810910344
0.004344213288277388
0.04075592756271362
0.0011541936546564102
0.01150565966963768
0.0004449744301382452
0.0037363064475357533
0.016287315636873245
0.011578192934393883
0.0003395062230993062
0.10547760874032974
0.02673952467739582
0.0006488055223599076
0.032904669642448425
0.0007004399667493999
0.0017415088368579745
0.003100807312875986
0.014669189229607582
0.0011941962875425816
0.012087559327483177
0.0017634042305871844
0.0008989977068267763
0.023595847189426422
0.006976160686463118
0.0003362246206961572
0.0016066504176706076
0.0008278809254989028
0.0014250727836042643
0.059994328767061234
0.0005912869237363338
0.012589087709784508
0.000982571509666741
0.028500713407993317
0.0002241231850348413
0.009494198486208916
0.005089466460049152
0.013921340927481651
0.0010484785307198763
0.02187366597354412
0.008138655684888363
0.02616293728351593
0.0073988065123558044
0.011025967076420784
0.0004511032020673156
0.017606202512979507
0.000253622536547482
0.00029122226987965405
0.002726911101490259
0.000494009698741138
0.009902873076498508
0.00034146851976402104
0.0006522953626699746
0.00021038588602095842
0.011717678979039192
6.91479435772635e-05
0.0004996369243599474
0.004285662900656462
0.021481899544596672
0.0001418552128598094
0.00040586141403764486
0.0042304121889173985
0.0008937136153690517
0.0006751833716407418
0.00039740640204399824
0.021344996988773346
0.023846309632062912
0.013931620866060257
0.018205910921096802
0.002025306224822998
0.0007367602083832026
0.0008784834644757211
0.02099347487092018
0.0015328447334468365
0.0074902852065861225
0.011784818023443222
0.0006378295365720987
0.00023895433696452528
0.007466490380465984
0.02036440186202526
0.01618516445159912
0.0011885851854458451
0.018360169604420662
0.03135134279727936
0.00045009658788330853
0.0007907254621386528
0.023189017549157143
0.00806109793484211
0.0047555528581142426
0.0004903924418613315
0.00016162008978426456
0.005674326326698065
0.0015004649758338928
0.0003283725236542523
0.001658750232309103
0.0018126817885786295
0.000341603736160323
0.00904300156980753
0.03236304968595505
0.011455623432993889
0.02021956443786621
0.013697055168449879
0.00034311608760617673
0.01310950517654419
0.016359463334083557
0.0007810371462255716
0.02053922414779663
0.020299440249800682
0.000938130309805274
0.01060418225824833
0.01363398041576147
0.01443222165107727
0.0005908050807192922
0.0001343445765087381
0.02209164947271347
0.023526128381490707
0.011876330710947514
0.006964914500713348
0.0008840786176733673
0.03195589780807495
0.02721288800239563
0.013823023997247219
0.01683100499212742
0.015126310288906097
0.0002064042491838336
0.014539642259478569
0.03211190178990364
0.0005155225517228246
0.03903305530548096
0.012548744678497314
0.00035866221878677607
0.0007305972394533455
0.023200714960694313
0.0008724250365048647
0.00037375290412455797
0.018650490790605545
0.0028679007664322853
0.004367639310657978
0.0009554932476021349
0.015538082458078861
0.029535196721553802
0.00034251081524416804
0.0006577437161467969
0.0012431981740519404
0.0012576651060953736
0.032667744904756546
0.006680541671812534
0.011180057190358639
0.009885303676128387
0.0007715703686699271
0.0033653383143246174
0.012590490281581879
0.0014194411924108863
0.0005391835002228618
0.012163365259766579
0.002166289836168289
0.019479159265756607
0.0005318594630807638
0.0002683027123566717
0.00021751338499598205
0.0008636889979243279
0.011718980967998505
0.0011188136413693428
0.0179070383310318
0.0008657799335196614
0.0004228106699883938
0.0005725593655370176
0.0013340743025764823
0.0001816201547626406
0.006634959019720554
0.014604518190026283
0.007246801164001226
0.020950835198163986
0.024991124868392944
0.020508894696831703
0.012236500158905983
0.006569553166627884
0.0006977850571274757
0.00038298830622807145
0.010965347290039062
0.017520392313599586
0.014218725264072418
0.016345921903848648
0.008989112451672554
0.0005000767414458096
0.0005721419001929462
0.029158521443605423
0.012825578451156616
0.00019403232727199793
0.0003099431633017957
0.012830248102545738
0.019985347986221313
0.001151600037701428
0.014075345359742641
0.017722072079777718
0.019904978573322296
0.01610303856432438
0.001449340721592307
0.00020385449170134962
0.00012718481593765318
0.0018312312895432115
0.016034847125411034
0.010912436991930008
0.0026724576018750668
0.00012953003169968724
0.00021134661801625043
0.020953748375177383
0.0009791740449145436
0.0006949650123715401
0.00012578988389577717
0.0008190360385924578
0.02889515832066536
0.03173916041851044
0.0006237757042981684
0.002262864727526903
0.00015718553913757205
0.014462626539170742
0.018987394869327545
0.00028359738644212484
0.001392538077197969
0.0016021940391510725
0.011779693886637688
0.0008185930782929063
0.011936219409108162
0.0008044435526244342
0.003798101097345352
0.0008634323021396995
0.0006343711283989251
0.0009396672248840332
0.002320566214621067
0.0006098422454670072
0.0179938655346632
1.357049222860951e-05
0.00029767246451228857
0.02141181193292141
0.0013008691603317857
0.020629025995731354
0.001621257164515555
0.0007390829850919545
0.0005939143011346459
0.021325048059225082
0.0019193819025531411
0.013447381556034088
0.009613752365112305
0.010812566615641117
0.005045827478170395
0.0011386137921363115
0.011136396788060665
0.017115138471126556
0.004867000970989466
0.0010501707438379526
0.0009028436616063118
0.0007046636310406029
0.013087053783237934
0.01964150182902813
0.01400216855108738
0.0008174781687557697
0.0005688897799700499
0.0007464081281796098
0.0004049536364618689
0.0010118114296346903
0.00033863744465634227
0.013300316408276558
0.008916198275983334
0.021567678079009056
0.00012620349298231304
0.006164916791021824
0.04055909067392349
0.0023908987641334534
0.014750838279724121
0.01460789330303669
0.0008023681584745646
0.010528422892093658
0.009080120362341404
0.0004870611010119319
0.000629747926723212
0.0009181172354146838
0.0011245537316426635
0.05060674250125885
0.00045437674270942807
0.001302410033531487
0.018651161342859268
0.007383811287581921
0.016288356855511665
0.016724366694688797
0.0020788407418876886
0.014386201277375221
0.0012311708414927125
0.01016469206660986
0.0009894180111587048
0.0017812440637499094
0.01947643980383873
0.03307945281267166
0.017639677971601486
0.0011672598775476217
0.019919518381357193
0.00045368613791652024
0.00027442086138762534
0.04093529284000397
0.0004997829673811793
0.0003471827367320657
0.001064617303200066
0.00140941864810884
0.00026244830223731697
0.0006569572724401951
0.010769974440336227
0.022336523979902267
0.015184756368398666
0.018060903996229172
0.018653497099876404
0.0012204586528241634
0.13776178658008575
0.011154127307236195
0.020649701356887817
0.01325275469571352
0.00024732082965783775
0.001440247055143118
0.0006108444067649543
0.02217100001871586
0.0005378632340580225
0.03028067760169506
0.008404500782489777
0.020842546597123146
0.017528707161545753
0.018687419593334198
0.00011704150529112667
0.012533088214695454
0.024243105202913284
0.0005581566947512329
0.001729847863316536
0.0008750479319132864
7.65937875257805e-05
0.0005303149810060859
0.009950806386768818
0.026256654411554337
0.001277041039429605
0.0019071698188781738
0.033990729600191116
0.015337299555540085
0.03746318072080612
0.021711252629756927
0.0002863617264665663
0.0031032348051667213
0.0107813635841012
0.01064453274011612
0.0006365668959915638
0.0061537716537714005
0.0018477665726095438
0.011423924937844276
0.00175507552921772
0.009824603796005249
0.0005500123952515423
0.01620236411690712
0.011825830675661564
0.0010821655159816146
0.0002470027538947761
0.0034171645529568195
0.01410570926964283
0.0003792802453972399
0.0072960928082466125
0.021529627963900566
0.00046349343028850853
0.0039376928471028805
0.00012929138028994203
0.02156946435570717
0.010318474844098091
0.0009960851166397333
0.01207556203007698
0.0008101523271761835
0.001600016257725656
0.009821534156799316
0.0006970623508095741
0.00701482780277729
0.026074472814798355
0.00015742638788651675
0.0006119358586147428
0.0009107412770390511
0.0010336851701140404
0.016100125387310982
0.01586722768843174
0.041262656450271606
0.0012051595840603113
0.019035454839468002
0.005793015472590923
0.00029560227994807065
0.004604301881045103
0.016673121601343155
0.0363498292863369
0.027017641812562943
0.0021937163546681404
0.018049728125333786
0.02630728855729103
0.002370203612372279
0.018139345571398735
0.01959306374192238
0.0006911939708516002
0.0006484384066425264
7.023641956038773e-05
0.030109742656350136
0.029693230986595154
0.01214892789721489
0.017468148842453957
0.004225132986903191
0.002698902040719986
0.0066924202255904675
0.0007972397143021226
0.01583532989025116
0.010911867022514343
0.00030911582871340215
0.0005223614862188697
0.000639010570012033
0.00019625487038865685
0.00944453477859497
0.017386261373758316
0.00026299821911379695
0.0158850084990263
0.0012136752484366298
0.0013321752194315195
0.014604868367314339
8.308179531013593e-05
0.014339963905513287
0.0006983181228861213
0.000364594510756433
0.0001110326120397076
0.0009854717645794153
0.0004737728741019964
0.0006211678846739233
0.001382082817144692
0.010462239384651184
0.0008888943120837212
0.00988299772143364
0.01240692287683487
0.00045130940270610154
0.0002358846686547622
0.0012861441355198622
0.010263103060424328
0.00017235720588359982
0.006229917518794537
0.0012868676567450166
0.03103558160364628
0.0015959832817316055
0.0674382671713829
0.0007296535186469555
0.0004918620688840747
0.016786757856607437
0.0009000104037113488
0.018578752875328064
0.024307172745466232
0.0004580776731017977
0.018146492540836334
0.005883988458663225
0.0003734398924279958
0.009965469129383564
0.012163842096924782
0.0024255821481347084
0.01934860274195671
0.00022444259957410395
0.0034316633827984333
0.00037678051739931107
0.006467106286436319
0.0032480056397616863
0.006155794020742178
0.01883789524435997
0.017297064885497093
0.00015377091767732054
0.00019315352255944163
0.00021604039648082107
0.0010297591798007488
0.0001082048038369976
0.0004150966997258365
0.009937399998307228
0.00047526307753287256
0.008719711564481258
0.023931963369250298
0.0116867795586586
0.0143479248508811
0.029318103566765785
0.001712546218186617
0.011722693219780922
0.0002204448392149061
0.0010974300093948841
0.00027605140348896384
0.010314321145415306
0.012524432502686977
0.015336190350353718
0.041287362575531006
0.023250069469213486
0.012722821906208992
0.0004675796953961253
0.00010497833136469126
0.015210245735943317
0.0012021493166685104
0.006372301373630762
0.00021373920026235282
0.0003957084263674915
0.0002753259614109993
0.06501327455043793
0.017003262415528297
0.00023943380801938474
0.0006080574239604175
0.023836001753807068
0.01682758703827858
0.004649393260478973
0.03414880484342575
0.0003069322556257248
0.01574595645070076
0.02277543768286705
0.018743112683296204
0.0007500448264181614
0.0006403566803783178
0.012252340093255043
0.017905963584780693
0.00020886582206003368
0.015164481475949287
0.024567192420363426
0.0003550701658241451
0.000564504589419812
0.00018768830341286957
0.00020566524472087622
0.0007084343815222383
0.003349323058500886
0.021995171904563904
0.017721155658364296
0.0005756909376941621
0.020949210971593857
0.01263565942645073
0.006491726264357567
0.023130781948566437
0.00012531623360700905
0.01975303515791893
0.000533729325979948
0.00018532534886617213
0.05263705924153328
0.022986896336078644
0.0010774590773507953
0.006946283392608166
0.00018686152179725468
0.0003025193000212312
0.017558222636580467
0.005428565666079521
0.01339343748986721
0.023898836225271225
0.001043856842443347
0.022069457918405533
0.01817343197762966
0.04493873193860054
0.01524076983332634
0.0007018352043814957
0.0035400385968387127
0.001189893577247858
0.007933016866445541
0.006514779757708311
0.014507163316011429
0.00047006120439618826
0.0006354227662086487
0.00033224051003344357
6.136602314654738e-05
0.0001769671798683703
0.0005379826761782169
0.015081158839166164
0.027898123487830162
0.020455997437238693
0.00040733840432949364
0.0008546738536097109
0.019983556121587753
0.01938660815358162
0.0024555062409490347
0.0003903468023054302
0.0003522540791891515
0.0011212730314582586
0.010512721724808216
0.014371047727763653
0.0011462755501270294
0.002064464148133993
0.002812161110341549
0.011675607413053513
0.015807483345270157
0.0006300391396507621
0.012937387451529503
0.010260718874633312
0.0034208479337394238
0.005073235370218754
0.00034903548657894135
0.0016545815160498023
0.0016352885868400335
0.01749856024980545
0.020992258563637733
0.00026029188302345574
0.0006801632698625326
0.00919936690479517
0.014518706128001213
0.012620031833648682
0.015724604949355125
0.008748193271458149
0.0005058282986283302
0.009164654649794102
0.011149981990456581
0.00032707443460822105
0.008206566795706749
0.000310360686853528
0.007920769974589348
0.023814689368009567
0.00015455720131285489
0.006659419275820255
0.01594902202486992
0.0007149741286411881
0.02655111253261566
0.019776899367570877
0.00025567994453012943
0.0011113975197076797
0.0002526380121707916
0.00012948302901349962
0.00016359738947357982
0.0014438231009989977
0.011929771862924099
0.0019735689274966717
0.026037275791168213
0.017871595919132233
0.014952030032873154
0.00034800084540620446
0.0033007119782269
0.0007132853497751057
0.004371211864054203
0.0008675364078953862
0.00031372776720672846
0.011155650019645691
0.0003726895956788212
0.01609036512672901
0.00032250466756522655
0.015409004874527454
0.0001510928850620985
0.02935916744172573
0.0008795284666121006
0.018114853650331497
0.0021838867105543613
0.001824860693886876
0.00041895656613633037
0.0004911798750981688
0.0003134184516966343
0.0006895969272591174
0.00038786581717431545
0.0013257898390293121
0.0009650049032643437
0.024824097752571106
0.020272424444556236
0.01758953183889389
0.05722663551568985
0.0009289741283282638
0.014271467924118042
0.0006635697791352868
0.0014742459170520306
0.016993312165141106
0.0010667472379282117
0.0010766175109893084
0.009587129577994347
0.016861598938703537
0.022304803133010864
0.00022854076814837754
0.013279907405376434
0.0006273863837122917
0.02504773810505867
0.00029906624695286155
0.025958208367228508
0.0014317628229036927
0.004058869555592537
0.0002874032943509519
0.00031103548826649785
0.0005327639519236982
0.013727991841733456
0.0286770798265934
0.0006715344497933984
0.016912294551730156
0.00976400263607502
0.0008192781824618578
0.00048011005856096745
0.009854977019131184
0.00024281482910737395
0.026455054059624672
0.0005544222658500075
0.00020457351638469845
0.01709393411874771
0.0003287566942162812
0.0012375381775200367
0.015870727598667145
0.013298451900482178
0.00019898239406757057
0.010325632058084011
0.011043380945920944
0.0006231895531527698
0.013917060568928719
0.00037107840762473643
0.04052618145942688
0.02346888557076454
0.0005860956152901053
0.0001986278366530314
0.014242155477404594
0.0006687690620310605
0.027163099497556686
0.009786969982087612
0.0006907277274876833
0.0278005413711071
0.0002695182920433581
0.00019863233319483697
0.0006983570056036115
0.02078893780708313
0.01224086806178093
0.000941735110245645
0.026772795245051384
0.012568061240017414
0.018069440498948097
0.0010224746074527502
0.0010190767934545875
0.0009249874856323004
0.002606965834274888
0.0004052029107697308
0.0005313112633302808
0.0009761997498571873
0.14228491485118866
0.020679419860243797
0.004771732725203037
0.0003720298991538584
0.0003354587825015187
0.0011349949054419994
0.020990677177906036
0.0020314857829362154
0.000970610708463937
0.00963582657277584
0.0005463393754325807
0.00020877440692856908
0.02070251852273941
0.01903584972023964
0.000557140214368701
0.10567963868379593
0.0002992173540405929
0.00042574896360747516
0.0009543320629745722
0.000603982713073492
0.0010070953285321593
0.00021844767616130412
0.0015686550177633762
0.00020917688379995525
0.00027783543919213116
0.00021274149185046554
0.0027088047936558723
0.013168452307581902
0.014811903238296509
0.01152398157864809
0.000523580820299685
0.00028444494819268584
0.01155771128833294
0.011276008561253548
0.019611191004514694
0.022146498784422874
0.0013120423536747694
0.02910907194018364
0.00798754021525383
0.0009231974836438894
0.00016870324907358736
0.00023770119878463447
0.012127557769417763
0.001132151111960411
0.003429278265684843
0.02695019170641899
0.009614842012524605
0.0003656101762317121
0.03272602707147598
0.0010722370352596045
0.004416986834257841
0.024215184152126312
0.0005828007124364376
0.0026801128406077623
0.007185530848801136
0.0007470096461474895
0.0008891958277672529
0.02539828047156334
0.000114655755169224
0.0006518507143482566
0.010416151955723763
0.0008689739624969661
0.0007921530632302165
0.0019028601236641407
0.005856035277247429
0.0006301278481259942
0.018156317993998528
0.012049808166921139
0.011562744155526161
0.01491604745388031
0.015444856137037277
0.0009060773300006986
0.0005077284877188504
0.00041242290171794593
0.0010433788411319256
0.0002327914407942444
0.046975620090961456
0.008081457577645779
0.001318461843766272
0.020943261682987213
0.034384556114673615
0.0005888558807782829
0.022764917463064194
0.0003364347794558853
0.013698249123990536
0.01497738342732191
0.006076804827898741
0.021812353283166885
0.037264492362737656
0.02976485714316368
0.0008429947774857283
0.0014614624669775367
0.0009011038928292692
0.0007251059869304299
0.0005319395568221807
2.0503541236394085e-05
0.0005053359782323241
0.01546330377459526
0.0008086857851594687
0.0004997417563572526
0.01788010634481907
0.0008322816574946046
0.006975725293159485
0.013699156232178211
0.0007380158640444279
0.0004913042648695409
0.0008406616980209947
0.0005117508117109537
0.012125836685299873
0.0032559428364038467
0.0003543580533005297
0.022607583552598953
0.021795736625790596
0.0010680744890123606
0.01221973355859518
0.00038142752600833774
0.009125865995883942
0.0005023147678002715
0.020847950130701065
0.030221831053495407
0.0006976069416850805
0.0023935979697853327
0.001627315883524716
0.0006545014912262559
0.007768962997943163
0.0005058739334344864
0.00018774339696392417
0.02541317790746689
0.0007209249306470156
0.014060383662581444
0.0007493210723623633
0.014454934746026993
0.010132377967238426
0.0015094031114131212
0.011775574646890163
0.001100656227208674
0.0047392696142196655
0.0001144257330452092
0.009753183461725712
0.12238787859678268
0.0006795936496928334
0.02089127153158188
0.0005396120832301676
0.028338007628917694
0.03583154082298279
0.00754712475463748
0.0015612182905897498
0.0009954151464626193
0.0019208693411201239
0.0014615401159971952
0.001165516208857298
0.01714731939136982
0.0003401791618671268
0.01949862577021122
0.01470249891281128
0.010287590324878693
0.0007583890692330897
0.0011561247520148754
0.004233534447848797
0.010307207703590393
0.0006773178465664387
0.000455848581623286
0.00045306707033887506
0.01851041242480278
0.010513121262192726
0.0006017003324814141
0.015521855093538761
0.0015885899774730206
0.00037147366674616933
0.004837261512875557
0.017491452395915985
0.00026761743356473744
0.0016530570574104786
0.011763958260416985
0.004571033176034689
0.000783664989285171
0.0007546760607510805
0.00039803102845326066
0.00022440921748057008
0.017137661576271057
0.009803177788853645
0.0002242113114334643
0.0016885020304471254
0.008459226228296757
0.0006907006027176976
0.02161214128136635
0.002313337754458189
0.00027712463634088635
0.012409101240336895
0.0002905130386352539
0.0060627032071352005
0.0012169890105724335
0.04034435749053955
0.009677417576313019
0.025854647159576416
0.006111049093306065
0.0006408876506611705
0.012399863451719284
0.013896124437451363
0.002412443282082677
0.0468386635184288
0.00028297113021835685
0.0033450881019234657
0.03345862403512001
0.020131511613726616
0.023452650755643845
0.035295519977808
0.02945828251540661
0.00031642039539292455
0.027799883857369423
0.007943803444504738
0.0010356528218835592
0.030923038721084595
0.012684313580393791
0.03404258191585541
0.0004948241403326392
0.01081637293100357
0.007036901079118252
0.015636177733540535
0.021327000111341476
0.012706901878118515
0.04279889166355133
0.01380614098161459
0.025165582075715065
0.011326202191412449
0.0020576603710651398
0.00036747887497767806
0.006937369704246521
0.0014267032966017723
0.02847760170698166
0.0014305774820968509
0.010766873136162758
0.004137560725212097
0.00044349191011860967
0.00578208826482296
0.014298987574875355
0.0006394085939973593
0.00675050588324666
0.006185055244714022
0.0003462173044681549
0.0006356355152092874
0.00017100323748309165
0.012946244329214096
0.03377894312143326
0.00030017015524208546
0.0008021969115361571
0.01908329501748085
0.0006090454990044236
0.0005081689450889826
0.001002630451694131
0.005798183381557465
0.0020027165301144123
0.01225086860358715
0.0009301778627559543
0.007067852187901735
0.010688647627830505
0.023375537246465683
0.04442188888788223
0.0007490931893698871
0.00011246533540543169
0.00014715699944645166
0.0009699063375592232
0.0027595562860369682
0.0003085013013333082
0.0010756943374872208
0.0002785866381600499
0.0004833739367313683
0.0004789486119989306
0.0004210724146105349
0.03200162202119827
0.0009901311714202166
0.02059827744960785
0.0007179909734986722
0.013252470642328262
0.001120374770835042
0.0002805311814881861
0.015484984964132309
0.001452105469070375
0.0009402004070580006
0.05762440711259842
0.01188676618039608
0.016025498509407043
0.00046734075294807553
0.0005621988093480468
0.004448712337762117
0.0010443561477586627
0.04136471077799797
0.0019290357595309615
0.00190140085760504
0.000513807637616992
0.01172622200101614
0.0005986354663036764
0.0020871409215033054
0.0002703574427869171
0.0028593260794878006
0.01731055974960327
0.009671390987932682
0.021999463438987732
0.005278401076793671
0.0003281608805991709
0.022134874016046524
0.0009179878979921341
0.00015062499733176082
0.008664027787744999
0.02654341608285904
0.00028406205819919705
0.015257218852639198
0.0004559928784146905
0.0188909824937582
0.004566038027405739
0.005310785956680775
0.007256186101585627
0.0005228125955909491
0.0006952498806640506
0.035655368119478226
0.001651114085689187
0.04810153692960739
0.002410339657217264
0.0004368531808722764
0.0003377859538886696
0.01862902194261551
0.0012991206021979451
0.005382816307246685
0.008910693228244781
0.0023318056482821703
0.0012507785577327013
0.025063171982765198
0.0005920814001001418
0.002710003638640046
0.014313825406134129
0.000417365285102278
0.00021998866577632725
0.015052089467644691
0.007791705429553986
0.02129104733467102
0.00020153116201981902
0.011020462960004807
0.021835606545209885
0.0016085519455373287
0.00035758846206590533
0.000612052099313587
0.020866716280579567
0.002205905504524708
0.05487791448831558
0.006935460958629847
0.010513849556446075
0.016382483765482903
0.08356059342622757
0.0006753740599378943
0.0005113865481689572
0.013548525050282478
0.019555436447262764
0.0038042666856199503
0.012381134554743767
0.001497701508924365
0.004618696868419647
0.018721286207437515
0.007519234903156757
0.020575186237692833
0.01268989872187376
0.007552720606327057
0.014212306588888168
0.016795776784420013
0.0028383831959217787
0.0006473526591435075
0.0022329457569867373
0.00012094515841454268
9.589737601345405e-05
0.009464714676141739
0.026560861617326736
0.000442563061369583
0.0001847960811574012
0.0005952368956059217
0.0031759878620505333
0.0012492339592427015
0.00032991758780553937
0.0006619751802645624
0.0005347873084247112
0.0010103974491357803
0.0006836194079369307
0.015535040758550167
0.019133850932121277
0.007906293496489525
0.00036541049485094845
0.018990859389305115
0.012741667218506336
0.004523300565779209
0.018728740513324738
0.01281894650310278
0.00038123608101159334
0.035597193986177444
0.0015628014225512743
0.00027778869844041765
0.001107176300138235
0.008584950119256973
3.83861297450494e-05
0.019049830734729767
0.00032509438460692763
0.00021177393500693142
0.015414847992360592
6.246485281735659e-05
0.007145121693611145
0.0009498648578301072
0.0019594496116042137
0.0006797718815505505
0.0016452231211587787
0.0015060906298458576
0.01084374263882637
0.00633290084078908
0.0173783041536808
0.0005821534432470798
0.0002824371331371367
6.510079401778057e-05
0.011689060367643833
0.00045428125304169953
0.0008060563122853637
0.0009706782875582576
0.00027273548766970634
0.011479808017611504
0.0010802154429256916
0.0008804128738120198
0.04858514294028282
0.0003978977329097688
0.002084246836602688
0.00042382636456750333
0.0009942762553691864
0.011547112837433815
0.0004988253931514919
0.0012116299476474524
0.04568548873066902
0.0011001763632521033
0.0013240063562989235
0.00028593753813765943
0.0006546580698341131
0.0002665300853550434
0.00039200379978865385
0.0091451620683074
0.01689114049077034
0.0009739298839122057
0.012548609636723995
0.000945393810980022
0.00496741384267807
0.0005932915373705328
0.0005399931105785072
0.02303195744752884
0.0007545093540102243
0.0013054426526650786
0.0006636914913542569
0.0005738397594541311
0.0020205117762088776
0.0008308485266752541
0.0003497368306852877
0.01850951462984085
0.0008172011584974825
0.011362751945853233
0.011709186248481274
0.0006734099588356912
0.00423777662217617
0.0007610308239236474
0.0013995401095598936
0.02002537064254284
0.012269711121916771
0.0003826429892797023
0.0008917882805690169
0.013188159093260765
0.000868734554387629
0.0014541607815772295
0.00048252553096972406
0.0015252642333507538
0.0011759038316085935
0.0009136365260928869
0.00048176158452406526
0.015964271500706673
0.010792933404445648
0.014813401736319065
0.0004865345836151391
0.00023817236069589853
0.0005655788700096309
0.0007980955997481942
0.006510215811431408
0.015029780566692352
0.00032527203438803554
9.207924449583516e-05
8.312085992656648e-05
0.016328873112797737
0.00023370111011900008
0.020001400262117386
0.00045260111801326275
0.014000548049807549
0.00036214786814525723
0.0006925107445567846
0.0014728797832503915
0.003173155477270484
0.00908390898257494
0.0006202156073413789
0.00018176395678892732
0.0007099905051290989
0.00020605724421329796
0.018508147448301315
0.0125151127576828
0.01564466580748558
0.000377750227926299
0.0005455630598589778
0.015311319380998611
0.024358533322811127
0.0005955786327831447
0.0012001831782981753
0.001189786707982421
0.017986847087740898
0.046433281153440475
0.004352780524641275
0.00012169981346232817
0.06225929781794548
0.015682678669691086
0.0006460363510996103
0.0003967055235989392
0.0001322384923696518
0.0050120046362280846
0.0009211894357576966
0.00018447148613631725
0.0011908137239515781
0.011218556202948093
0.002888075541704893
0.003159814979881048
0.025235921144485474
0.00039234524592757225
0.00028289807960391045
0.00023443758254870772
0.02681305631995201
0.0008378830971196294
0.0008707218803465366
0.005949010141193867
0.023587848991155624
0.015625037252902985
0.026803553104400635
0.000372335925931111
0.01430273987352848
0.014485549181699753
0.01328478753566742
0.010431620292365551
0.001464777160435915
0.00040137767791748047
0.021559227257966995
0.0005610196967609227
0.0007659022812731564
0.002263423055410385
0.021425725892186165
0.022975383326411247
0.00295396544970572
0.015790622681379318
0.012966646812856197
0.00012291697203181684
0.01229248009622097
0.001143301953561604
0.01568968966603279
0.0012321408139541745
0.0034910673275589943
0.0015625156229361892
0.0006410317728295922
0.02656470611691475
0.0011075085494667292
0.0003642180236056447
0.00022485735826194286
0.022319771349430084
0.021316461265087128
0.013904554769396782
0.007980621419847012
0.012968269176781178
0.0002497928508091718
0.03934669867157936
0.00027965474873781204
0.0015102101024240255
0.009219659492373466
0.017769547179341316
0.013269603252410889
0.01564493216574192
0.057710200548172
0.027791431173682213
0.0016446178779006004
0.01839369162917137
0.023379191756248474
0.021849092096090317
0.021507740020751953
0.0012056444538757205
0.005350183695554733
0.00035023712553083897
0.00010864294017665088
0.01658160798251629
0.020204585045576096
0.003448118921369314
0.0003021071897819638
0.0007801719475537539
0.015426907688379288
0.0006633045268245041
0.00044664059532806277
0.00015334005001932383
0.007610335946083069
0.0010645799338817596
0.010937761515378952
0.0016048350371420383
0.015854768455028534
0.021569419652223587
0.0014469098532572389
0.0006743949488736689
0.026253828778862953
0.019138619303703308
0.001235029543749988
0.0009779409738257527
0.016826389357447624
0.0004849658580496907
0.015448886901140213
0.0011891186004504561
0.0006730922032147646
0.0009524280903860927
0.007040577940642834
0.0010808984516188502
0.011302955448627472
0.012038941495120525
0.001634824788197875
0.00047658104449510574
0.015843644738197327
0.022935688495635986
0.0006539899623021483
0.00021099450532346964
0.00035486777778714895
0.0006679380312561989
0.007275847718119621
0.01640394888818264
0.035258371382951736
0.01918933354318142
0.00031509078689850867
0.004481695592403412
0.0009751359466463327
0.014925489202141762
0.023786019533872604
0.01879305951297283
0.009591961279511452
0.0070815496146678925
0.0013251873897388577
0.00030354736372828484
0.000245099508902058
0.015589810907840729
0.0005256357253529131
0.013608992099761963
0.0009835247183218598
0.02516830526292324
0.001062949886545539
0.0004459863412193954
0.020904701203107834
0.00472191721200943
0.00036837486550211906
0.0010413299314677715
0.006906799040734768
0.0006174650625325739
0.0008434461196884513
0.023140165954828262
0.00025757175171747804
0.0027044247835874557
0.006304474547505379
0.0005909492028877139
0.00469651073217392
0.01151299849152565
0.0017329936381429434
3.726572685991414e-05
0.018580567091703415
0.02302880957722664
6.021097942721099e-05
0.0008933772332966328
0.0005966703174635768
0.0021894199308007956
0.00032381946220993996
0.00011120088311145082
0.014328816905617714
0.02946087345480919
0.04270203411579132
0.001137184677645564
0.0009985317010432482
0.0019176302012056112
0.011813225224614143
0.00028523209039121866
0.00019564543617889285
0.03573320806026459
0.0004821567563340068
0.009992597624659538
0.0008002265822142363
0.00011682685726555064
0.0011006311979144812
0.013581329956650734
0.005602497607469559
0.0009723707335069776
0.030613813549280167
0.014936725609004498
0.013948982581496239
0.00023572557256557047
0.0001222781284013763
0.00050753029063344
0.0021548201330006123
0.012069725431501865
0.0008562621660530567
0.014185845851898193
0.01693672314286232
0.00015594324213452637
0.0005275611183606088
0.011096270754933357
0.0004262260627001524
0.0004458216717466712
0.008741693571209908
0.0009225234389305115
0.0013379580341279507
0.0002606930211186409
0.0006445398321375251
