0.045326538383960724
0.044080961495637894
0.02156142331659794
0.03728124499320984
0.03513829782605171
0.0284867025911808
0.03781487047672272
0.02899700589478016
0.026270635426044464
0.07174204289913177
0.02168741077184677
0.04352947324514389
0.036199379712343216
0.03336525335907936
0.03768898546695709
0.021924680098891258
0.025299377739429474
0.04160415753722191
0.06449543684720993
0.030198145657777786
0.028547989204525948
0.02473175711929798
0.04062617942690849
0.03182477131485939
0.041464727371931076
0.06590543687343597
0.04657309874892235
0.02966701239347458
0.04026906564831734
0.038631197065114975
0.03766103833913803
0.0382707305252552
0.08636043220758438
0.03152456507086754
0.026375247165560722
0.026881074532866478
0.03382187709212303
0.1527930349111557
0.020268280059099197
0.03892841935157776
0.025606341660022736
0.02494475059211254
0.04494795203208923
0.041043706238269806
0.035671401768922806
0.038713160902261734
0.028862785547971725
0.0370115227997303
0.04470435529947281
0.026309100911021233
0.03631042689085007
0.03111772984266281
0.07783893495798111
0.05322177708148956
0.025555644184350967
0.03520772606134415
0.026824526488780975
0.0361861027777195
0.040494076907634735
0.021478230133652687
0.04202118515968323
0.02434934861958027
0.032693199813365936
0.03406551852822304
0.035796526819467545
0.013642463833093643
0.023831043392419815
0.010696318000555038
0.9743017554283142
0.021977562457323074
0.019555581733584404
0.023452475666999817
0.049140993505716324
0.08151477575302124
0.02629612758755684
0.022476647049188614
0.02521604299545288
0.03533323481678963
0.032378893345594406
0.01805085316300392
0.08459407091140747
0.0210627019405365
0.020112507045269012
0.030677294358611107
0.01651136390864849
0.48868128657341003
0.0603010430932045
1.803648829460144
0.018457088619470596
0.4637373685836792
0.014952191151678562
0.07638416439294815
0.028194205835461617
0.09142380207777023
0.02055099792778492
0.021891919896006584
0.015138151124119759
0.037572287023067474
0.02287398837506771
0.013773190788924694
0.025906559079885483
0.14283093810081482
0.08624807000160217
0.017512129619717598
0.03618260473012924
0.025233356282114983
1.7997126579284668
0.23916305601596832
0.02187458984553814
0.06344374269247055
0.04789458215236664
0.038829851895570755
0.028033727779984474
0.024257265031337738
0.036409374326467514
0.014922091737389565
0.029796795919537544
0.020831136032938957
0.02658294141292572
0.01469575334340334
0.038213666528463364
0.15696412324905396
0.03666721284389496
0.02323780208826065
0.035123489797115326
0.01594567857682705
0.01984291896224022
0.030258186161518097
0.06744330376386642
0.058692775666713715
0.06256053596735
0.051760971546173096
0.04813336953520775
0.03575114533305168
0.056560955941677094
0.025744430720806122
0.04768327996134758
0.11076606065034866
0.06311309337615967
0.04390701651573181
0.03903718665242195
0.04372813552618027
0.03464123606681824
0.059417903423309326
0.03637442737817764
0.0934702605009079
0.02921932376921177
0.09813713282346725
0.049477070569992065
0.0399431511759758
0.08470392227172852
0.04814253747463226
0.28386786580085754
0.025590067729353905
0.05449917912483215
0.05106797069311142
0.04332753270864487
0.038934770971536636
0.03637194260954857
0.0424937978386879
0.03126193583011627
0.07244548201560974
0.05440470576286316
0.03602219372987747
0.042768269777297974
0.04335196316242218
0.04531671106815338
0.06186718866229057
0.023395460098981857
0.10264967381954193
0.09231209754943848
0.042994532734155655
0.04708024486899376
0.043433018028736115
0.028582029044628143
0.03358657658100128
0.03356834501028061
0.08489608764648438
0.02785113826394081
0.08482649177312851
0.048149921000003815
0.03823217749595642
0.027547402307391167
0.03860253095626831
0.07733572274446487
0.08555522561073303
0.024436740204691887
0.06992660462856293
0.04953734576702118
0.03049176186323166
0.050457872450351715
0.029168708249926567
0.027282312512397766
0.01895172894001007
0.03709905222058296
0.02070416323840618
0.02415168285369873
0.028939763084053993
0.021386191248893738
0.04414600133895874
0.14578036963939667
0.0333239883184433
0.02800494059920311
0.027014290913939476
0.04621380195021629
0.031783491373062134
0.054466016590595245
0.03780386224389076
0.015863953158259392
0.025541458278894424
0.05225531756877899
0.017984315752983093
0.052247412502765656
0.01583491824567318
0.026545878499746323
0.03314683958888054
0.02915017493069172
0.10220132768154144
0.018876072019338608
0.046517059206962585
0.02431085705757141
0.026072528213262558
0.022723108530044556
0.09828111529350281
0.029257621616125107
0.15155361592769623
0.06023479998111725
0.023127609863877296
0.0596194863319397
0.03430594503879547
0.09365200251340866
0.05601026862859726
0.02836797386407852
0.027635186910629272
0.02696549892425537
0.020798848941922188
0.05897730961441994
0.03501313924789429
0.03857414051890373
0.06076202169060707
0.028045369312167168
0.1861974000930786
0.03212730213999748
0.05209071561694145
0.0992560088634491
0.023939920589327812
0.06816704571247101
0.08717823028564453
0.019837062805891037
0.02836255170404911
0.06711980700492859
0.019268479198217392
0.0294649600982666
0.02795334719121456
0.022084368392825127
0.027006834745407104
0.016774877905845642
0.029223889112472534
0.014125649817287922
0.08890672028064728
0.01075180247426033
0.018064413219690323
0.015651900321245193
0.020051805302500725
0.016190465539693832
0.021003270521759987
0.06826894730329514
0.014072364196181297
0.03489818423986435
0.05516064912080765
0.056636590510606766
0.011763516813516617
0.015470174141228199
0.03460465371608734
0.024528436362743378
0.06870660185813904
0.021174093708395958
0.04646055027842522
0.039652019739151
0.06262079626321793
0.03997012600302696
0.025006912648677826
0.038156963884830475
0.013725340366363525
0.06771504133939743
0.018783580511808395
0.018109850585460663
0.014209569431841373
0.014141986146569252
0.016323911026120186
0.01481385063380003
0.0470476895570755
0.0316312238574028
0.016240213066339493
0.021911820396780968
0.008908366784453392
0.008112995885312557
0.020319895818829536
0.013647163286805153
0.013497532345354557
0.021662607789039612
0.028868231922388077
0.01213248260319233
0.019671577960252762
0.025520164519548416
0.017958810552954674
0.011315064504742622
0.014118971303105354
0.15616914629936218
0.012176084332168102
0.03730584681034088
0.015667876228690147
0.040490563958883286
0.024765094742178917
0.02008880488574505
0.012123980559408665
0.025029052048921585
0.06749746203422546
0.01483098417520523
0.010263013653457165
0.025736389681696892
0.02302638441324234
0.03431015834212303
0.03701797500252724
0.04500449448823929
0.059275928884744644
0.0993538647890091
0.02133745700120926
0.017293768003582954
0.034911539405584335
0.0700731873512268
0.031386565417051315
0.01798129826784134
0.056415360420942307
0.046426136046648026
0.050304289907217026
0.01691908948123455
0.022667933255434036
0.024612929672002792
0.026121795177459717
0.028183385729789734
0.02009708806872368
0.03208002820611
0.06013811007142067
0.033829864114522934
0.029093218967318535
0.023258782923221588
0.01870649866759777
0.029150040820240974
0.018633844330906868
0.016637854278087616
0.1453254073858261
0.020748937502503395
0.01810450106859207
0.013814771547913551
0.025767702609300613
0.10757224261760712
0.0286267027258873
0.15780486166477203
0.03641651198267937
0.02380736917257309
0.022382203489542007
0.039599016308784485
0.09873265773057938
0.03411101922392845
0.022737594321370125
0.079926036298275
0.01844857633113861
0.02110610157251358
0.05754668638110161
0.08014442771673203
0.04399745538830757
0.039457984268665314
0.038461025804281235
0.023211702704429626
0.013331211172044277
0.014548356644809246
0.031012743711471558
0.020731957629323006
0.030815547332167625
0.025897717103362083
0.051216091960668564
0.01778285950422287
0.017309002578258514
0.030798157677054405
0.03179562836885452
0.057135000824928284
0.030587943270802498
0.04137444868683815
0.0337764173746109
0.03509397804737091
0.06748413294553757
0.03833259269595146
0.03305724263191223
0.04473361372947693
0.03375238552689552
0.05211745947599411
0.02895783632993698
0.07748791575431824
0.028870541602373123
0.02958044223487377
0.033491019159555435
0.027899691835045815
0.03586021810770035
0.030763335525989532
0.028886698186397552
0.054204944521188736
0.08138696849346161
0.0352063849568367
0.05261068418622017
0.06733034551143646
0.06483754515647888
0.05453938990831375
0.07354418188333511
0.04845894128084183
0.07444523274898529
0.03727821633219719
0.029673032462596893
0.03693908452987671
0.049429889768362045
0.034850817173719406
0.04026024043560028
0.06499210000038147
0.056216150522232056
0.10952829569578171
0.029407985508441925
0.02673312835395336
0.03027442656457424
0.04021230340003967
0.03141067177057266
0.03341227024793625
0.038365479558706284
0.03967847302556038
0.0526435412466526
0.030040206387639046
0.02974068745970726
0.02907940372824669
0.03880908712744713
0.04768314212560654
0.03165244311094284
0.03089483641088009
0.022932948544621468
0.022044038400053978
0.028684712946414948
0.03304881602525711
0.02740897424519062
0.04562393203377724
0.021340981125831604
0.07871164381504059
0.08041435480117798
0.05053381249308586
0.06886814534664154
0.09452392160892487
0.08664891123771667
0.060232505202293396
0.07095599174499512
0.048139750957489014
0.09276427328586578
0.052680112421512604
0.04554338753223419
0.06547044217586517
0.04498431459069252
0.09831248223781586
0.07683449238538742
0.048891715705394745
0.11512929201126099
0.07451432943344116
0.03299202024936676
0.04771430790424347
0.0724022388458252
0.05493058264255524
0.04321860522031784
0.04384998977184296
0.03991436958312988
0.07562054693698883
0.06223004683852196
0.03528222069144249
0.029448704794049263
0.09150313585996628
0.11381316184997559
0.07204414159059525
0.09116976708173752
0.03624890744686127
0.05050177127122879
0.05863477289676666
0.07404054701328278
0.07230105996131897
0.10179665684700012
0.05175168067216873
0.06252799928188324
0.08675949275493622
0.05588855594396591
0.10840243101119995
0.052690986543893814
0.09039042145013809
0.05353467911481857
0.05976796895265579
0.04681606590747833
0.047232575714588165
0.06233201548457146
0.07180895656347275
0.13384318351745605
0.0420953668653965
0.07005660980939865
0.1314481794834137
0.12682752311229706
0.12839554250240326
0.06611233204603195
0.054525189101696014
0.28036588430404663
0.05294164642691612
0.06148349121212959
0.013459931127727032
0.04434957727789879
0.014774614945054054
0.026258569210767746
0.012445968575775623
0.01900116540491581
0.01083969883620739
0.012691879644989967
0.021063251420855522
0.0163022018969059
0.019532347097992897
0.029766282066702843
0.014214095659554005
0.04861201345920563
0.05110466852784157
0.017168743535876274
0.022853318601846695
0.15388457477092743
0.023396650329232216
0.03302570432424545
0.06330160796642303
0.04887262359261513
0.019049376249313354
0.010388417169451714
0.016016405075788498
0.02918628603219986
0.051274094730615616
0.031195230782032013
0.013225517235696316
0.011996110901236534
0.015884200111031532
0.01593095064163208
0.019855214282870293
0.045589618384838104
0.043096717447042465
0.010101059451699257
0.015088299289345741
0.11184193938970566
0.07197999209165573
0.015624337829649448
0.02016526646912098
0.013714944012463093
0.014682675711810589
0.013428401201963425
0.014401616528630257
0.04134279862046242
0.023164186626672745
0.030347302556037903
0.021894576027989388
0.012656454928219318
0.012363987043499947
0.050455473363399506
0.061194248497486115
0.019436240196228027
0.02067447081208229
0.04005606099963188
0.02984263189136982
0.012080296874046326
0.024105966091156006
0.03246993198990822
0.0158332958817482
0.015451624989509583
0.010942762717604637
0.037940360605716705
0.033065278083086014
0.027917426079511642
0.02564140595495701
0.06143989413976669
0.038603074848651886
0.05375945568084717
0.03310511261224747
0.0387149341404438
0.029585525393486023
0.036957528442144394
0.02869740128517151
0.02540929988026619
0.04510203003883362
0.03329603374004364
0.019497007131576538
0.033343661576509476
0.02244791015982628
0.02703751251101494
0.03858310729265213
0.02218763716518879
0.03856569156050682
0.040185630321502686
0.022294675931334496
0.07568279653787613
0.070867620408535
0.031053384765982628
0.0473175011575222
0.02422557771205902
0.027068234980106354
0.04690193012356758
0.02979302778840065
0.03248271346092224
0.03660435229539871
0.03823887184262276
0.031198790296912193
0.054868727922439575
0.02557622641324997
0.032759495079517365
0.035269204527139664
0.030758757144212723
0.03451525419950485
0.024812711402773857
0.03861186280846596
0.01912195049226284
0.025728408247232437
0.030902836471796036
0.047917239367961884
0.032188620418310165
0.06670732796192169
0.02806314453482628
0.05615117773413658
0.05162528529763222
0.03318794444203377
0.03756548464298248
0.0265384279191494
0.030901599675416946
0.02758013643324375
0.039880841970443726
0.046491023153066635
0.040211159735918045
0.034278709441423416
0.025773093104362488
0.031246846541762352
0.019855916500091553
0.007895756512880325
0.01135367713868618
0.019481241703033447
0.015316672623157501
0.021101240068674088
0.014603870920836926
0.013450544327497482
0.027984658256173134
0.00911689642816782
0.008468066342175007
0.016997873783111572
0.01073439046740532
0.014273416250944138
0.04087965190410614
0.01547280978411436
0.08571687340736389
0.019958892837166786
0.011130060069262981
0.04222520813345909
0.012879781424999237
0.01801123097538948
0.021125897765159607
0.011432603932917118
0.017431624233722687
0.00862005166709423
0.01341223157942295
0.011906127445399761
0.1728355884552002
0.015389948152005672
0.013169671408832073
0.03305838257074356
0.01855568028986454
0.03484334796667099
0.026042506098747253
0.01075039803981781
0.006150573492050171
0.011390727944672108
0.019998228177428246
0.01027628593146801
0.010632210411131382
0.013608955778181553
0.07897786051034927
0.021315360441803932
0.04064508527517319
0.027123380452394485
0.013318127952516079
0.011978302150964737
0.024603910744190216
0.015124532394111156
0.046868931502103806
0.03509407490491867
0.04540202394127846
0.00907188467681408
0.11920692026615143
0.017540711909532547
0.022494543343782425
0.04008827731013298
0.013348259963095188
0.02141381800174713
0.012093745172023773
0.016547396779060364
0.013168368488550186
0.014982135035097599
0.01986631006002426
0.022027093917131424
0.09258067607879639
0.01950947754085064
0.021631645038723946
0.0271807461977005
0.03241201117634773
0.029306141659617424
0.014325962401926517
0.06464533507823944
0.03633245825767517
0.020703621208667755
0.1018059104681015
0.026031561195850372
0.03335270285606384
0.11821828037500381
0.07793237268924713
0.048628002405166626
0.02467617392539978
0.02198917418718338
0.022746164351701736
0.050240304321050644
0.025838114321231842
0.11254167556762695
0.045383013784885406
0.11079233884811401
0.07031816244125366
0.01544833742082119
0.017710544168949127
0.2724417448043823
0.011939835734665394
0.027171418070793152
0.022964827716350555
0.03000802733004093
0.0971272885799408
0.012391633354127407
0.03195103630423546
0.018552517518401146
0.04973975196480751
0.040608055889606476
0.01389124896377325
0.01666073128581047
0.057340871542692184
0.023406891152262688
0.04676103591918945
0.04920775443315506
0.06214100122451782
0.012400029227137566
0.015376901254057884
0.05821152776479721
0.026608798652887344
0.04452953115105629
0.022289758548140526
0.01773725636303425
0.025581568479537964
0.029099756851792336
0.08725301176309586
0.03122873231768608
0.06274211406707764
0.02153078466653824
0.035888005048036575
0.10558366030454636
0.026061123237013817
0.10752055794000626
0.027406247332692146
