0.006409307476133108
0.0014035336207598448
0.10850606113672256
0.00013846030924469233
0.00037040686584077775
2.388108623563312e-05
8.553794032195583e-06
0.00012018746929243207
0.25700467824935913
0.033732328563928604
0.047251682728528976
0.008865423500537872
0.0002702101191971451
0.0690980926156044
0.008154237642884254
1.1474952697753906
0.00021277563064359128
0.00017894439224619418
0.012485321611166
0.00023148230684455484
0.0313875637948513
4.127201464143582e-05
0.00016555350157432258
0.00026144750881940126
0.02576354891061783
0.00011749763507395983
0.01436106488108635
0.00011109819024568424
8.166035695467144e-05
0.06531692296266556
2.2266134692472406e-05
2.9793531211907975e-05
0.8069871068000793
7.362775795627385e-05
0.00030447921017184854
9.406601748196408e-05
0.02344326674938202
0.004496950656175613
0.03246738016605377
5.2548439271049574e-05
0.00011604184692259878
0.010962221771478653
0.000224083531065844
0.020323695614933968
0.26688042283058167
9.095150016946718e-05
0.2212972790002823
0.0005376340122893453
9.075338311959058e-05
0.00013238456449471414
5.1818664360325783e-05
9.618153853807598e-05
0.01799701526761055
4.8500984121346846e-05
0.019835783168673515
0.017568454146385193
5.4759606427978724e-05
0.007590205874294043
3.231783921364695e-05
0.0009826339082792401
6.844563904451206e-05
4.7576570068486035e-05
0.008276006206870079
0.015482980757951736
0.00012779331882484257
0.0016013201093301177
0.08226189017295837
0.0001834039721870795
0.17548657953739166
0.00017397032934240997
6.19193451711908e-05
0.2105858325958252
0.00011589521454880014
8.141635044012219e-05
0.1424671709537506
0.044648122042417526
0.00017348580877296627
0.018323682248592377
0.019213855266571045
8.149613131536171e-05
0.20783525705337524
0.00017833136371336877
6.0036516515538096e-05
0.002646369393914938
0.20127461850643158
0.009702971205115318
0.00010736571130109951
0.2651456594467163
5.5591892305528745e-05
0.00013801161549054086
0.0001747625501593575
0.007056213449686766
2.25780295295408e-05
0.027797313407063484
0.21928450465202332
0.0002061380655504763
0.00019648083252832294
4.945477485307492e-05
0.00015599076868966222
0.25441622734069824
0.010856367647647858
0.0003237627970520407
0.0005122016300447285
0.014084931463003159
0.0014267164515331388
0.030275491997599602
0.014620753936469555
0.015236210078001022
6.002990994602442e-05
0.0010671246564015746
0.02154654636979103
7.663529686396942e-05
0.01605226658284664
0.31397953629493713
0.010979634709656239
0.06263411045074463
0.007098576985299587
0.009173214435577393
0.005236745346337557
0.00012094285921193659
0.18987075984477997
0.2249576449394226
0.09189893305301666
0.02063768170773983
0.48801523447036743
9.415054955752566e-05
0.019197609275579453
0.00013965646212454885
3.8011392462067306e-05
0.0003020396106876433
0.0001997834478970617
0.0018365787109360099
0.0013936840696260333
2.5891429686453193e-05
0.0006816061213612556
0.0002909510803874582
0.00016547692939639091
0.0003410561475902796
0.0001270031789317727
4.4595773943001404e-05
0.3525136709213257
0.0032808566465973854
0.029469206929206848
6.954117998247966e-05
0.00013425985525827855
9.604752267478034e-05
0.012402358464896679
0.00020318961469456553
0.00016977790801320225
9.142758790403605e-05
0.20864248275756836
0.004373972304165363
9.756265353644267e-05
0.00012576932203955948
9.849462367128581e-05
0.0019426317885518074
0.0013968407874926925
0.0001111636811401695
0.00019192603940609843
0.0007745414040982723
0.00017914519412443042
0.006139188539236784
5.943278665654361e-06
0.2625263035297394
5.336922549759038e-05
0.0001706300681689754
0.015894688665866852
0.00012219777272548527
0.01743476092815399
0.00024474109522998333
3.888245191774331e-05
0.0001456944301025942
0.0001936874323291704
0.00013101879449095577
0.0043523251079022884
8.684427302796394e-05
0.0003420588036533445
3.132635356450919e-06
0.0017535159131512046
0.02512414939701557
0.0012476204428821802
0.24563755095005035
0.0024119834415614605
3.30435941577889e-05
0.006759409327059984
0.049145348370075226
0.00012782048725057393
5.814934047521092e-05
0.0019040338229387999
5.3020103223389015e-05
0.012636546045541763
4.7517089114990085e-05
0.1620721071958542
0.0010992258321493864
9.460962610319257e-05
1.5741305105620995e-05
0.0001680435088928789
0.00016392047109548002
0.03713574633002281
3.381440183147788e-05
0.0014437028439715505
0.007166388910263777
0.027162346988916397
0.013233707286417484
0.007729286327958107
0.00015333703777287155
7.514165190514177e-05
2.497089735697955e-05
9.588600369170308e-05
2.7298552595311776e-05
0.0008404143154621124
0.008348600938916206
0.0011374929454177618
0.02111757919192314
7.61948322178796e-05
0.10183622688055038
8.230923413066193e-05
0.00022785179316997528
7.54567445255816e-05
0.006427185609936714
6.288416625466198e-05
0.0021126142237335443
0.2204035222530365
0.0052337562665343285
0.0001823908678488806
0.001591328764334321
7.171023753471673e-05
0.00020778919861186296
1.0698058758862317e-05
0.23726919293403625
0.021098589524626732
0.00043851937516592443
0.15323171019554138
1.7292290067416616e-05
6.564900832017884e-05
0.00021239384659565985
0.10052942484617233
0.00019173069449607283
0.00012090361269656569
0.002219117246568203
0.24821816384792328
0.2784060835838318
7.591615576529875e-05
8.543272269889712e-05
0.022145826369524002
0.0002333257725695148
0.00047926834668032825
4.193780478090048e-05
0.024558817967772484
0.00010498081974219531
0.0001471225987188518
3.427817500778474e-05
7.870779518270865e-05
0.0015186481177806854
0.08059301227331161
4.544144030660391e-05
0.1996682733297348
2.5669265596661717e-05
4.5054126530885696e-05
0.1461332142353058
0.0002753024746198207
0.20611217617988586
3.553849819581956e-05
0.0011433768086135387
0.28192490339279175
0.018583504483103752
0.00039511692011728883
0.00022902622004039586
8.387081470573321e-05
0.22780145704746246
9.5169831183739e-05
9.352606866741553e-05
8.038055966608226e-05
0.10447874665260315
0.00014620069123338908
0.009851112961769104
0.00030518119456246495
-7.172023970269947e-07
0.03339700400829315
0.00016770408547017723
0.007407584227621555
0.02489999681711197
3.700355227920227e-05
0.1125091165304184
0.00023485530982725322
0.0041595203801989555
0.020156946033239365
0.23595421016216278
7.10724270902574e-05
0.005224018357694149
0.016817163676023483
3.762372944038361e-05
0.00030492962105199695
0.0002692796115297824
0.0002619372680783272
0.036861538887023926
0.00013560276420321316
0.005991877522319555
0.009684775955975056
0.00604972755536437
0.20473062992095947
0.0005769275594502687
0.017627540975809097
0.0038667365442961454
0.016326749697327614
0.0002588103525340557
0.005285977385938168
0.06802321970462799
0.025983169674873352
0.00020473822951316833
0.0004215370281599462
0.007082108873873949
0.012068289332091808
0.0009196016471832991
4.16993789258413e-05
5.6166129070334136e-05
0.011188833974301815
4.3280477257212624e-05
0.01203380897641182
0.028542054817080498
0.00035052484599873424
0.2651597857475281
0.008620860055088997
0.0093041080981493
0.00021235751046333462
0.0001455060119042173
0.03774893656373024
0.05276325345039368
4.224148142384365e-05
0.00015564108616672456
0.00017732157721184194
0.035434164106845856
0.15901079773902893
0.0001533935428597033
0.00018885120516642928
0.19860292971134186
0.00011081536649726331
0.0002409495209576562
1.1913054549950175e-05
6.980214675422758e-05
6.755604408681393e-05
5.905959551455453e-05
0.0006948845693841577
0.00022079893096815795
7.125523097784026e-06
0.1552499681711197
1.8660002751857974e-05
0.027611246332526207
0.0366336815059185
0.05648830905556679
4.405643994687125e-05
0.00016279256669804454
0.22690632939338684
0.00014827045379206538
0.021377945318818092
0.17940768599510193
0.00011582941806409508
0.00010716805991251022
0.01855955831706524
0.019877079874277115
0.007014792878180742
0.015008725225925446
0.26432278752326965
0.005548375193029642
0.00019063905347138643
0.009893093258142471
0.017993615940213203
0.004625440575182438
4.7298894060077146e-05
0.08551806956529617
0.00015972612891346216
8.345735841430724e-05
0.32271161675453186
0.00020200270228087902
0.00022341555450111628
0.0001082628223230131
0.0001691053475951776
5.227682777331211e-05
0.00012141808110754937
0.0002138259296771139
0.233588308095932
0.02088986523449421
0.17743942141532898
0.15297889709472656
0.001252410584129393
0.0003364481672178954
0.00028645808924920857
0.029642343521118164
0.00021805963478982449
0.00014580582501366735
0.0004016880120616406
0.2362251877784729
6.782718264730647e-05
0.0033711327705532312
0.013593611307442188
0.00018886872567236423
0.18521015346050262
0.0721723660826683
0.00038452009903267026
0.06417202204465866
0.029742632061243057
0.007920240983366966
0.004804785829037428
0.37742674350738525
0.00020590289204847068
0.0023147889878600836
0.0003999655891675502
0.17375589907169342
0.00010604652197798714
0.02272185869514942
0.000144140372867696
0.00019189972954336554
0.195327490568161
0.024440422654151917
0.15950869023799896
9.694377513369545e-05
0.012038745917379856
0.00014533696230500937
0.001219809870235622
0.00018874937086366117
0.01570664718747139
3.8096568459877744e-05
3.0310306101455353e-05
0.03565026447176933
0.18467611074447632
6.836934335296974e-05
0.019443530589342117
0.0002539527486078441
2.6997304303222336e-05
0.00022508634719997644
1.971941856027115e-05
0.1535966396331787
0.004399662837386131
0.0006004526512697339
0.0015900892904028296
1.54041190398857e-05
0.012901514768600464
0.010783854871988297
0.0001980377855943516
0.0001753878896124661
0.010080287232995033
0.00014290765102487057
0.007773536257445812
0.0001462209183955565
0.00771177327260375
7.880270277382806e-05
0.009526818059384823
0.02261747419834137
0.0008649713126942515
9.498689178144559e-05
9.783644054550678e-05
1.6821144527057186e-05
0.0003618171322159469
0.2112627476453781
0.023107867687940598
0.0002525277086533606
0.012530655600130558
5.543800943996757e-05
0.02565215528011322
5.9499117924133316e-05
0.006764173042029142
0.2501826286315918
0.044355496764183044
8.57752311276272e-05
0.9788339138031006
0.010239221155643463
0.006642705760896206
2.9619668566738255e-05
0.00017837461200542748
5.6211763876490295e-05
1.1911948604392819e-05
0.0066368249244987965
0.00015360090765170753
0.025323711335659027
0.22283723950386047
0.014000527560710907
0.009521568194031715
0.1272902637720108
7.716522668488324e-05
0.00013538531493395567
0.00010365658818045631
0.019344007596373558
0.02229881100356579
0.17249037325382233
0.00015511213860008866
3.728975570993498e-05
0.015771614387631416
0.021341845393180847
0.0001648209145059809
0.00013276895333547145
0.06071588769555092
8.967307076090947e-05
0.003464658046141267
0.00022522691870108247
0.017850030213594437
0.00024219938495662063
9.035209950525314e-05
0.06981472671031952
0.00032311282120645046
0.0001428647228749469
0.0003168847761116922
5.8402492868481204e-05
8.118226105580106e-05
-2.6293002974853152e-06
0.001640496077015996
8.612183592049405e-06
0.05525025725364685
1.9013665223610587e-05
0.0392293818295002
0.21078911423683167
0.014885732904076576
0.004168666899204254
0.0001527218264527619
0.0002043463900918141
0.04500740393996239
0.001675457344390452
0.016040757298469543
0.021477196365594864
0.010039747692644596
0.020565679296851158
0.00013572552416007966
0.00011962797725573182
6.192500586621463e-05
0.0012844481971114874
0.504538357257843
0.049971602857112885
0.0001106362251448445
0.018603969365358353
0.04198294132947922
0.00012041117588523775
8.22405272629112e-05
5.78304570808541e-05
2.4718083295738325e-05
0.005561532452702522
7.212359923869371e-05
0.010259434580802917
0.03599915653467178
0.46634870767593384
0.014589439146220684
0.007783639710396528
0.00034390162909403443
0.008047537878155708
7.103137613739818e-05
7.099314825609326e-05
0.3137966990470886
0.016218261793255806
0.0002585198963060975
4.994471601094119e-05
0.03969135135412216
0.0001542930694995448
6.658718484686688e-05
0.00011520112457219511
0.022495703771710396
0.006256669759750366
0.007662063464522362
-2.0225716070854105e-06
2.8521599233499728e-05
0.18785104155540466
0.0002391421003267169
0.00011203924077562988
0.033475056290626526
0.00010285738244419917
0.01810360886156559
0.0047866664826869965
0.00016489403788000345
0.00013306258188094944
0.006420928984880447
0.031098339706659317
6.228482379810885e-05
0.014303958974778652
0.00015960974269546568
0.014208529144525528
4.016850289190188e-05
9.703623072709888e-05
0.0018334347987547517
9.49541135923937e-05
0.000157764065079391
0.00010617125371936709
0.0002621935564093292
2.7551472157938406e-05
0.00010479021148057655
0.0006659568171016872
0.00023116574448067695
0.007415534928441048
0.03477352857589722
0.013842640444636345
0.005188943352550268
0.004863421898335218
0.01671016961336136
9.032936941366643e-05
0.0004790312668774277
3.452102100709453e-05
0.007966502569615841
0.22154150903224945
8.431158494204283e-05
0.015689626336097717
0.0001529332366771996
5.9587480791378766e-05
9.140340989688411e-05
0.00019856572907883674
0.02283284440636635
8.901516412151977e-05
0.0003847409680020064
0.010510163381695747
0.0007857396267354488
4.839109169552103e-05
0.02682257816195488
0.0076195066794753075
0.016292883083224297
4.090242873644456e-05
0.004513503052294254
0.009476717561483383
0.01138053648173809
7.284883758984506e-05
0.0006029257783666253
6.173102156026289e-05
4.6644861868117005e-05
0.044967226684093475
0.8199736475944519
0.00010974671749863774
5.48335665371269e-05
0.0001489157584728673
3.310490501462482e-05
7.610976899741217e-05
6.234308239072561e-05
7.401700713671744e-05
0.010071961209177971
4.434302536537871e-05
0.00012356713705230504
0.0001304929464822635
0.00018923699099104851
0.004101278260350227
0.0001361325557809323
0.00395175302401185
0.0057591525837779045
0.2081061154603958
0.0002870883618015796
0.00012904983304906636
8.561499998904765e-05
0.00011198115680599585
0.037906624376773834
2.0062898329342715e-05
0.00012928067008033395
7.355363050010055e-05
0.03362279012799263
0.09545071423053741
0.000142891047289595
7.913561421446502e-05
0.01986302062869072
0.1406235694885254
3.850297071039677e-05
0.0001581428077770397
4.387266744743101e-05
0.013772365637123585
0.00011021891259588301
0.0001885935926111415
7.931030995678157e-05
6.71640009386465e-05
0.01854955032467842
0.011207666248083115
8.964946755440906e-05
0.00016635478823445737
0.0004209502076264471
0.0004593965713866055
0.01750195398926735
0.00013931219291407615
0.05686062574386597
6.497793219750747e-05
0.00010825145000126213
0.004865346476435661
0.004807930439710617
4.6333287173183635e-05
0.01247111614793539
0.17145201563835144
3.2532359909964725e-05
2.8637121431529522e-05
0.00022103685478214175
0.17561399936676025
0.00024419871624559164
0.00010437880700919777
0.0037217414937913418
2.870714342861902e-05
6.629820563830435e-05
0.03652096539735794
1.5053337847348303e-05
0.00016478179895784706
0.0001450658164685592
0.02390035055577755
0.05926225706934929
0.18279187381267548
0.00026525958674028516
6.87317515257746e-05
0.20744875073432922
0.0017487468430772424
0.00016197301738429815
0.04709840938448906
0.02087971568107605
6.323734123725444e-05
0.00010078016202896833
0.00024277069314848632
0.039725981652736664
6.905779446242377e-05
0.012114940211176872
0.03561258316040039
0.0009722969261929393
0.00022451204131357372
0.00014383537927642465
0.0002154737594537437
6.185454549267888e-05
0.00045398168731480837
0.00040651916060596704
0.021024294197559357
0.00907421950250864
0.0001344654301647097
0.0155223049223423
0.2497497797012329
0.016490548849105835
0.01351553201675415
0.00016017421148717403
0.02615070901811123
0.00042818771908059716
0.0001670713972998783
0.00023154591326601803
0.00011402829841244966
0.00024677783949300647
9.31510585360229e-05
0.04090920835733414
0.00010412913979962468
0.03892527148127556
0.020734688267111778
0.027742505073547363
0.020315047353506088
4.280733992345631e-05
0.00013854402641300112
9.655852772993967e-05
0.020479841157794
4.277997140889056e-05
0.01434738002717495
0.01898912526667118
0.03201938793063164
2.2907388483872637e-05
0.005224181339144707
0.00010026201925938949
0.5085917711257935
7.925216777948663e-05
0.006373967509716749
0.005923373159021139
1.532570422568824e-05
0.008481469005346298
0.013276087120175362
9.45392093854025e-05
0.00013703650620300323
2.7551795938052237e-05
0.15489766001701355
0.00025107504916377366
0.017396803945302963
0.00023986987071111798
0.005685074720531702
0.03444484621286392
0.4648890495300293
0.011675107292830944
0.0052413493394851685
0.01780669577419758
0.00032947323052212596
0.0015139272436499596
0.000765305245295167
0.0002959154371637851
0.005225430242717266
0.05614488944411278
0.017278948798775673
6.763179408153519e-05
0.00032663202728144825
0.0004288438649382442
0.001976265339180827
0.0047924816608428955
3.922279574908316e-05
0.0420699343085289
0.011000099591910839
0.007129909470677376
0.00017489578749518842
0.00025545727112330496
0.11440318822860718
7.384480704786256e-05
0.0002633120457176119
0.0001272776717087254
0.00015504258044529706
0.010882707312703133
7.119510701159015e-05
0.002654563169926405
0.005334057845175266
6.105359352659434e-05
6.316220969893038e-05
0.009550971910357475
2.6447061827639118e-05
0.004380105994641781
0.0040305727161467075
0.02490234375
0.20002245903015137
9.305862477049232e-05
0.0002503425639588386
0.00023606992908753455
0.0001247197506017983
0.0002693183778319508
0.0001223027938976884
0.01871456950902939
3.1965890229912475e-05
0.00010048889816971496
0.00016377647989429533
0.00012260420771781355
0.02404412068426609
2.0330326151452027e-05
0.009970543906092644
0.00010126934648724273
0.01019617822021246
0.014510820619761944
0.011474967002868652
0.0001413153950124979
0.008601750247180462
0.00022476512822322547
0.007523495703935623
0.0251045823097229
0.2183130979537964
0.004497933201491833
0.2430984377861023
0.0003785632725339383
0.23439733684062958
3.133613427053206e-05
0.008741173893213272
6.375859084073454e-05
6.02293494011974e-06
0.0016797261778265238
0.026042329147458076
0.003535459516569972
0.1913892775774002
0.016314387321472168
0.019577231258153915
0.004117028322070837
0.007374986540526152
7.710524369031191e-05
0.024237286299467087
0.00022094570158515126
0.022086966782808304
0.00013135561312083155
0.0011456572683528066
0.024375850334763527
0.00020127036259509623
0.00010361921886214986
0.15569192171096802
0.0018481678562238812
0.00037042872281745076
0.16661851108074188
0.01994336023926735
1.914841959660407e-05
9.629217674955726e-05
0.007239567115902901
0.02710566855967045
0.00020226003834977746
0.31174740195274353
0.00016821990720927715
0.0157590601593256
0.0002652235853020102
0.00014966649177949876
0.00018393843492958695
0.017148332670331
0.00010485385428182781
9.682511154096574e-05
0.00032323793857358396
0.0002522270369809121
0.0007507744012400508
0.0001343397598247975
0.01686638966202736
0.000151678774273023
0.00010883784852921963
0.014402679167687893
0.00019214992062188685
0.001968788681551814
8.26178293209523e-05
0.06792411208152771
0.23184834420681
9.242371743312106e-05
0.005273173563182354
0.019827554002404213
0.24989324808120728
9.43486811593175e-05
2.714848415052984e-05
0.009740252047777176
0.005563746206462383
5.685655560228042e-05
0.00014531961642205715
6.391177157638595e-05
0.0101679228246212
0.08066701889038086
0.0056593455374240875
0.005699704401195049
0.4290059804916382
0.0698353722691536
3.3313910535071045e-05
0.002793948631733656
0.00041274825343862176
0.0002569422940723598
0.0004026693641208112
0.006629077717661858
0.19781027734279633
4.2410811147419736e-05
0.005516740959137678
0.14906089007854462
3.851115616271272e-05
0.0009352850611321628
0.0001680909190326929
0.014766290783882141
0.0005813990719616413
7.40230898372829e-05
0.3186853528022766
0.026548177003860474
0.012444742023944855
0.001265337923541665
0.00011496069782879204
9.160297486232594e-05
6.019702777848579e-05
7.502231892431155e-05
0.018967343494296074
8.848015568219125e-05
0.003023833967745304
2.796683293126989e-05
0.000190032267710194
9.612202120479196e-05
9.29321104194969e-05
0.003798912977799773
0.0506831593811512
0.016969233751296997
0.17726095020771027
0.014214042574167252
0.00011267171066720039
0.01494366955012083
0.0020952261984348297
0.0035907868295907974
0.00011694346903823316
0.00017890799790620804
0.00774500472471118
0.250670462846756
0.00429705623537302
0.000135109294205904
0.006338329985737801
0.01094190776348114
0.0001826965162763372
0.021958325058221817
0.0003205586690455675
0.00035932118771597743
0.00010002039198298007
0.00023055161000229418
0.05894307792186737
0.0001506353437434882
0.02117457054555416
0.009210328571498394
2.323396984138526e-06
0.07345572859048843
0.00010603023110888898
0.008215181529521942
0.0001768200017977506
0.008827701210975647
0.0013862579362466931
0.022865114733576775
6.0039896197849885e-05
0.012987961992621422
0.03181418031454086
7.728229684289545e-05
0.02575777843594551
0.0006722239777445793
0.0002376247721258551
9.327559382654727e-05
0.02083105780184269
0.045772578567266464
0.00020562871941365302
0.00581723777577281
0.018237613141536713
0.005740780383348465
0.000193900428712368
0.004031792748719454
0.000543172238394618
0.00030376066570170224
0.0003335509682074189
0.002939389320090413
8.716406591702253e-05
0.010358540341258049
5.395714833866805e-05
0.0001455459278076887
5.184351175557822e-05
0.0009344315622001886
0.013344874605536461
0.18776839971542358
0.017533350735902786
7.320575969060883e-05
0.03499625250697136
0.0001442768843844533
0.7381638288497925
0.04092414304614067
0.008645621128380299
2.2490243281936273e-05
0.0035611363127827644
0.018034404143691063
0.00010919931810349226
0.0012295236811041832
0.15897658467292786
0.017382582649588585
0.0556035041809082
0.029920509085059166
0.0021439404226839542
0.010555572807788849
0.025940168648958206
1.601573239895515e-05
0.0001406972878612578
0.00600755400955677
0.09463582187891006
0.01666407100856304
9.117552690440789e-05
0.03022019937634468
0.00030374882044270635
0.000874942634254694
5.333550871000625e-05
0.00016345044423360378
7.598111551487818e-05
0.00017921060498338193
0.000143589626532048
0.019692668691277504
0.2915622293949127
0.01519637368619442
0.44637203216552734
0.00011125367018394172
0.20066705346107483
0.006502803415060043
0.00017429541912861168
0.0001575659407535568
0.19190852344036102
0.011163242161273956
2.8475178623921238e-05
0.007187199778854847
0.0001240004930878058
0.2387731373310089
0.007512915879487991
0.01209117379039526
0.05984866991639137
0.00022500146587844938
0.0003784403670579195
0.006149498745799065
0.005252990406006575
8.200887532439083e-05
2.4568187654949725e-05
0.02597389556467533
0.0002927166933659464
8.06194802862592e-05
0.013217356987297535
0.2642853856086731
3.094487692578696e-05
0.0006513894768431783
0.07389342784881592
0.010855384171009064
0.002290165750309825
0.006686163134872913
6.432693044189364e-05
0.0030760045628994703
4.699996134149842e-05
0.00014419238141272217
0.009942109696567059
0.02006107196211815
5.005283583159326e-06
0.028764884918928146
0.0001187805610243231
0.005789558403193951
0.5288366079330444
0.01649375632405281
4.0977793105412275e-05
0.2430267035961151
0.16678424179553986
0.00021275031031109393
0.00017050404858309776
0.1570400446653366
0.0001288006460526958
0.00013093400048092008
0.0006163263460621238
0.011694260872900486
0.0002572034136392176
0.004427955020219088
0.021538328379392624
8.86751658981666e-05
0.09374913573265076
0.00016826053615659475
0.00015151423576753587
0.00019619228260125965
8.093277574516833e-05
0.00026573133072815835
0.0029842129442840815
0.18296492099761963
0.00027833724743686616
0.027661962434649467
0.019845906645059586
0.0387100875377655
4.565472045214847e-05
0.5958389639854431
7.525317050749436e-05
8.790854735707399e-06
0.0005128257907927036
6.804733129683882e-05
0.046225447207689285
0.024033322930336
0.0002873541379813105
0.019009511917829514
0.01914488524198532
0.0075154476799070835
0.0001438495091861114
0.00015810001059435308
0.0003306824655737728
5.8445897593628615e-05
0.012991556897759438
0.00042597652645781636
0.00018034031381830573
0.32848459482192993
0.004354240372776985
0.0279398113489151
0.002921383362263441
0.0027511874213814735
0.00019034117576666176
0.060130633413791656
0.010477527976036072
4.047270704177208e-05
0.12552137672901154
0.00017543192370794713
0.009569816291332245
0.019885316491127014
0.023810608312487602
0.00012054023682139814
0.014465090818703175
0.016183899715542793
0.0002259811299154535
0.015154840424656868
0.00014783644292037934
0.0002596478443592787
6.853672675788403e-05
0.00892896018922329
0.21441037952899933
6.438465061364695e-05
7.306728366529569e-05
0.00011577073018997908
0.02658461034297943
0.00024150541867129505
0.00389592326246202
4.820617687073536e-05
0.00011881037789862603
0.015896808356046677
1.405712464475073e-05
0.0023074671626091003
0.02837618999183178
0.00011846749839605764
0.25913235545158386
0.00017025800480041653
0.1726507842540741
0.006192648783326149
0.0015928283100947738
3.6941386497346684e-05
0.0022582493256777525
6.235432374523953e-05
0.00013454862346407026
0.23991209268569946
0.0002304946829099208
0.19619494676589966
5.05384559801314e-05
0.00012753534247167408
4.987365900888108e-05
5.0120626838179305e-05
0.01125696487724781
0.2198616862297058
0.006270027719438076
0.01410955935716629
0.011835414916276932
0.00028728359029628336
0.0006840245332568884
3.7045610952191055e-05
5.06829128426034e-05
0.00016482129285577685
6.403090083040297e-05
0.020762436091899872
0.0001246059691766277
0.00013300961290951818
-4.188835191598628e-06
0.00037920463364571333
8.47124756546691e-05
5.1569106290116906e-05
5.245015927357599e-05
9.793383651413023e-05
0.00023934197088237852
0.000169859136804007
0.3413677215576172
0.2271408587694168
9.460925502935424e-05
0.00023496871290262789
4.527358032646589e-05
0.017874693498015404
0.01125392597168684
0.007476116996258497
0.00013306499749887735
8.375568722840399e-05
7.080583600327373e-05
0.00011403439566493034
0.008142655715346336
0.018611930310726166
4.809224265045486e-06
7.637654925929382e-05
0.02078436315059662
6.456238770624623e-05
0.0003622888762038201
0.010077483020722866
0.0001842825731728226
8.300545596284792e-05
0.014945543371140957
0.0005364404059946537
0.00039554014801979065
0.0002536452666390687
0.00020879012299701571
0.012810619547963142
1.923284617078025e-05
5.7315133744850755e-05
0.0005061031552031636
0.21911801397800446
0.0001182954729301855
0.1825525015592575
0.00027089359355159104
0.014558344148099422
6.090671377023682e-05
0.018898116424679756
0.0006204990204423666
0.0002248586097266525
3.3159660233650357e-05
0.00012390973279252648
0.0006470326916314662
0.00010267511970596388
2.7341309760231525e-05
0.031486399471759796
0.00013842539920005947
0.019657569006085396
5.7013879995793104e-05
0.0020119452383369207
5.303717261995189e-05
0.00021929468493908644
0.00029835369787178934
0.00011987266771029681
0.17415079474449158
0.18694202601909637
0.00011446443386375904
0.003603645833209157
0.0025579489301890135
5.602322198683396e-05
0.00034099468030035496
0.013820630498230457
0.2518221437931061
0.0021732018794864416
4.8313762817997485e-05
0.00042191112879663706
0.0004090751754119992
0.013727037236094475
0.004020707216113806
3.681262387544848e-05
0.0001968290307559073
0.007272250484675169
0.00021910096984356642
0.02379291132092476
3.009802458109334e-05
0.0004716467228718102
5.960684939054772e-05
7.460510096279904e-05
0.14627890288829803
0.1960219293832779
0.022640621289610863
0.1584787666797638
0.00808437168598175
4.547657954390161e-05
8.890686876839027e-05
0.01844511739909649
5.212576434132643e-05
0.0005968445912003517
0.0007141597452573478
0.2404947131872177
6.9995759986341e-05
7.827959052519873e-05
0.005988487973809242
1.5889636415522546e-05
0.009672235697507858
0.0001867896062321961
0.0006183438817970455
0.20588979125022888
4.9150905397254974e-05
0.023937910795211792
0.03243561089038849
0.00036426508449949324
0.005063346587121487
0.01818832941353321
7.888047548476607e-05
6.613795267185196e-05
3.833312075585127e-05
0.011419462040066719
0.014024583622813225
0.035688627511262894
0.01626313105225563
1.923463787534274e-05
0.00024160632165148854
7.32214393792674e-05
0.0011628973297774792
0.023089861497282982
0.008883940987288952
0.00033241044729948044
3.6708468542201445e-05
0.0001466914836782962
0.005991021636873484
3.698646469274536e-05
0.013763110153377056
0.0013043346116319299
4.170287502347492e-05
0.0073150270618498325
0.1936507225036621
0.0002588586648926139
2.9968146918690763e-05
0.0001269626955036074
0.001583474688231945
0.005371049512177706
6.024909089319408e-05
0.22387883067131042
0.020716704428195953
0.000969149055890739
0.00010110360744874924
0.004634903743863106
0.0017992244102060795
0.000600800383836031
0.032355017960071564
0.016507644206285477
0.000990242580883205
0.011077524162828922
0.027590278536081314
0.003062046132981777
0.00033878383692353964
7.636347436346114e-05
0.0004928587004542351
0.00016028677055146545
0.429915189743042
0.180934339761734
0.026581499725580215
0.006661615334451199
0.0036810829769819975
0.00015550748503301293
0.03349926322698593
6.284283881541342e-05
0.14194029569625854
0.06817692518234253
0.30613991618156433
2.371205118834041e-05
2.444564233883284e-05
0.00010355549602536485
0.22431133687496185
0.016919061541557312
0.00654198694974184
0.0013207586016505957
0.07538186758756638
0.011550686322152615
7.561312668258324e-05
4.969174915459007e-05
0.32860100269317627
0.00024379303795285523
0.00014190423826221377
0.028308115899562836
0.004415586590766907
0.0010873106075450778
7.188809831859544e-05
0.00013196287909522653
0.0065259672701358795
0.012142213992774487
0.10461004823446274
9.625641541788355e-05
0.000148615290527232
0.028442610055208206
0.1910431683063507
0.0003399401612114161
0.03403222933411598
0.00013466821110341698
0.00016653798229526728
7.964314136188477e-05
0.1494738906621933
0.00046763563295826316
0.00032238714629784226
6.758003291906789e-05
0.0011013426119461656
0.4243132770061493
0.017487166449427605
0.013242313638329506
0.00021325382112991065
0.00010050943092210218
8.244544733315706e-05
0.07854678481817245
5.0845625082729384e-05
0.00015748926671221852
0.008908194489777088
0.12071395665407181
0.14656683802604675
0.2643992304801941
0.10824482142925262
0.00022348698985297233
0.012139667756855488
0.02642202004790306
0.011479079723358154
0.2331690788269043
0.008935297839343548
0.0003901778254657984
8.463193807983771e-05
0.005504852160811424
0.23314699530601501
0.311269074678421
0.018048446625471115
0.0002667161461431533
0.0003385867748875171
0.012839801609516144
0.0001960338995559141
0.009894388727843761
6.1485763581004e-05
0.004431576933711767
0.0035770325921475887
0.00013572095485869795
0.00015198190521914512
0.008721050806343555
0.0001554830523673445
0.00023744457575958222
0.015001226216554642
0.32874804735183716
0.05487509444355965
0.00025075505254790187
0.019313303753733635
3.8669168134219944e-05
6.147799285827205e-05
0.005001419689506292
0.01787550002336502
0.00010576046770438552
1.7744663637131453e-05
0.018597746267914772
0.14732971787452698
4.088236528332345e-05
0.013901500962674618
0.003026882652193308
4.24371610279195e-05
9.197060717269778e-05
0.00016162797692231834
0.027212832123041153
0.052580371499061584
0.016086075454950333
0.00011856381024699658
5.5889966461109e-05
0.00012563048221636564
1.8615312001202255e-05
0.001328736892901361
0.012257721275091171
4.0549020923208445e-05
5.576355033554137e-05
3.29742360918317e-05
0.0017975399969145656
0.17575272917747498
5.0553211622172967e-05
0.13839156925678253
0.00028173087048344314
0.018893897533416748
3.4483640774851665e-05
8.028636511880904e-05
0.01939523220062256
7.047323742881417e-05
0.034316882491111755
0.012409886345267296
0.00016491963469889015
0.0035026478581130505
0.0039803646504879
0.678219199180603
0.18149840831756592
0.00018615805311128497
0.04786081984639168
5.9282836446072906e-05
0.00010866446245927364
0.0030237126629799604
0.012682585045695305
0.0002972561924252659
0.022199122235178947
3.600357740651816e-05
0.015623343177139759
0.010692738927900791
3.713534533744678e-05
8.536704262951389e-05
0.012477630749344826
0.021397970616817474
0.0001373376726405695
0.00017109813052229583
0.04286850616335869
0.0021086588967591524
0.0001642665156396106
0.3480771780014038
4.7785531933186576e-05
0.010915246792137623
0.008999527432024479
5.524443986359984e-05
0.00032982826814986765
0.04555487632751465
0.00012880041322205216
0.012220991775393486
0.01493074931204319
0.00011046151485061273
0.15512216091156006
0.0003965158830396831
0.048988260328769684
0.00013933860464021564
0.00023812262224964797
9.573582792654634e-05
0.00010565700358711183
3.5802913771476597e-05
0.00011198654829058796
0.2033015489578247
0.025387218222022057
0.013026291504502296
0.2229723036289215
0.0001228758628712967
0.0008980880375020206
0.008404518477618694
0.015614629723131657
0.00013668372412212193
0.047484442591667175
0.00028410571394488215
0.004113743547350168
0.03481149673461914
0.009397601708769798
0.00018058106070384383
0.011254235170781612
0.783161997795105
0.00011718618043232709
0.00010725395986810327
0.0001116841085604392
0.00014552142238244414
0.0003408961638342589
1.4460156307904981e-05
0.00045544354361481965
0.26519688963890076
0.1239217072725296
0.01114893052726984
0.00012788717867806554
0.0002253643178846687
7.725910836597905e-05
0.0001962269889190793
0.0026339602191001177
0.006692635826766491
7.131582151487237e-06
0.02548561990261078
0.00010923460649792105
0.019384322687983513
0.0008674697601236403
0.2854820787906647
0.00023952157062012702
0.016735199838876724
8.256697765318677e-05
9.040724398801103e-05
0.009766949340701103
0.013715398497879505
4.239285772200674e-05
1.5385070582851768e-05
3.6085180909140036e-05
0.003643814707174897
0.00011951879423577338
0.00019541382789611816
0.005282319150865078
0.0002777174231596291
0.0002155169058823958
0.002727482235059142
0.034707315266132355
0.00010797969298437238
0.00014696874131914228
0.01688835211098194
0.0005314541049301624
0.0005045993602834642
0.14062391221523285
6.430514622479677e-05
0.015900636091828346
0.004698027856647968
0.00011760312918340787
0.02123570255935192
0.0003058191214222461
0.024855177849531174
0.18656116724014282
0.016200602054595947
0.00011072038614656776
0.00019305312889628112
0.000141539829201065
0.0005155178369022906
0.005894939415156841
0.00010637101513566449
7.414925494231284e-05
2.4801063537597656
4.1794570279307663e-05
0.0056397379375994205
0.0005735190934501588
0.17010614275932312
0.00426383875310421
0.009938118979334831
0.0003223893290851265
0.00012782953854184598
0.0003795501252170652
0.00013159116497263312
0.00021270349679980427
0.0062500955536961555
0.005782110616564751
0.040126800537109375
0.00013028418470639735
7.768618525005877e-05
0.03475622832775116
0.006076249293982983
0.011840572580695152
0.05536533519625664
0.005747525952756405
3.476026904536411e-05
0.004967614077031612
0.0003161404747515917
0.00045971100917086005
0.12220151722431183
0.0001742738240864128
0.0016118797939270735
0.00030965625774115324
0.38770824670791626
0.012481559067964554
3.66018975910265e-05
0.00013483950169757009
0.021146774291992188
0.007782769855111837
7.920816278783605e-05
0.00017238954023923725
0.11270564794540405
0.0004875340382568538
7.916964386822656e-05
0.00763911847025156
0.0002338866179343313
0.00018250418361276388
0.00015430653002113104
0.0067351208999753
0.22624211013317108
0.0003352978965267539
0.00010915954771917313
0.0003334085049573332
0.10417699813842773
4.338473081588745e-05
0.018230481073260307
0.002906370209529996
0.3760840892791748
0.010098825208842754
0.0001307249185629189
0.00021880293206777424
0.0012841429561376572
8.635599806439131e-05
0.00032101268880069256
0.008568351157009602
5.0390208343742415e-05
0.000154275621753186
0.0059812418185174465
0.005696536973118782
2.8860826205345802e-05
0.1709354817867279
0.00023915445490274578
0.000317766418447718
0.0001481505751144141
0.02387024648487568
0.019793586805462837
1.76175690285163e-05
0.23594307899475098
0.0001016398673527874
0.00014453376934397966
0.0008919532992877066
0.000689875683747232
0.041700579226017
0.016836505383253098
6.92149405949749e-05
4.188756793155335e-05
1.7294993085670285e-05
0.00010015076259151101
0.07888047397136688
5.8835379604715854e-05
0.0024303062818944454
0.023521307855844498
0.026602691039443016
0.0002341155195608735
0.0001875661691883579
0.00010849938553292304
0.02130744792521
0.00015632077702321112
0.0003784232831094414
0.008650392293930054
0.01115397922694683
0.014294765889644623
0.00012716588389594108
4.6279121306724846e-05
0.0012022802839055657
0.024037474766373634
0.00013247849710751325
8.857701322995126e-05
8.144759340211749e-05
0.0002811902086250484
0.000147200160427019
0.014119749888777733
3.4422835597069934e-05
0.0053551378659904
0.00016473369032610208
0.04145320504903793
0.000144249846925959
0.0007030581473372877
0.007105077151209116
0.0002381203812547028
0.016914403066039085
0.006503638345748186
0.0449935719370842
0.016712907701730728
3.5189899790566415e-05
3.14112585328985e-05
6.803061842219904e-05
0.012942920438945293
3.777696474571712e-05
0.00011455515050329268
0.03982898220419884
6.708337605232373e-05
0.3773944675922394
0.003723848843947053
0.00012995633005630225
0.004300632979720831
0.00015649503620807081
0.016750231385231018
0.015168220736086369
9.23935731407255e-05
0.0001723871100693941
0.0793226882815361
0.00017936000949703157
0.013024618849158287
0.000446806603576988
0.00011254797573201358
0.023782353848218918
0.0002681779151316732
0.004863491281867027
0.001921527087688446
9.067740757018328e-05
7.173762423917651e-05
0.01068284921348095
0.0002673302951734513
0.013233997859060764
0.00015119803720153868
0.00972526054829359
7.244524749694392e-05
9.124509961111471e-05
0.022079190239310265
0.00017428360297344625
0.43729788064956665
0.10049644857645035
8.078685641521588e-05
0.00011987875768681988
0.03250962495803833
5.6296397815458477e-05
2.6441335648996755e-05
0.049429915845394135
0.0002838883956428617
1.5687257473473437e-05
4.261772846803069e-05
0.13221010565757751
0.004272617399692535
0.02195364609360695
0.044958554208278656
0.006203061435371637
0.09217078983783722
0.00015245703980326653
0.007840210571885109
0.011425517499446869
0.03133417293429375
0.018847018480300903
0.02572527714073658
0.002888021059334278
0.0210861936211586
0.021163081750273705
0.0003541047917678952
0.00026097113732248545
0.01212415099143982
0.014520394615828991
7.499041385017335e-05
0.00021960480080451816
0.014808772131800652
0.00020126323215663433
0.00010477178875589743
0.00010411460243631154
0.010063656605780125
0.014520418830215931
6.754813512088731e-05
0.3354491591453552
0.0202579777687788
0.00293609662912786
0.033161528408527374
9.642576333135366e-05
0.14445701241493225
0.18854333460330963
0.00011959695257246494
0.0005797892226837575
0.015083753503859043
0.00033039762638509274
0.4629186987876892
0.015419166535139084
0.0030529526993632317
9.390410559717566e-05
0.0001071156730176881
0.11028075218200684
4.738313509733416e-05
0.00016699335537850857
0.00038265527109615505
2.8394406399456784e-05
7.629446190549061e-05
0.024700365960597992
0.0005720052286051214
0.00010495571768842638
0.00021623076463583857
0.02051481604576111
0.34162914752960205
4.213731153868139e-05
0.00014653427933808416
0.00010255764937028289
0.01570351980626583
0.00022793163952883333
0.00022922742937225848
4.61908639408648e-05
0.1880277395248413
0.0021559225860983133
0.005479212384670973
0.26004958152770996
0.020991429686546326
0.004861368332058191
0.007676212582737207
8.117020479403436e-05
0.027587812393903732
0.00683226902037859
0.0015263126697391272
0.2105451077222824
6.60905716358684e-05
7.002746860962361e-05
3.1827054044697434e-05
3.6366283893585205e-05
0.0006717973155900836
0.21517518162727356
0.015996010974049568
0.00023140956182032824
0.002241624752059579
0.2909271717071533
0.01741020940244198
0.005430145654827356
0.02254839427769184
0.00017213393584825099
0.00048710129340179265
0.00019627060100901872
0.06400664150714874
0.016784965991973877
0.006081137806177139
0.0002977535768877715
0.008047325536608696
0.00011618808639468625
7.508075941586867e-05
0.13703711330890656
0.00011563600128283724
1.1488729796838015e-05
0.00012707419227808714
0.007568204775452614
0.006810806225985289
0.00022528876434080303
0.19121859967708588
0.00011345271923346445
4.7653749788878486e-05
0.007438493426889181
0.004578799474984407
0.18056190013885498
0.040482085198163986
0.00014889973681420088
0.2197912633419037
0.00047050343709997833
0.00016107401461340487
0.019865715876221657
0.010087704285979271
0.06343137472867966
0.015336709097027779
0.00048589386278763413
0.1555531620979309
0.0006198946502991021
0.002036163117736578
0.019634883850812912
0.0002935539814643562
0.00029621823341585696
7.66051234677434e-05
0.00022766232723370194
0.0004995424533262849
0.00014664277841802686
0.02320593222975731
0.00015199382323771715
0.016367509961128235
0.27356672286987305
0.013779721222817898
4.614118370227516e-05
0.005415495950728655
0.00975554808974266
0.00012295381748117507
0.17169764637947083
0.14244559407234192
3.755711077246815e-05
5.562114893109538e-06
4.5340173528529704e-05
0.001508821384049952
9.416791726835072e-05
0.21184493601322174
0.02958770841360092
0.12981289625167847
0.000104169113910757
0.0006958862650208175
0.001072263577952981
0.013926343992352486
0.00017111854685936123
9.105320350499824e-05
0.008536985144019127
4.429651744430885e-05
0.0016154159093275666
0.005017206072807312
0.00010443040810059756
0.0003248786670155823
0.00047833897406235337
0.04014430195093155
0.2382388710975647
5.125957613927312e-05
5.6838714954210445e-05
0.0011320373741909862
0.016234487295150757
8.015889034140855e-05
0.00017074508650694042
0.018673742190003395
6.27301778877154e-05
0.0001722664455883205
0.030192330479621887
0.06140856817364693
0.00016632229380775243
0.025230037048459053
0.026096560060977936
2.8596858101082034e-05
0.005319953430444002
0.0001882744109025225
0.011659223586320877
0.030994661152362823
7.985121919773519e-05
0.014643099159002304
8.107035682769492e-05
0.01620665192604065
0.019269172102212906
0.01100250519812107
0.00015710895240772516
6.351190677378327e-05
0.00023424270329996943
8.498423267155886e-05
0.0007067720289342105
0.19058597087860107
0.00025407029897905886
0.00015333258488681167
0.01530496496707201
4.49960061814636e-05
0.0008969817426986992
0.005477560684084892
0.00032242469023913145
2.6613552108756267e-05
0.037189923226833344
0.00026792509015649557
0.0005593325477093458
0.257165789604187
0.020649176090955734
3.522946281009354e-05
4.421787707542535e-06
0.022792022675275803
0.01720264181494713
0.00342610408551991
0.0001516065967734903
0.00016721582505851984
0.03752068057656288
8.795420581009239e-05
0.00016840040916576982
0.00012419612903613597
0.07913248240947723
0.025991154834628105
0.2539929449558258
0.055902302265167236
4.833912316826172e-05
0.000270998541964218
0.000983074656687677
0.01620480976998806
0.0070612612180411816
0.2162361443042755
7.413460116367787e-05
0.016895944252610207
0.03737437725067139
0.010122159495949745
0.00017424719408154488
0.0011296526063233614
0.01862921006977558
3.006293627549894e-05
0.05708996579051018
6.504008342744783e-05
0.1553696244955063
0.00011834294127766043
0.21011534333229065
0.00010029676923295483
0.00015956381685100496
0.009426547214388847
0.016691651195287704
0.000149693907587789
0.16614261269569397
0.0003189476556144655
0.021722018718719482
0.026779426261782646
0.0956815630197525
0.0001590441243024543
0.0008205801714211702
0.01725861430168152
0.29121384024620056
0.009532252326607704
0.00013706997560802847
0.21039137244224548
0.24795418977737427
0.04851747304201126
0.017772095277905464
0.0001307337370235473
0.0006943630869500339
0.0066152093932032585
0.20552003383636475
0.00017355910676997155
0.00011871670722030103
0.00013502738147508353
0.02075749635696411
0.17188730835914612
0.00011682041804306209
0.016020633280277252
0.2130139321088791
3.429127173149027e-05
8.801204967312515e-05
0.40013089776039124
7.521257793996483e-05
4.021990025648847e-05
0.019205812364816666
0.14192238450050354
0.00043456623097881675
4.3370804633013904e-05
0.002653470728546381
0.022187668830156326
6.185268284752965e-05
0.00018351046310272068
0.02421395294368267
4.854857252212241e-05
0.251089870929718
0.026050647720694542
8.676563447806984e-05
2.4295164621435106e-05
0.00010871211270568892
0.017682906240224838
8.07111500762403e-05
0.00886653084307909
4.4863078073831275e-05
0.0009026533225551248
0.00019144106772728264
0.02825574018061161
1.531195084680803e-05
0.1520998477935791
0.00014100174303166568
0.01782655529677868
0.013854693621397018
0.0001354712003376335
4.150245149503462e-05
6.644038512604311e-05
0.00010794202535180375
3.2009946153266355e-05
0.0009475626866333187
0.015476807951927185
6.49264402454719e-05
6.0936115914955735e-05
0.003482403000816703
8.575310494052246e-05
0.000476454762974754
0.2985876202583313
0.20442143082618713
0.013881380669772625
6.494236731668934e-05
0.0001275625836569816
0.025621604174375534
0.005582047626376152
0.32007768750190735
0.14061759412288666
0.2073061317205429
0.011899062432348728
8.864597475621849e-05
0.00013802565808873624
0.17116543650627136
0.00012035515101160854
0.00010066869435831904
0.0001953185856109485
0.013006400316953659
8.732835703995079e-05
4.4475309550762177e-05
9.061574019142427e-06
0.0001801701437216252
0.008653799071907997
0.006431216839700937
9.211088763549924e-05
2.581796798040159e-05
0.00019384249753784388
0.0002224840281996876
0.00026590528432279825
0.008420362137258053
0.28675347566604614
0.03097774274647236
0.019503682851791382
0.026163045316934586
0.00020450168813113123
0.00037040168535895646
0.00010595539788482711
0.14969280362129211
3.793056748691015e-05
0.3006136417388916
0.0001289509527850896
9.49181048781611e-05
6.47706983727403e-05
0.012234424240887165
0.021524665877223015
0.00017383176600560546
1.2483755199355073e-05
0.008876252919435501
0.001375253195874393
9.133788989856839e-05
2.552405021560844e-05
-6.410875357687473e-06
0.19226007163524628
0.00022488755348604172
0.00011930328764719889
0.006234609987586737
0.09710348397493362
6.854267849121243e-05
4.6568820835091174e-05
0.0033655548468232155
0.00504898140206933
0.16914211213588715
0.13197508454322815
0.1548933982849121
0.000274805846856907
1.353082299232483
0.19694405794143677
0.0002625398337841034
0.20512931048870087
0.0001564926642458886
0.06387342512607574
9.808813774725422e-05
0.00019020763284061104
0.016977259889245033
0.016582079231739044
0.0058312430046498775
0.0038747761864215136
0.33024054765701294
0.017804298549890518
2.994645547005348e-05
0.15293949842453003
0.4859849214553833
0.00010734681563917547
0.010625073686242104
0.00016255058289971203
0.002192163374274969
0.00752080325037241
0.16147828102111816
0.0001589111634530127
0.00014780196943320334
0.0012310559395700693
0.0003120690234936774
0.026712674647569656
9.843779844231904e-05
8.410595182795078e-05
0.00019615417113527656
0.002393679227679968
0.00017297055455856025
0.0648614689707756
2.941198727057781e-05
0.05377424135804176
2.231049438705668e-05
0.00011895313218701631
0.025703929364681244
0.013953831978142262
7.739562715869397e-05
0.020737776532769203
0.00012928036449011415
0.04315352067351341
0.004652621690183878
4.9863556341733783e-05
4.7421832277905196e-05
0.0009660449577495456
2.6087378500960767e-05
5.180259176995605e-05
0.0002327707625227049
0.013511684723198414
0.12182648479938507
0.010080330073833466
0.008981533348560333
0.00016163192049134523
0.02100999467074871
0.00028371840016916394
0.00022488200920633972
0.012534239329397678
0.00021710654255002737
0.00010356027632951736
0.00017227066564373672
0.01986348070204258
0.009659728966653347
0.00022090418497100472
0.00018091015226673335
0.00015388069732580334
0.0002114909584634006
0.034871093928813934
0.0001675754610914737
0.022831663489341736
0.02675284631550312
0.01422288827598095
0.00019607284048106521
0.21739807724952698
0.0009282177779823542
0.24880164861679077
0.00017528196622151881
0.01685941219329834
0.00012407806934788823
0.4993371367454529
3.684017065097578e-05
3.075975109823048e-05
0.018842389807105064
0.34785643219947815
0.00523831183090806
0.03826058283448219
0.008045043796300888
0.0053326147608459
0.00743853161111474
0.00016903670621104538
0.017958175390958786
0.5168713927268982
9.288434375775978e-05
0.000148619496030733
7.528816058766097e-05
0.026626311242580414
0.0001263222366105765
0.00013570443843491375
8.833571337163448e-05
0.00017073398339562118
0.00013116479385644197
0.030689023435115814
0.03057488054037094
0.03206140175461769
0.031279291957616806
4.138817166676745e-05
0.010729783214628696
0.00021263021335471421
0.001837251940742135
0.00010222434502793476
0.0015465272590517998
0.022495435550808907
0.0015317531069740653
8.111313218250871e-05
0.00025599641958251595
0.0001815120631363243
0.011604292318224907
0.00015585684741381556
0.0002944576262962073
0.02319677546620369
0.014440575614571571
0.00021538612782023847
3.8822989154141396e-05
0.00016420047904830426
0.020493604242801666
9.141902410192415e-05
7.920177449705079e-05
0.4243369400501251
0.24230092763900757
0.0002102387516060844
5.4244621424004436e-05
0.0007377031142823398
0.07210902124643326
0.0002999450371135026
0.0032342756167054176
0.00026009781868197024
0.00018875634123105556
0.01284798327833414
4.778006041306071e-05
0.02153380587697029
1.0023891925811768
3.258232391090132e-05
0.0001073646781151183
5.312370558385737e-05
0.2497580647468567
0.00014290842227637768
0.2111724317073822
0.1629200279712677
0.00012886036711279303
0.0001677004765952006
0.008103802800178528
0.0001432848657714203
3.246962296543643e-05
0.014812962152063847
0.00013173092156648636
6.950747774681076e-05
0.0019853110425174236
6.3497202063445e-05
0.0005372849991545081
3.3159551094286144e-05
0.025050045922398567
0.00015871803043410182
0.13621872663497925
0.022796226665377617
0.021901285275816917
3.577861934900284e-05
0.01880667731165886
0.013781094923615456
0.1906784474849701
0.10538368672132492
0.018646422773599625
0.0017585490131750703
0.00010812646360136569
0.31077247858047485
0.0014411024749279022
0.007844205014407635
0.00017073075287044048
0.015939300879836082
0.0005153085803613067
6.726610445184633e-05
0.0119548961520195
0.0002596997073851526
6.0688751545967534e-05
3.4692515328060836e-05
6.531435064971447e-05
0.4408857524394989
0.00010515160829527304
0.026116598397493362
3.4893371775979176e-05
0.0030670841224491596
0.19568374752998352
0.0003767934686038643
0.0003478727303445339
0.0001178720558527857
0.00024376124201808125
0.3018934726715088
3.4113210858777165e-05
0.020620577037334442
0.1973203718662262
0.00016122788656502962
0.0004373376432340592
7.655954686924815e-05
0.008638252504169941
9.566180233377963e-05
0.00022045984223950654
0.00010606113937683403
3.51242815668229e-05
6.454154208768159e-05
0.0002658992016222328
0.018842311576008797
0.0001018623515847139
8.435480413027108e-05
0.0004792464605998248
0.00010659483086783439
0.008157247677445412
0.014072583056986332
9.797683742363006e-05
0.1011277511715889
0.0006213359883986413
9.235023753717542e-05
9.967391088139266e-05
0.00020518043311312795
0.0008088379399850965
0.00024837107048369944
0.015307683497667313
8.178756979759783e-05
0.002081508981063962
0.0063314177095890045
4.7683253797004e-05
0.05752590671181679
0.18464788794517517
0.04168296232819557
9.183245128951967e-05
0.023770803585648537
0.014553232118487358
0.00014090184413362294
2.6554858777672052e-05
0.0026893846224993467
0.4948459565639496
0.00010788373765535653
0.00045449365279637277
0.00020514648349490017
2.712525201786775e-05
0.05009579658508301
0.022977372631430626
0.01707453280687332
0.05702521279454231
0.007074974477291107
9.03860418475233e-05
0.017215343192219734
6.245383701752871e-05
0.0002102098223986104
0.023285051807761192
0.00012283396790735424
3.315333015052602e-05
4.413513670442626e-05
0.0014961921842768788
0.00011978682596236467
0.013853450305759907
0.0002095384115818888
0.0020988937467336655
0.012531259097158909
0.00021381574333645403
0.018816813826560974
0.008950667455792427
0.0012063543545082211
0.0003755761426873505
0.0001186471781693399
0.0008373992750421166
2.20244110096246e-05
0.00017573214427102357
0.015702567994594574
7.19206509529613e-05
0.00019374296243768185
0.009443730115890503
0.006759332027286291
0.002464083954691887
0.036850374191999435
0.002421186538413167
0.012483256869018078
0.03456646949052811
0.2711207866668701
0.25266310572624207
0.00015945419727358967
5.3899097110843286e-05
0.00022941628412809223
4.904241723124869e-05
0.13007572293281555
0.0006894856342114508
3.862342782667838e-05
0.02430194616317749
1.462366617488442e-05
0.014862893149256706
0.011566339060664177
7.156332139857113e-05
0.02513153851032257
5.8759287639986724e-05
3.030790321645327e-05
0.00016442358901258558
5.0596256187418476e-05
0.001382133923470974
0.00011158765846630558
0.004757704678922892
0.00016342001617886126
0.046297330409288406
8.07774267741479e-05
0.03252313658595085
0.01848386414349079
8.521921699866652e-05
0.17084315419197083
3.7634887121384963e-05
2.3033870093058795e-05
5.234995114733465e-05
0.21141158044338226
7.002287748036906e-05
0.00014079324319027364
8.538379915989935e-05
0.00018477582489140332
6.424274761229753e-05
0.17910492420196533
7.335436384892091e-05
0.016663208603858948
0.024729326367378235
0.5864819288253784
0.00025648370501585305
0.00013202276022639126
0.000364744511898607
0.02204870618879795
0.00012014179083053023
0.5899994373321533
0.03893735259771347
0.02487441524863243
0.00010464971273904666
0.012876528315246105
0.0003059282898902893
0.0003440090804360807
9.942245378624648e-05
2.7132778996019624e-05
3.845150058623403e-05
0.011181610636413097
0.00011862191604450345
0.18686656653881073
0.0010035427985712886
0.0004380223690532148
7.918868504930288e-05
0.01381353847682476
0.0007482762448489666
0.00018208660185337067
8.458838419755921e-05
0.019907860085368156
0.0003133436548523605
0.009949008002877235
0.00026779770269058645
0.00018030463252216578
0.0971345454454422
6.685001426376402e-05
0.09826251119375229
0.1595560908317566
0.0002273357822559774
3.2902753446251154e-05
6.39196005067788e-05
0.0028355340473353863
0.00012495889677666128
0.021714266389608383
0.019761137664318085
2.3014334146864712e-05
9.59503959165886e-05
5.721386696677655e-05
9.204573871102184e-05
0.006706638261675835
2.1821510017616674e-05
0.0001319743605563417
0.004969816654920578
0.017277680337429047
0.009980665519833565
6.321121327346191e-05
0.00010827303776750341
0.0020570149645209312
0.0008305564406327903
0.0002699264441616833
0.01563010737299919
0.00012368323223199695
0.0003538420714903623
0.0007994024781510234
0.0011238296283409
0.00013050618872512132
0.03154308348894119
0.013477698899805546
0.00018910648941528052
0.16022889316082
0.024131307378411293
0.016382422298192978
0.006191319786012173
6.914015102665871e-05
0.0006083426997065544
1.1667153557937127e-05
0.05967099964618683
0.13714930415153503
0.020844867452979088
8.350067946594208e-05
8.151674410328269e-05
0.015172591432929039
0.0001273008092539385
0.0001567342405905947
0.00034994989982806146
7.505984103772789e-05
0.026661185547709465
0.01159599982202053
0.08375456929206848
0.00010780047887237743
5.433142723632045e-05
0.015899090096354485
0.0003018288698513061
0.1525454819202423
0.022383196279406548
0.0068985517136752605
0.02268904633820057
0.0012399388942867517
0.010711174458265305
0.00018630645354278386
0.00014995355741120875
0.00012176075688330457
1.194612923427485e-05
0.18062041699886322
0.23394088447093964
0.004527872893959284
0.00014021655078977346
5.321249773260206e-05
0.024787526577711105
8.525091107003391e-05
0.05330802500247955
0.012097673490643501
0.0031461487524211407
0.02062280662357807
0.00015181944763753563
0.0035857497714459896
0.00014904026465956122
3.744389323401265e-05
0.028678325936198235
3.3839365642052144e-05
0.0001311787054874003
0.2056218832731247
6.886610935907811e-05
3.859509160974994e-05
0.010056854225695133
3.1381452572532e-05
0.002124483697116375
0.0002883419510908425
0.00031420422601513565
4.908351547783241e-05
0.0001207860914291814
0.013058172538876534
0.0001101156449294649
0.27937620878219604
0.0031600682996213436
0.00014172919327393174
0.00022135840845294297
2.160996154998429e-05
5.0779501179931685e-05
0.014635201543569565
0.002194709610193968
8.233128755819052e-05
5.709519609808922e-05
0.010860485956072807
5.654717460856773e-05
9.487818897468969e-05
0.0003921901516150683
0.0002420088421786204
0.014049427583813667
0.0002805738477036357
1.349786816717824e-05
8.709941175766289e-05
0.00011218466534046456
0.00016948109259828925
0.01969676837325096
0.00020324021170381457
0.020949378609657288
0.0025599952787160873
0.07154084742069244
0.026818301528692245
7.369338709395379e-05
0.014112659730017185
0.00019360762962605804
9.594886068953201e-05
0.00015640609490219504
5.912083724979311e-05
0.00024568074150010943
0.0003465223126113415
0.5417840480804443
0.09405995905399323
0.00024358190421480685
0.00024968525394797325
0.005643556825816631
0.010414700955152512
4.98081608384382e-05
0.19320718944072723
0.008488453924655914
0.00020794135343749076
0.2646303176879883
0.003696044906973839
0.07967029511928558
0.014329683966934681
1.593800880073104e-05
0.013823507353663445
0.00019961861835327
0.03233911097049713
5.325181700754911e-05
0.0001373693667119369
3.951150574721396e-05
5.213483382249251e-05
0.030542220920324326
0.00019839125161524862
0.00019524572417140007
0.002629421418532729
0.00044008437544107437
2.0436642444110475e-05
4.2687861423473805e-05
7.032462599454448e-05
0.05388252064585686
0.013042955659329891
0.17546294629573822
0.0002486848970875144
5.365950710256584e-05
0.004962395876646042
0.022626422345638275
0.00015487169730477035
0.08418893069028854
0.1870056688785553
0.01682276278734207
0.00013140241208020598
0.2774074971675873
2.748359111137688e-05
0.022379331290721893
9.006733307614923e-05
9.070021042134613e-05
0.005909285973757505
0.024278240278363228
0.007613851688802242
0.1764882355928421
0.00017824774840846658
0.0008609152864664793
0.02721703052520752
0.00019443771452642977
0.004678655881434679
0.15223710238933563
0.00011476365034468472
0.27886107563972473
0.000560702639631927
0.009765150025486946
0.00027342638350091875
0.023212820291519165
0.004849299788475037
0.0004139747761655599
0.00011264918430242687
7.209333853097633e-05
0.007931550964713097
2.9134647775208578e-05
0.2760559320449829
0.022699400782585144
0.013857330195605755
0.02033188007771969
0.0017644275212660432
0.00402778061106801
3.628478225436993e-05
0.008074432611465454
0.40957891941070557
0.011516275815665722
0.18264104425907135
8.613189129391685e-05
6.19047277723439e-05
0.028506645932793617
0.02010645531117916
9.138692985288799e-05
0.08639660477638245
0.00029418221674859524
2.941288948932197e-05
0.013954411260783672
0.01105845533311367
0.00016685508308000863
0.21411742269992828
0.00014893661136738956
9.586196392774582e-05
0.0004011197597719729
3.409822966204956e-05
0.0001296908885706216
0.00657552108168602
0.0003017413255292922
0.0003161723434459418
2.824100556608755e-05
0.019618496298789978
9.170885459752753e-05
2.6557994715403765e-05
0.020146969705820084
7.213663775473833e-05
0.015207456424832344
0.0004577008367050439
0.014635330066084862
0.0007059654453769326
0.00017109433247242123
0.0002483923453837633
5.024327492719749e-06
1.0956040568999015e-05
0.00024366803700104356
0.00021730357548221946
0.01506714802235365
0.008859583176672459
0.018735285848379135
6.368158938130364e-05
0.0001108033538912423
0.02195139043033123
5.1095954404445365e-05
0.019413266330957413
7.595161878271028e-05
0.1563083678483963
0.00016353106184396893
0.2200273871421814
0.012566495686769485
0.013038279488682747
0.033558864146471024
0.01994606852531433
6.652221782132983e-05
8.072661148617044e-05
0.02394954115152359
0.05231866240501404
0.2574616074562073
0.0003152746648993343
0.00019505502132233232
0.0004227602912578732
0.034666065126657486
3.788548201555386e-05
0.0002613668912090361
0.00013245915761217475
2.1440420823637396e-05
0.007688171695917845
5.978439003229141e-05
8.429803710896522e-05
0.02359951287508011
9.191133722197264e-05
0.0004480519564822316
0.1364627629518509
0.19922935962677002
0.00015081609308253974
0.037958502769470215
7.563774124719203e-05
0.0017027005087584257
0.008768788538873196
0.006353437900543213
0.0054019480012357235
5.218636215431616e-05
0.0036106796469539404
0.0002548290940467268
0.00030393042834475636
0.00010706837201723829
0.0019873196724802256
0.018689490854740143
0.21836009621620178
0.34943467378616333
4.2738083720905706e-05
9.910793596645817e-05
0.00011437354260124266
0.0035344045609235764
7.305289909709245e-05
3.6393765185493976e-05
6.156840390758589e-05
1.5262932720361277e-05
0.019511688500642776
2.7473728550830856e-05
0.007416258100420237
0.0001687553449301049
0.00032318205921910703
0.0001348239602521062
0.00018467166228219867
7.278523116838187e-05
2.6799023544299416e-05
9.875484829535708e-05
0.0001958750799531117
0.00012159060861449689
6.037877392373048e-05
0.00024470448261126876
9.57508382271044e-05
3.747344089788385e-05
0.005856627132743597
0.0002040504477918148
0.0006003757007420063
0.014061952941119671
8.43734887894243e-05
0.009746523573994637
6.487977952929214e-05
0.03343348950147629
0.004803657066076994
0.02661600522696972
0.00020576163660734892
0.014699325896799564
0.04100804030895233
0.00017686844512354583
0.006399224046617746
0.0020953514613211155
0.0009191244025714695
0.0009298655204474926
0.00012847772450186312
0.007418962195515633
0.025745674967765808
6.116394069977105e-05
1.3849442439095583e-05
0.010484009981155396
0.0007084272219799459
0.00012134436110500246
0.0007286852924153209
0.00016843658522702754
0.012348438613116741
0.0002754725283011794
0.00010986512643285096
0.00022292984067462385
0.01613164134323597
0.010654467158019543
0.00023017014609649777
0.2171740084886551
0.0180024653673172
0.0002152036176994443
0.007621012162417173
0.040825892239809036
0.03188467398285866
2.314594030380249
0.1300642341375351
5.343466909835115e-05
0.00014481559628620744
0.0168025940656662
0.00013560097431764007
8.946761954575777e-05
0.0001135164056904614
0.010082004591822624
0.001256180345080793
0.020174911245703697
0.005969869904220104
7.821920735295862e-05
0.016348542645573616
0.011341426521539688
0.00013123874668963253
0.0001517880882602185
0.00011751389683922753
0.0007613336783833802
0.00017391929577570409
-7.167756734816066e-07
0.0071588195860385895
0.015103157609701157
7.627724698977545e-05
7.282907608896494e-05
5.574160240939818e-05
0.02097264677286148
2.6640083888196386e-05
0.0003110627585556358
6.748560554115102e-05
5.2263356337789446e-05
2.7669833798427135e-05
0.2221924364566803
0.0001342297182418406
0.3706108331680298
0.00018505290790926665
6.917529390193522e-05
0.025319010019302368
0.16025465726852417
0.00012212754518259317
0.06941691040992737
0.01544121652841568
0.00014470721362158656
0.1740904301404953
0.011642452329397202
1.2677649465331342e-05
0.00268070911988616
0.20123527944087982
0.201787069439888
0.007354150991886854
0.0055770548060536385
0.06936109811067581
0.1527000069618225
0.0005497043603099883
0.0284495297819376
0.023160578683018684
0.00945339072495699
0.00013358035357668996
0.14744463562965393
0.00016281678108498454
6.61420244796318e-06
5.394109757617116e-05
0.00012538369628600776
0.21580113470554352
0.0008474537171423435
4.118406286579557e-05
0.030919041484594345
5.1847022405127063e-05
0.000374893716070801
4.9947764637181535e-05
0.005793988239020109
0.0006320207030512393
0.008580677211284637
0.11689786612987518
0.00013035706069786102
0.00020133715588599443
0.00012534423149190843
0.01897275820374489
0.00035785563522949815
2.255747494928073e-05
0.003958829678595066
0.000650947738904506
0.018863391131162643
0.1800399124622345
0.00015045725740492344
0.1754148006439209
4.687875116360374e-05
3.4002143365796655e-05
0.3187602460384369
0.00020450627198442817
0.010378051549196243
0.19113826751708984
0.0001230768975801766
0.008265060372650623
1.335840170213487e-05
0.000245066563365981
0.0003864603932015598
0.023453708738088608
2.461394433339592e-05
2.192796273448039e-05
0.00045584782492369413
0.009683586657047272
0.015186256729066372
0.02231563813984394
0.00033907921169884503
5.969892299617641e-05
0.02546554245054722
0.00024552858667448163
0.3643064796924591
0.008288328535854816
0.008380030281841755
0.02123241499066353
0.017218023538589478
0.0014202389866113663
0.009043346159160137
0.03147956728935242
1.9245587587356567
0.1646525114774704
0.00021828067838214338
0.0004898656043224037
0.16124023497104645
0.01150570809841156
0.0004599809763021767
0.0001032252621371299
0.00018684286624193192
0.2008836269378662
0.005224677734076977
5.3724885219708085e-05
0.00018294401525054127
0.0001544770348118618
0.008328820578753948
3.979215762228705e-05
0.24762925505638123
0.014278735965490341
0.009552530013024807
0.00029615877429023385
0.00025802390882745385
0.06423915177583694
0.00018094872939400375
0.019069653004407883
0.009167637676000595
9.494928963249549e-05
1.9151248125126585e-05
0.00015307360445149243
0.00026448670541867614
0.011774761602282524
0.0019962373189628124
6.275851046666503e-05
0.00753995543345809
0.024179916828870773
0.023090776056051254
8.909458119887859e-05
7.950076542329043e-05
5.95861129113473e-05
0.001466160174459219
0.0002187385834986344
0.0293414443731308
0.0001534268812974915
0.00010684590961318463
0.0004002610221505165
5.1955797971459106e-05
0.00798253808170557
0.05067985877394676
0.013226436451077461
0.0002841621753759682
0.011529115028679371
0.038928624242544174
0.14123588800430298
0.0292506106197834
0.00013413571286946535
6.786656740587205e-05
0.04907526448369026
0.18699222803115845
0.0048876856453716755
0.00016025286458898336
6.881133595015854e-05
2.779839633149095e-05
0.0007990838494151831
0.017312802374362946
9.841931750997901e-05
0.0003993961145170033
0.019849542528390884
0.19328448176383972
5.5419081036234275e-05
0.01484105084091425
3.146785093122162e-05
0.00023502377734985203
0.0665842816233635
0.019805310294032097
0.00013246852904558182
4.484023884288035e-05
6.79123550071381e-05
0.00023700215388089418
0.004810459911823273
0.00010432740964461118
0.00010202616977039725
0.0002859927772078663
0.012218466959893703
1.4468633708020207e-05
5.4808617278467864e-05
0.005369705613702536
0.0002034868812188506
0.027013534680008888
