0.0012121408944949508
0.0030662391800433397
0.02177102118730545
0.00035990800824947655
0.009917366318404675
0.013867729343473911
0.01104025263339281
0.003791185561567545
0.007428760640323162
0.007930292747914791
0.02778422087430954
0.006754621863365173
0.003822204191237688
0.014352252706885338
0.009834058582782745
0.01829788088798523
0.009074101224541664
0.0006222017109394073
0.009006300941109657
0.011341119185090065
0.010304956696927547
0.012138543650507927
0.0013756758999079466
0.007892932742834091
0.0005379521753638983
0.0008210273226723075
0.003484021406620741
0.010417256504297256
0.007506264839321375
0.011172370985150337
0.0011257827281951904
0.013061554171144962
0.007852621376514435
0.012433353811502457
0.008716750890016556
0.004535923711955547
0.00888292957097292
0.007994525134563446
0.011667980812489986
0.004976954776793718
0.009981665760278702
0.02524830400943756
0.0021418980322778225
0.0009047554340213537
0.0004215550434309989
0.007351687643676996
0.014829611405730247
0.010237814858555794
0.026554696261882782
0.0003769148897845298
0.00042005282011814415
0.009392724372446537
0.008896280080080032
0.01243186742067337
0.0053870235569775105
0.001394589664414525
0.005655563902109861
0.010578611865639687
0.00325129390694201
0.0004866727686021477
0.11155252903699875
0.009143882431089878
0.011726070195436478
0.009024443104863167
0.006154067348688841
0.007342950440943241
0.006399904377758503
0.0007760798325762153
0.009236739948391914
0.02592315524816513
0.023746564984321594
0.007442552596330643
0.0011950457701459527
0.0007921237265691161
0.011517832055687904
0.01816088706254959
0.0012337779626250267
0.010660381987690926
0.005481230095028877
0.007943115197122097
0.008694205433130264
0.010804491117596626
0.026098567992448807
0.0060179391875863075
0.005030530970543623
0.006488022860139608
0.010620500892400742
0.0026628230698406696
0.00044774659909307957
0.008396632969379425
0.009089968167245388
0.012936891987919807
0.0021868536714464426
0.03233974054455757
0.013917336240410805
0.010049757547676563
0.0003273095062468201
0.01955445297062397
0.0009647213737480342
0.01568640023469925
0.015402153134346008
0.005690958350896835
0.005565452389419079
0.043553221970796585
0.010496396571397781
0.0005209531518630683
0.00222728680819273
0.004080542828887701
0.007252525072544813
0.0008769964915700257
0.0017910960596054792
0.012133450247347355
0.00475858012214303
0.01431502029299736
0.00799700990319252
0.008462103083729744
0.06276878714561462
0.010324850678443909
0.012796557508409023
0.01227435003966093
0.014006034471094608
0.021528568118810654
0.011009424924850464
0.008248278871178627
0.01102161779999733
0.013120613992214203
0.0025019007734954357
0.012189135886728764
0.00036292095319367945
0.007335546426475048
0.005573742091655731
0.014740552753210068
0.00782863236963749
0.015314921736717224
0.010252286680042744
0.013939794152975082
0.00591111509129405
0.012795102782547474
0.000871072756126523
0.007518677972257137
0.014091189950704575
0.02976096235215664
0.0006325394497253001
0.006477080285549164
0.01606510765850544
0.017774881795048714
0.008991526439785957
0.009762996807694435
0.007984509691596031
0.012569430284202099
0.008784864097833633
0.010007541626691818
0.006065873429179192
0.012704232707619667
0.0006283766124397516
0.006893642246723175
0.020006276667118073
0.012850018218159676
0.011360013857483864
0.029372094199061394
0.0008478701347485185
0.006270723417401314
0.024852316826581955
0.006489116698503494
0.0023784085642546415
0.010210067965090275
0.0017093135975301266
0.009690945968031883
0.015940628945827484
0.000932253897190094
0.0075781517662107944
0.0052330754697322845
0.007957573980093002
0.0017505069263279438
0.0007312981178984046
0.009713353589177132
0.01245129108428955
0.009409857913851738
0.00876582134515047
0.013194888830184937
0.0005216569406911731
0.0007304057362489402
0.014746961183845997
0.0005414030165411532
0.0013519622152671218
0.00457712123170495
0.017749004065990448
0.07099016010761261
0.013706037774682045
0.007639389950782061
0.012760365381836891
0.02183237299323082
0.004336480982601643
0.005098727066069841
0.019220314919948578
0.013053148053586483
0.006293702870607376
0.007421745918691158
0.015640679746866226
0.011277636513113976
0.012141885235905647
0.008576549589633942
0.0015999887837097049
0.012523441575467587
0.02050572820007801
0.008175374940037727
0.009677818976342678
0.0008831489831209183
0.024864785373210907
0.009706477634608746
0.00746172247454524
0.01283719576895237
0.010247821919620037
0.011573174968361855
0.011663705110549927
0.010158158838748932
0.0015375139191746712
0.10890479385852814
0.004931507632136345
0.011431176215410233
0.00800670962780714
0.0073664868250489235
0.017419302836060524
0.00046739241224713624
0.0074196672067046165
0.006607184652239084
0.0006651994190178812
0.001081034541130066
0.0035481012891978025
0.012635350227355957
0.011933142319321632
0.010618608444929123
0.0067163147032260895
0.001547168823890388
0.012799941003322601
0.004598789848387241
0.005015653558075428
0.00897808838635683
0.008940017782151699
0.01370839960873127
0.0028711550403386354
0.00093964918050915
0.009303025901317596
0.0046464125625789165
0.006397387012839317
0.019358709454536438
0.007588510401546955
0.006749389693140984
0.0038883965462446213
0.01998540386557579
0.012214534915983677
0.009549139998853207
0.006654057186096907
0.005979218985885382
0.0038260554429143667
0.013069484382867813
0.010264063253998756
0.012875739485025406
0.008587941527366638
0.004689067602157593
0.016747718676924706
0.007163632195442915
0.024646278470754623
0.018873488530516624
0.013964256271719933
0.008963887579739094
0.003389183897525072
0.013967897742986679
0.018425991758704185
0.012288441881537437
0.008434504270553589
0.020601879805326462
0.011807650327682495
0.0030841089319437742
0.00772127928212285
0.01370182354003191
0.009587189182639122
0.0256345272064209
0.010924101807177067
0.009154715575277805
0.027609888464212418
0.03290702775120735
0.008965776301920414
0.010895551182329655
0.003157638944685459
0.010808424092829227
0.020977411419153214
0.007185014896094799
0.015013030730187893
0.009249681606888771
0.024728909134864807
0.01849622093141079
0.02934730425477028
0.014966358430683613
0.013689267449080944
0.013779968023300171
0.015061939135193825
0.017159756273031235
0.007590098772197962
0.003104992676526308
0.004751940257847309
0.013968126848340034
0.007589859422296286
0.19637629389762878
0.000999619485810399
0.02589276060461998
0.00582844065502286
0.00052645179675892
0.007960489951074123
0.0025449825916439295
0.005881810560822487
0.0013612869661301374
0.013462289236485958
0.009736085310578346
0.0017974297516047955
0.0007220857660286129
0.010414035990834236
0.0009306792635470629
0.004650625865906477
0.002227043965831399
0.009853352792561054
0.01177974697202444
0.011226807720959187
0.001187913934700191
0.010803047567605972
0.0027789450250566006
0.013447792269289494
0.004602466709911823
0.028644243255257607
0.015447238460183144
0.009005902335047722
0.011760890483856201
0.011804823763668537
0.0027909534983336926
0.009888425469398499
0.014439803548157215
0.001077916705980897
0.012416628189384937
0.011740618385374546
0.021426629275083542
0.01149597205221653
0.009048189967870712
0.0066199093125760555
0.006785925477743149
0.001026547746732831
0.00044583831913769245
0.010805065743625164
0.006686987355351448
0.02886427752673626
0.008950653485953808
0.015005539171397686
0.008816385641694069
0.01868198625743389
0.03878301754593849
0.002610566094517708
0.00685895187780261
0.006623073481023312
0.01082090474665165
0.007321013603359461
0.0002765292883850634
0.008332684636116028
0.014285869896411896
0.01037902757525444
0.00666778301820159
0.0064112357795238495
0.0010031554847955704
0.031660519540309906
0.008207458071410656
0.0034009069204330444
0.0019641686230897903
0.012208366766571999
0.011917767114937305
0.008584236726164818
0.009436342865228653
0.013727707788348198
0.009589621797204018
0.016818087548017502
0.008347874507308006
0.00859137438237667
0.04198808595538139
0.015042342245578766
0.00898180902004242
0.0008029146119952202
0.007755304221063852
0.0018505722982808948
0.012061439454555511
0.008161993697285652
0.012938686646521091
0.03765705227851868
0.0013912445865571499
0.01451820507645607
0.00949674192816019
0.01036749966442585
0.003961619455367327
0.00037844254984520376
0.015666717663407326
0.0005558264092542231
0.00041243969462811947
0.00796506367623806
0.002364263404160738
0.011882899329066277
0.014454390853643417
0.00757968332618475
0.011221974156796932
0.0005691646365448833
0.009523093700408936
0.010705705732107162
0.012157557532191277
0.017973843961954117
0.005389436148107052
0.010220120660960674
0.007864701561629772
0.008079983294010162
0.008737930096685886
0.0024874694645404816
0.01033199205994606
0.004163360223174095
0.006646892987191677
0.008498452603816986
0.0017814197344705462
0.020226236432790756
0.010714638978242874
0.0013539869105443358
0.01052046474069357
0.018392693251371384
0.006591762416064739
0.021281640976667404
0.0013619449455291033
0.012945478782057762
0.008739708922803402
0.002459765411913395
0.019899750128388405
0.010582218877971172
0.0046440185979008675
0.006804241798818111
0.025667840614914894
0.009494547732174397
0.017783982679247856
0.007828470319509506
0.012699893675744534
0.016038458794355392
0.0023782160133123398
0.01647503301501274
0.0067516472190618515
0.008286853320896626
0.0002761211362667382
0.004788580816239119
0.011600056663155556
0.009599102661013603
0.00840227771550417
0.008949775248765945
0.004474337678402662
0.00917745754122734
0.008870694786310196
0.012050817720592022
0.010955026373267174
0.005608759820461273
0.011390761472284794
0.014096101745963097
0.0017062895931303501
0.005760380998253822
0.011982165277004242
0.004043198190629482
0.007143786177039146
0.010008370503783226
0.007920462638139725
0.001426058355718851
0.014644523151218891
0.015636038035154343
0.008472030982375145
0.006864013150334358
0.010232029482722282
0.004110592883080244
0.0017893146723508835
0.013769235461950302
0.0015295277116820216
0.010946528054773808
0.013980472460389137
0.014965099282562733
0.02108445018529892
0.0009748448501341045
0.013780444860458374
0.008196525275707245
0.01734129525721073
0.016056494787335396
0.006517714820802212
0.000294630037387833
0.008732018060982227
0.00826216209679842
0.0135044539347291
0.0025208937004208565
0.009042786434292793
0.0096493661403656
0.009489662013947964
0.01310329046100378
0.00045191298704594374
0.007058252580463886
0.027729442343115807
0.0015479606809094548
0.0012724640546366572
0.001457269536331296
0.001683457288891077
0.010647894814610481
0.00488393846899271
0.007610823027789593
0.0066523440182209015
0.004468367900699377
0.005640444345772266
0.0165645033121109
0.02790650725364685
0.0006827429169788957
0.014512890949845314
0.010248063132166862
0.00360634527169168
0.00836750864982605
0.012336758896708488
0.03307614102959633
0.011378857307136059
0.0023294261191040277
0.04155651107430458
0.00724472850561142
0.00917336717247963
0.00665693823248148
0.08615568280220032
0.009829004295170307
0.01530260220170021
0.005693648010492325
0.013758179731667042
0.006875708699226379
0.00620891060680151
0.011946765705943108
0.011706212535500526
0.01132917869836092
0.010663587599992752
0.001588724902831018
0.009990571066737175
0.006508168298751116
0.00890167523175478
0.006408190354704857
0.010592851787805557
0.00771180447191
0.0019036971498280764
0.005895061418414116
0.01191241480410099
0.07366516441106796
0.013289982452988625
0.022088775411248207
0.01329045370221138
0.009454628452658653
0.002693949965760112
0.005358415190130472
0.012595043517649174
0.0032656763214617968
0.003004115540534258
0.014465734362602234
0.002357684774324298
0.0032057417556643486
0.004652034025639296
0.012912988662719727
0.007043427787721157
0.00851819571107626
0.013924472033977509
0.014211693778634071
0.02494080737233162
0.010848501697182655
0.008573392406105995
0.008860676549375057
0.06296999007463455
0.011474419385194778
0.00920772086828947
0.00046994074364192784
0.004066608380526304
0.017875734716653824
0.010739517398178577
0.007864600047469139
0.008669765666127205
0.006730470806360245
0.011673644185066223
0.007928320206701756
0.0028925910592079163
0.00575086148455739
0.0018916125409305096
0.014097781851887703
0.0030677574686706066
0.022518165409564972
0.012670490890741348
0.006386426277458668
0.008757432922720909
0.007974929176270962
0.018083671107888222
0.018986929208040237
0.001556033850647509
0.06015939638018608
0.002000114880502224
0.008565686643123627
0.00555080734193325
0.006938111502677202
0.012194112874567509
0.015200898051261902
0.0023144546430557966
0.007386345416307449
0.011988172307610512
0.016815200448036194
0.017026331275701523
0.02119344472885132
0.014614894054830074
0.007717773783951998
0.00728387339040637
0.02583198994398117
0.010267936624586582
0.09100844711065292
0.015479535795748234
0.013647641986608505
0.010461870580911636
0.014200111851096153
0.013719120994210243
0.009698433801531792
0.016934487968683243
0.01553270686417818
0.0032717883586883545
0.0011735152220353484
0.007366156205534935
0.00023301245528273284
0.0057974280789494514
0.009066474623978138
0.0022933140862733126
0.011166997253894806
0.03310280293226242
0.007690132595598698
0.007394962944090366
0.014438294805586338
0.014387214556336403
0.0032836138270795345
0.011110106483101845
0.0010816685389727354
0.003102434566244483
0.007748191710561514
0.01064363680779934
0.007575111463665962
0.0040332255885005
0.02299381047487259
0.014706656336784363
0.003668174846097827
0.010485466569662094
0.0008489073952659965
0.007648307364434004
0.0030823044944554567
0.01070600189268589
0.0062284814193844795
0.002986618783324957
0.01429428718984127
0.0013678180985152721
0.0137404166162014
0.004495302680879831
0.008090009912848473
0.008871819823980331
0.007376415655016899
0.0023720806930214167
0.005033885128796101
0.0029504841659218073
0.002787977224215865
0.0003293283225502819
0.010428553447127342
0.006702742539346218
0.006006913725286722
0.010097013786435127
0.011600311845541
0.001679521519690752
0.01095298770815134
0.005609831307083368
0.16293705999851227
0.012827858328819275
0.015675969421863556
0.00701137213036418
0.01183432899415493
0.004914670716971159
0.013493936508893967
0.0010864553041756153
0.02093311958014965
0.0075979349203407764
0.012259597890079021
0.005660081282258034
0.006360397208482027
0.013729536905884743
0.0028148330748081207
0.007294229231774807
0.007188144139945507
0.06214197725057602
0.00037853929097764194
0.011397715657949448
0.023044729605317116
0.001825143932364881
0.01156591810286045
0.00927945040166378
0.008998739533126354
0.0005882210098206997
0.014298127964138985
0.011042102240025997
0.004623772576451302
0.012658583000302315
0.010967672802507877
0.004859718959778547
0.009161273017525673
0.011221298016607761
0.0005187832284718752
0.023667536675930023
0.008338411338627338
0.010717608034610748
0.006609722040593624
0.009045172482728958
0.0009776444640010595
0.009480434469878674
0.007734864018857479
0.005453333258628845
0.006008198019117117
0.0008867835276760161
0.06354682892560959
0.010227602906525135
0.009459096938371658
0.019679296761751175
0.02180153876543045
0.0044681536965072155
0.0010329167125746608
0.00921238586306572
0.012324163690209389
0.0013955073663964868
0.14214731752872467
0.0103232953697443
0.012888855300843716
0.007044849451631308
0.011022579856216908
0.011057894676923752
0.000937156321015209
0.012346622534096241
0.010856281034648418
0.00959214847534895
0.007658554241061211
0.005024028476327658
0.02319519594311714
0.006375871133059263
0.009640409611165524
0.009892311878502369
0.01564939133822918
0.01770426332950592
0.007449811324477196
0.01312028057873249
0.008141637779772282
0.01280401274561882
0.02333594113588333
0.009184831753373146
0.010828161612153053
0.002704630373045802
0.01913621462881565
0.01092984713613987
0.011107442900538445
0.008759179152548313
0.007389939855784178
0.005980680696666241
0.010259680449962616
0.005978819914162159
0.012534590438008308
0.014217372983694077
0.007807367946952581
0.005027306266129017
0.008604873903095722
0.010574222542345524
0.01888836920261383
0.008531499654054642
0.009933858178555965
0.008457810617983341
0.004961550235748291
0.011090310290455818
0.002344702370464802
0.010296707041561604
0.011021856218576431
0.008326509967446327
0.013194438070058823
0.0343952402472496
0.002915083896368742
0.006581916473805904
0.00932538416236639
0.008091672323644161
0.0036288858391344547
0.012316628359258175
0.007210145238786936
0.012564429081976414
0.0024490919895470142
0.013912642374634743
0.012391259893774986
0.0008443504339084029
0.00019249410252086818
0.015413761138916016
0.0006995394942350686
0.01331651397049427
0.008035912178456783
0.007579965051263571
0.0018027806654572487
0.009086702950298786
0.016251161694526672
0.009304181672632694
0.017333954572677612
0.014296721667051315
0.01317274384200573
0.009494980797171593
0.010096438229084015
0.00663825124502182
0.03293195366859436
0.0022176112979650497
0.014654253609478474
0.008881211280822754
0.038769375532865524
0.0017568959156051278
0.024143775925040245
0.010840564034879208
0.017437729984521866
0.006138746626675129
0.0026923015248030424
0.013150759041309357
0.014935220591723919
0.011762991547584534
0.006772754248231649
0.0016630860045552254
0.00036604044726118445
0.011122968047857285
0.007773119956254959
0.011735000647604465
0.0087722297757864
0.005251611582934856
0.0204039067029953
0.00596659816801548
0.014855668880045414
0.012526525184512138
0.009849372319877148
0.003729688236489892
0.016975274309515953
0.006628062110394239
0.008991267532110214
0.00427312171086669
0.01214243657886982
0.007149404846131802
0.012985718436539173
0.010918308980762959
0.012685129418969154
0.0067008379846811295
0.0018110298551619053
0.007969860918819904
0.0015942554455250502
0.008876797743141651
0.007928458042442799
0.015616429969668388
0.013414742425084114
0.0028912825509905815
0.008123936131596565
0.027936208993196487
0.008671363815665245
0.014870712533593178
0.016779541969299316
0.02062218077480793
0.012829410843551159
0.011832335963845253
0.008994591422379017
0.00842013768851757
0.008770224638283253
0.001327085541561246
0.009430592879652977
0.017912263050675392
0.0107882684096694
0.009011290967464447
0.011853142641484737
0.01289675384759903
0.0061864834278821945
0.011239327490329742
0.028122831135988235
0.014462603256106377
0.01179498340934515
0.009824726730585098
0.0032164063304662704
0.009965105913579464
0.008206711150705814
0.008622226305305958
0.0030496930703520775
0.00982967484742403
0.021960530430078506
0.014210560359060764
0.0050516133196651936
0.029285086318850517
0.008518102578818798
0.0227084718644619
0.000870288407895714
0.008297374472022057
0.00670056464150548
0.010013479739427567
0.005637465976178646
0.0012857146793976426
0.0037550521083176136
0.009350169450044632
0.011277016252279282
0.012162286788225174
0.02799772098660469
0.021046238020062447
0.005714356433600187
0.009721115231513977
0.008782519027590752
0.00938401184976101
0.00032762237242423
0.011909992434084415
0.0015095588751137257
0.01693355292081833
0.009087799116969109
0.017425285652279854
0.007534960750490427
0.014152180403470993
0.011527739465236664
0.0013454469153657556
0.0013593090698122978
0.015798918902873993
0.04136957228183746
0.013407313264906406
0.00038210939965210855
0.003985595889389515
0.007662964519113302
0.007899388670921326
0.017913883551955223
0.0017069788882508874
0.008454144932329655
0.0006043436005711555
0.011425986886024475
0.01065171416848898
0.007126599550247192
0.016399184241890907
0.0007067946717143059
0.0005484721041284502
0.0008732402930036187
0.006792131811380386
0.007515140809118748
0.003298897296190262
0.025874584913253784
0.0007870383560657501
0.011416854336857796
0.013379153795540333
0.007545258849859238
0.0020820845384150743
0.05569124221801758
0.029333878308534622
0.008485899306833744
0.009942978620529175
0.010901657864451408
0.007532824762165546
0.0040773311629891396
0.0052337548695504665
0.008883628994226456
0.008836797438561916
0.006303251720964909
0.0031040224712342024
0.007524461485445499
0.012971161864697933
0.0019211822655051947
0.00542228389531374
0.007521319203078747
0.0012869873316958547
0.0006804449949413538
0.008244074881076813
0.0013923079241067171
0.019194751977920532
0.010301362723112106
0.00873966421931982
0.00042730593122541904
0.008277048356831074
0.015597410500049591
0.024296671152114868
0.02813163585960865
0.01128621120005846
0.010299241170287132
0.015727482736110687
0.007894303649663925
0.0010809417581185699
0.0029292763210833073
0.03058725781738758
0.0034388951025903225
0.0001721575972624123
0.0046246289275586605
0.006800750736147165
0.004488340113312006
0.025408731773495674
0.017268596217036247
0.014275159686803818
0.00032846248359419405
0.01059245690703392
0.0076114460825920105
0.009080654010176659
0.00865195319056511
0.006821142975240946
0.005200589075684547
0.00127072399482131
0.00664096511900425
0.012344935908913612
0.008095916360616684
0.006843446753919125
0.01154676079750061
0.0161738283932209
0.012193161062896252
0.016994869336485863
0.005069258622825146
0.0016863299533724785
0.0014717041049152613
0.008465012535452843
0.008852966129779816
0.007524847984313965
0.0031635169871151447
0.012507416307926178
0.0005465301219373941
0.02046961896121502
0.002426708582788706
0.008365316316485405
0.007166622206568718
0.011260587722063065
0.006951035000383854
0.004082346335053444
0.0036842352710664272
0.0053029549308121204
0.018556710332632065
0.012869324535131454
0.02083294652402401
0.008583206683397293
0.0011520619736984372
0.014190739020705223
0.0040862662717700005
0.012211066670715809
0.0020488740410655737
0.0015898330602794886
0.004827167373150587
0.0023652268573641777
0.03027522750198841
0.005321627948433161
0.010777970775961876
0.009323058649897575
0.008863731287419796
0.008383531123399734
0.00673796096816659
0.009958764538168907
0.021953124552965164
0.011590825393795967
0.0012860563583672047
0.01168177742511034
0.006001087371259928
0.007409403100609779
0.015573430806398392
0.007421394810080528
0.010338202118873596
0.015841715037822723
0.010063249617815018
0.011967543512582779
0.010990605689585209
0.014803625643253326
0.008229590021073818
0.010308216325938702
0.009435547515749931
0.011579662561416626
0.01005650870501995
0.0005054583307355642
0.0009244756074622273
0.006528453901410103
0.00497752008959651
0.01375771127641201
0.004209734499454498
0.007251777686178684
0.010608549229800701
0.007989631965756416
0.007863949052989483
0.00836372934281826
0.006843914277851582
0.008165429346263409
0.0033051844220608473
0.00985914096236229
0.010041682980954647
0.007710025180131197
0.0004972442984580994
0.012709035538136959
0.018357671797275543
0.0042634392157197
0.011708906851708889
0.014361079782247543
0.009824328124523163
0.006111506372690201
0.0024450363125652075
0.0003887422208208591
0.020106123760342598
0.005347372964024544
0.009880837053060532
0.00904124416410923
0.04813600704073906
0.02056465670466423
0.002269099000841379
0.0019627639558166265
0.010585862211883068
0.014612378552556038
0.010924849659204483
0.006047703791409731
0.000886672583874315
0.006994124501943588
0.02011246792972088
0.00989314541220665
0.009711019694805145
0.008897656574845314
0.0023153116926550865
0.014071708545088768
0.014258762821555138
0.006098762154579163
0.007497382815927267
0.015247541479766369
0.01004356425255537
0.011966478079557419
0.01960592344403267
0.0012177485041320324
0.009615616872906685
0.08691781759262085
0.011262407526373863
0.005933369044214487
0.005709440913051367
0.011899450793862343
0.00026578421238809824
0.008004187606275082
0.007631656713783741
0.008030956611037254
0.007072587497532368
0.005216869525611401
0.002711113542318344
0.010163424536585808
0.009086240082979202
0.010307544842362404
0.018022283911705017
0.010269277729094028
0.00029380182968452573
0.010434063151478767
0.0015368396416306496
0.0006560893380083144
0.009432400576770306
0.04632747173309326
0.012521175667643547
0.010363340377807617
0.0012523308396339417
0.0022487682290375233
0.00438708858564496
0.003135231789201498
0.0010230718180537224
0.01766737923026085
0.009254409931600094
0.02873913012444973
0.010204441845417023
0.0011247532675042748
0.023030631244182587
0.009698514826595783
0.02360955812036991
0.028031688183546066
0.0003531833353918046
0.00741434283554554
0.01090230979025364
0.013405868783593178
0.007458127103745937
0.04745883494615555
0.013317243196070194
0.0234009250998497
0.012441515922546387
0.003465424757450819
0.009832254610955715
0.0008470241446048021
0.0010742922313511372
0.009103297255933285
0.018499240279197693
0.02303849346935749
0.01611330360174179
0.008875020779669285
0.013488315045833588
0.001198437879793346
0.0074598174542188644
0.0005767655093222857
0.007131402846425772
0.010800187475979328
0.0007289108471013606
0.007033698260784149
0.008273809216916561
0.0075589073821902275
0.008785506710410118
0.03670376539230347
0.010140305384993553
0.011285535991191864
0.009677175432443619
0.0019556989427655935
0.007762557361274958
0.009046153165400028
0.010234354063868523
0.01923035830259323
0.0007043408695608377
0.008780079893767834
0.01323677971959114
0.005625361576676369
0.007986572571098804
0.0007714726380072534
0.009252309799194336
0.016364846378564835
0.0023390664719045162
0.011703750118613243
0.014695322141051292
0.01344634685665369
0.0065777297131717205
0.005403365474194288
0.004891831427812576
0.00748642161488533
0.009249004535377026
0.0013925281818956137
0.0005645444034598768
0.008650197647511959
0.01287317369133234
0.009302720427513123
0.0005066607845947146
0.010104035958647728
0.013107500039041042
0.013180775567889214
0.008332833647727966
0.010224868543446064
0.02972348779439926
0.0020648986101150513
0.01160966232419014
0.007393078878521919
0.0014438682701438665
0.007893666625022888
0.024083444848656654
0.01156875491142273
0.015975303947925568
0.01529472041875124
0.008366926573216915
0.009481191635131836
0.01113627664744854
0.018666846677660942
0.00908174179494381
0.015123667195439339
0.0072477757930755615
0.005851577036082745
0.006996176205575466
0.006269020959734917
0.008321128785610199
0.0006862974842078984
0.010087937116622925
0.01503194309771061
0.030537916347384453
0.003074362874031067
0.006662164814770222
0.03311513364315033
0.018356088548898697
0.00914614275097847
0.0016132937744259834
0.008293317630887032
0.017376011237502098
0.0009972082916647196
0.007886062376201153
0.019748669117689133
0.010000752285122871
0.01725541427731514
0.009830326773226261
0.004205203149467707
0.002036930760368705
0.001421822002157569
0.029041310772299767
0.0008009403245523572
0.0005849427543580532
0.004380848724395037
0.006279841531068087
0.007992008700966835
0.001152962213382125
0.0005269108805805445
0.012902927584946156
0.0030874682124704123
0.009815908968448639
0.0014415545156225562
0.037066277116537094
0.006368205416947603
0.013503710739314556
0.02127436362206936
0.007378994021564722
0.00790887139737606
0.0009548767702654004
0.0063908337615430355
0.0013206017902120948
0.014762746170163155
0.005151431541889906
0.01487024873495102
0.008327595889568329
0.006240533664822578
0.006026802584528923
0.006609640549868345
0.0074933972209692
0.009216454811394215
0.012657267972826958
0.006180173251777887
0.0061952718533575535
0.016261108219623566
0.011391762644052505
0.01069958321750164
0.009257388301193714
0.033578310161828995
0.018947724252939224
0.007561633363366127
0.010352632962167263
0.009867042303085327
0.0077938511967659
0.013120590709149837
0.008972580544650555
0.020878249779343605
0.007661810144782066
0.0004525865369942039
0.005136099644005299
0.010063808411359787
0.014502955600619316
0.030289949849247932
0.0042863814160227776
0.008653854951262474
0.010158884339034557
0.018335087224841118
0.0015583710046485066
0.007995491847395897
0.012048172764480114
0.015485809184610844
0.02980908937752247
0.0030934300739318132
0.011934258043766022
0.015029314905405045
0.007743281312286854
0.007702050730586052
0.009940577670931816
0.003092894796282053
0.009288124740123749
0.0037165482062846422
0.007775461301207542
0.0010500906500965357
0.008592616766691208
0.0010056867031380534
0.006919101811945438
0.006127821281552315
0.038408517837524414
0.010485130362212658
0.01033871527761221
0.014884142205119133
0.01259586401283741
0.0339810848236084
0.006980249658226967
0.05956932529807091
0.018404455855488777
0.006633175536990166
0.002094720955938101
0.00695184338837862
0.004986894316971302
0.00793445110321045
0.005754950921982527
0.007934557273983955
0.01328224502503872
0.005475195590406656
0.022642062976956367
0.003999642096459866
0.007319974713027477
0.013188960030674934
0.0007712820079177618
0.0017708471277728677
0.009787001647055149
0.015368372201919556
0.03163246810436249
0.007151825353503227
0.0017221388407051563
0.01336362399160862
0.030032433569431305
0.0008137858239933848
0.0011148614576086402
0.004194749519228935
0.021930983290076256
0.01259540393948555
0.011170603334903717
0.0073781004175543785
0.0012851549545302987
0.0035129475872963667
0.012713317759335041
0.02225993014872074
0.0008840671507641673
0.008480796590447426
0.008888076059520245
0.006735365837812424
0.010948117822408676
0.006205079145729542
0.00957636907696724
0.013530371710658073
0.010438276454806328
0.013431847095489502
0.00605262815952301
0.007197798695415258
0.010977514088153839
0.01145230233669281
0.004010162316262722
0.009414095431566238
0.07437772303819656
0.01126126293092966
0.000433519046055153
0.009650064632296562
0.013341668993234634
0.0003130795666947961
0.019855210557579994
0.030771106481552124
0.007641735952347517
0.011585257947444916
0.015589652583003044
0.019511215388774872
0.0016751582734286785
0.020005445927381516
0.017528671771287918
0.06010608375072479
0.022360950708389282
0.014839623123407364
0.0066062891855835915
0.010282376781105995
0.0022447016090154648
0.0003780327970162034
0.013593894429504871
0.011457826942205429
0.003004934871569276
0.012079227715730667
0.007824262604117393
0.007654022425413132
0.17150449752807617
0.007906552404165268
0.029363417997956276
0.00929917674511671
0.013232273049652576
0.014099596068263054
0.004998024553060532
0.01587163284420967
0.021413851529359818
0.012040968984365463
0.0009151974227279425
0.017275266349315643
0.011690167710185051
0.0005984264425933361
0.0004193277272861451
0.006262479815632105
0.0006606385577470064
0.005270719062536955
0.007212574128061533
0.018098007887601852
0.0005963888834230602
0.010521205142140388
0.012165060266852379
0.008732520043849945
0.00567191606387496
0.0007512779557146132
0.004841265734285116
0.009364014491438866
0.003945464268326759
0.006466851569712162
0.0011325282976031303
0.006505906116217375
0.00545518659055233
0.010097892954945564
0.004649098496884108
0.011539764702320099
0.01199452206492424
0.009175004437565804
0.013023666106164455
0.023551784455776215
0.012245381250977516
0.009626442566514015
0.01720992662012577
0.016227565705776215
0.015869533643126488
0.012632876634597778
0.0023267120122909546
0.013399952091276646
0.0012591988779604435
0.000293735065497458
0.010313481092453003
0.013664241880178452
0.0033885797020047903
0.01086365059018135
0.040961842983961105
0.006171588320285082
0.004422338679432869
0.0026076138019561768
0.026814941316843033
0.0355757512152195
0.00906173512339592
0.0017950397450476885
0.0017034957418218255
0.009405089542269707
0.013837512582540512
0.007900964468717575
0.010524159297347069
0.019795827567577362
0.025748470798134804
0.004765199031680822
0.010065327398478985
0.011678315699100494
0.008503698743879795
0.02665827050805092
0.008658433333039284
0.027717065066099167
0.01033716183155775
0.0131464172154665
0.0014478296507149935
0.008130017668008804
0.020355455577373505
0.006847697775810957
0.010557176545262337
0.010820445604622364
0.007948832586407661
0.007104170508682728
0.0013599053490906954
0.009448261931538582
0.01014777272939682
0.009733444079756737
0.00647478923201561
0.0024181054905056953
0.057562410831451416
0.006084122229367495
0.017498472705483437
0.01638929545879364
0.011516854166984558
0.01432747207581997
0.011907779611647129
0.009494747966527939
0.007453418802469969
0.021286647766828537
0.00797606073319912
0.015335576608777046
0.0066370111890137196
0.005729887634515762
0.010232850909233093
0.004573265090584755
0.007758826948702335
0.01965993456542492
0.010725283063948154
0.012031334452331066
0.013929296284914017
0.010817743837833405
0.0007018621545284986
0.0014794280286878347
0.0014057755470275879
0.013612998649477959
0.0007004103972576559
0.005355867091566324
0.009070523083209991
0.005208366550505161
0.010205975733697414
0.013982810080051422
0.001839158241637051
0.014496292918920517
0.004919332917779684
0.04938395693898201
0.014070290140807629
0.006989792920649052
0.026746826246380806
0.010002516210079193
0.007435276638716459
0.02151302993297577
0.004185074009001255
0.03097015619277954
0.013491502031683922
0.008064298890531063
0.007921225391328335
0.004629321396350861
0.00494486466050148
0.004724787548184395
0.005023281089961529
0.016176927834749222
0.003774230135604739
0.0053212204948067665
0.008424999192357063
0.008740175515413284
0.007868783548474312
0.011316436342895031
0.008435134775936604
0.008146164007484913
0.019779371097683907
0.022243743762373924
0.008832104504108429
0.0034911795519292355
0.008097425103187561
0.010145599022507668
0.013570548966526985
0.001531991409137845
0.0071191140450537205
0.011394255794584751
0.010500450618565083
0.010801243595778942
0.0014020380331203341
0.010053643025457859
0.0024401890113949776
0.012996193021535873
0.010900556109845638
0.0009071070235222578
0.012234093621373177
0.006873347330838442
0.011000624857842922
0.004942756146192551
0.005361276678740978
0.0021421811543405056
0.007770837284624577
0.017790280282497406
0.003930342849344015
0.04614492133259773
0.0019936030730605125
0.0029010456055402756
0.00789861474186182
0.006213953718543053
0.00829636212438345
0.01003273669630289
0.006527206394821405
0.00878822710365057
0.011886028572916985
0.008333668112754822
0.007299331482499838
0.0034334955271333456
0.00260736932978034
0.009579727426171303
0.008545462042093277
0.0008315455634146929
0.006027993280440569
0.005918679293245077
0.0008180277072824538
0.0005684001953341067
0.0011330897687003016
0.009769482538104057
0.0008221687749028206
0.010563435964286327
0.016100173816084862
0.008308456279337406
0.019239868968725204
0.04670250415802002
0.00938425026834011
0.009647783823311329
0.017850693315267563
0.011574452742934227
0.018655452877283096
0.007466412149369717
0.0060626668855547905
0.010120703838765621
0.005974226631224155
0.0003399720008019358
0.0008536376408301294
0.011723455041646957
0.004828430712223053
0.008432351052761078
0.010118989273905754
0.010289010591804981
0.006537017412483692
0.008077386766672134
0.006549557205289602
0.005432534031569958
0.0014768061228096485
0.0131221329793334
0.009615770541131496
0.007613138295710087
0.008396783843636513
0.007561354897916317
0.002586062066257
0.00046712279436178505
0.014019731432199478
0.016042692586779594
0.023066822439432144
0.007752036675810814
0.006451545748859644
0.0011573492083698511
0.0003946023643948138
0.07568863034248352
0.013409647159278393
0.006128912791609764
0.013980701565742493
0.010005827061831951
0.006793973967432976
0.013671375811100006
0.0022751763463020325
0.00915393978357315
0.003592872526496649
0.013856802135705948
0.005790933035314083
0.013647939078509808
0.037519171833992004
0.006555996835231781
0.013315518386662006
0.01523110456764698
0.0007559077348560095
0.0042863101698458195
0.005903726443648338
0.005715057719498873
0.010820861905813217
0.002175696659833193
0.0036119655705988407
0.006898895837366581
0.005474980920553207
0.013567700982093811
0.06761443614959717
0.008755676448345184
0.01647084392607212
0.01677502691745758
0.007509398739784956
0.001955148298293352
0.008626463823020458
0.00873393565416336
0.0034734108485281467
0.02915002778172493
0.009363239631056786
0.00585914496332407
0.036515023559331894
0.01748347468674183
0.01418066956102848
0.027189582586288452
0.007701525930315256
0.01082664541900158
0.0077723730355501175
0.023841120302677155
0.0010012193815782666
0.01233632117509842
0.006116215139627457
0.005130919627845287
0.004119620658457279
0.000845041184220463
0.03610461950302124
0.004454740788787603
0.00857173278927803
0.013310224749147892
0.011850624345242977
0.0006544714560732245
0.0009848196059465408
0.019030744209885597
0.0072355326265096664
0.00834573432803154
0.008941175416111946
0.007425995077937841
0.0021211705170571804
0.017909161746501923
0.007669198792427778
0.009259587153792381
0.009371771477162838
0.002038047881796956
0.0030533564276993275
0.004558651242405176
0.0017313897842541337
0.015290270559489727
0.012819169089198112
0.010626126080751419
0.006089007016271353
0.002407883293926716
0.01087996643036604
0.013020331971347332
0.026826592162251472
0.02849927730858326
0.006357885897159576
0.009314771741628647
0.01102371420711279
0.006988327018916607
0.006690968759357929
0.00657467357814312
0.01761142909526825
0.011001599952578545
0.012130895629525185
0.0038604617584496737
0.01492968201637268
0.003709613811224699
0.06531345099210739
0.0007959703216329217
0.0062261056154966354
0.0024976246058940887
0.015295816585421562
0.005041574593633413
0.026272635906934738
0.020375341176986694
0.020018642768263817
0.010143641382455826
0.008155240677297115
0.010814851149916649
0.004924346227198839
0.011697018519043922
0.0009226831025443971
0.0010793653782457113
0.003770582377910614
0.04412011057138443
0.01745818555355072
0.0025388922076672316
0.01334436610341072
0.007916124537587166
0.022410498932003975
0.012042129412293434
0.015370087698101997
0.014767441898584366
0.011018993332982063
0.008463989943265915
0.011629939079284668
0.0076377554796636105
0.011121632531285286
0.014110339805483818
0.011201842688024044
0.012608973309397697
0.008335561491549015
0.010515694506466389
0.029165856540203094
0.0007160386303439736
0.00468580424785614
0.007040931843221188
0.013447596691548824
0.010911863297224045
0.0402056910097599
0.011247452348470688
0.006238049361854792
0.015296240337193012
0.020891044288873672
0.010365718975663185
0.007046373561024666
0.008234737440943718
0.015241162851452827
0.012534422799944878
0.06728767603635788
0.01192823052406311
0.007182714529335499
0.0010149105219170451
0.007183806970715523
0.00918593816459179
0.013486625626683235
0.0024513364769518375
0.035329267382621765
0.016564901918172836
0.00937754288315773
0.004048168659210205
0.008794695138931274
0.013141311705112457
0.011881552636623383
0.002855285070836544
0.020234528928995132
0.014507084153592587
0.01103646494448185
0.022124867886304855
0.018942561000585556
0.015150428749620914
0.007815464399755001
0.008563583716750145
0.00036106258630752563
0.02021765150129795
0.011848928406834602
0.0005596989067271352
0.008021452464163303
0.01903136447072029
0.00479510985314846
0.012457510456442833
0.0027328934520483017
0.0010368296643719077
0.03272610530257225
0.006920438725501299
0.01382491085678339
0.0018122446490451694
0.012310406193137169
0.013950851745903492
0.022036626935005188
0.0063770245760679245
0.006873094476759434
0.008601058274507523
0.0011446935823187232
0.028305158019065857
0.008132830262184143
0.01919133961200714
0.010829303413629532
0.0009939802112057805
0.016553642228245735
0.002048915484920144
0.017284981906414032
0.004758106544613838
0.00043837929842993617
0.013103990815579891
0.0025021382607519627
0.00023085522116161883
0.007677395828068256
0.001797212054952979
0.0004520032089203596
0.011290466412901878
0.007357919123023748
0.009813575074076653
0.001884892350062728
0.003374922089278698
0.010643557645380497
0.0006542684277519584
0.013280797749757767
0.000739298528060317
0.013282548636198044
0.011564429849386215
0.004289898090064526
0.011156905442476273
0.022090991958975792
0.0104965940117836
0.007548914756625891
0.02372925728559494
0.0028280194383114576
0.019660817459225655
0.0012298119254410267
0.0034219371154904366
0.0014612087979912758
0.01349756121635437
0.011003974825143814
0.014966564252972603
0.0051799193024635315
0.011405271477997303
0.0107008321210742
0.015696091577410698
0.007539927028119564
0.007946746423840523
0.027012795209884644
0.007862754166126251
0.00957823358476162
0.00615592859685421
0.008535890839993954
0.0735752135515213
0.015321850776672363
0.008750766515731812
0.006868138909339905
0.009806052781641483
0.0007787976646795869
0.0069301538169384
0.003342175390571356
0.0005414310144260526
0.008864902891218662
0.010682891122996807
0.015573495998978615
0.008282564580440521
0.04572965204715729
0.0016274781664833426
0.007960131391882896
0.023797210305929184
0.0015595158329233527
0.00203500734642148
0.01791984960436821
0.009680291637778282
0.01477259211242199
0.008139410987496376
0.012996286153793335
0.00600670138373971
0.0046628909185528755
0.0001407430972903967
0.011901672929525375
0.0014773535076528788
0.015606771223247051
0.005328148603439331
0.013412619940936565
0.02194380946457386
0.0006415210082195699
0.010841462761163712
0.00951224286109209
0.022238746285438538
0.0008169309585355222
0.0006018881103955209
0.0008232468971982598
0.011164315044879913
0.01104359608143568
0.012399815954267979
0.00028782011941075325
0.003490106202661991
0.0030227303504943848
0.013282684609293938
0.0076810820028185844
0.006112991366535425
0.0005355846369639039
0.0012322283582761884
0.015520364046096802
0.008175480179488659
0.0006337474333122373
0.007298918906599283
0.014962265267968178
0.019833695143461227
0.003420260502025485
0.0004224974545650184
0.008900133892893791
0.009447196498513222
0.013678573071956635
0.00833364948630333
0.012808923609554768
0.012950314208865166
0.004546462558209896
0.01469490211457014
0.004147635307163
0.006029190495610237
0.01284842286258936
0.010460087098181248
0.004880975000560284
0.02156292088329792
0.006312845274806023
0.0005888009909540415
0.00061562389601022
0.011237990111112595
0.007271318230777979
0.01098041795194149
0.0003907631034962833
0.008052592165768147
0.010567089542746544
0.019100520759820938
0.0013859668979421258
0.0033606986980885267
0.011557762511074543
0.008142590522766113
0.017363542690873146
0.008924552239477634
0.013714997097849846
0.010244088247418404
0.008550195954740047
0.006775066256523132
0.005891674663871527
0.022089991718530655
0.00815367978066206
0.008128727786242962
0.015432768501341343
0.014070671983063221
0.009353196248412132
0.005465753376483917
0.016900142654776573
0.006127535831183195
0.012074755504727364
0.015227594412863255
0.00766275729984045
0.002668879460543394
0.013839060440659523
0.0055867331102490425
0.005976235494017601
0.009113779291510582
0.0002319599880138412
0.017187437042593956
0.007654726505279541
0.01846311427652836
0.010522156953811646
0.0006349182804115117
0.02098955772817135
0.012597783468663692
0.008127373643219471
0.022192886099219322
0.0062859016470611095
0.00041443342342972755
0.004614285659044981
0.036032840609550476
0.012977330014109612
0.007090635597705841
0.0013466901145875454
0.017107687890529633
0.009998795576393604
0.008120119571685791
0.0049912286922335625
0.012147106230258942
0.005024535581469536
0.015912072733044624
0.009745937772095203
0.00031207932624965906
0.003630769904702902
0.0007295420509763062
0.017476197332143784
0.009493876248598099
0.014389347285032272
0.0867842435836792
0.011062419041991234
0.0036462147254496813
0.004196131136268377
0.0070425765588879585
0.001885293168015778
0.01844821497797966
0.011533822864294052
0.003852586727589369
0.008643453009426594
0.011803030967712402
0.012117642909288406
0.007503434084355831
0.010793497785925865
0.011406185105443
0.03060051053762436
0.005644978955388069
0.022722940891981125
0.006083415821194649
0.0011029003653675318
0.00721981143578887
0.0023060839157551527
0.005734479986131191
0.008281303569674492
0.0008633347461000085
0.01351334247738123
0.011426900513470173
0.0049086883664131165
0.0016309414058923721
0.00038313958793878555
0.024777334183454514
0.0017015363555401564
0.0008090623305179179
0.00652454886585474
0.012622945941984653
0.00945144984871149
0.010955126956105232
0.0006353892385959625
0.011508245952427387
0.0009125752840191126
0.009772374294698238
0.015394989401102066
0.009259756654500961
0.013645495288074017
0.005495737306773663
0.016511445865035057
0.007019096985459328
0.02126999944448471
0.006731349043548107
0.020619705319404602
0.002068923320621252
0.011678344570100307
0.006238886155188084
0.005200252868235111
0.0003000744909513742
0.0059113590978085995
0.012365559116005898
0.030299101024866104
0.01039213314652443
0.00018870555504690856
0.007748625241219997
0.0036877095699310303
0.00029301096219569445
0.008432075381278992
0.0007049927953630686
0.025129057466983795
0.009787483140826225
0.005125098396092653
0.011071179062128067
0.011165727861225605
0.00984974205493927
0.0008864495321176946
0.01256503164768219
0.0006935360142961144
0.017297927290201187
0.008511368185281754
0.012547878548502922
0.008997519500553608
0.0012713344767689705
0.009311961010098457
0.01130574382841587
0.01361759938299656
0.013764049857854843
0.032040126621723175
0.007983730174601078
0.01011751964688301
0.012518834322690964
0.007935854606330395
0.007811973337084055
0.00033410923788324
0.007249089889228344
0.006054941099137068
0.010247580707073212
0.009103604592382908
0.014674258418381214
0.010959679260849953
0.008076479658484459
0.010928803123533726
0.016164224594831467
0.011103825643658638
0.010967008769512177
0.020059481263160706
0.02347257360816002
0.007129876874387264
0.004347886424511671
0.011923985555768013
0.011278143152594566
0.016782844439148903
0.013817325234413147
0.002612648531794548
0.006998897530138493
0.002054640557616949
0.009348838590085506
0.001243164180777967
0.007357564754784107
0.0053618974052369595
0.04489755257964134
0.013839513063430786
0.006904246285557747
0.006453168578445911
0.008755079470574856
0.0012079948792234063
0.0004245313466526568
0.0024629835970699787
0.007110821083188057
0.05414250120520592
0.006368325557559729
0.006709680892527103
0.00036026054294779897
0.006203033961355686
0.012445582076907158
0.004378287121653557
0.009617779403924942
0.03301490843296051
0.0016716429963707924
0.016893085092306137
0.013323573395609856
0.012428046204149723
0.013456391170620918
0.03166786581277847
0.008837318047881126
0.013268554583191872
0.03369077667593956
0.0019642102997750044
0.007654685527086258
0.0003783919964917004
0.0057139648124575615
0.023273319005966187
0.010110367089509964
0.018567126244306564
0.006350294686853886
0.017223089933395386
0.001235606730915606
0.01649167761206627
0.014250732958316803
0.012603896670043468
0.02643013745546341
0.0016238493844866753
0.007771845441311598
0.01604912057518959
0.0011607147753238678
0.005337495356798172
0.008220493793487549
0.006390628404915333
0.009867219254374504
0.008996127173304558
0.014991862699389458
0.006943258456885815
0.010818005539476871
0.0032332544215023518
0.0015773826744407415
0.0017019392689689994
0.011769238859415054
0.003054875647649169
0.01644034869968891
0.012385942041873932
0.014203788712620735
0.010175701230764389
0.009289550594985485
0.014571589417755604
0.016361460089683533
0.02632177248597145
0.0036844059359282255
0.01618780940771103
0.008938204497098923
0.011758717708289623
0.012312561273574829
0.011526959016919136
0.022807415574789047
0.0029390754643827677
0.008688468486070633
0.005338143557310104
0.006427736487239599
0.0068900324404239655
0.017292767763137817
0.0014296274166554213
0.004074429627507925
0.014119617640972137
0.018100038170814514
0.012279439717531204
0.02258124016225338
0.012420120649039745
0.03754932060837746
0.01419672742486
0.00847694743424654
0.013651232235133648
0.006973688490688801
0.01382751576602459
0.000863110413774848
0.010192238725721836
0.009436454623937607
0.0019717272371053696
0.007167343981564045
0.009397003799676895
0.007002546917647123
0.008861664682626724
0.020010851323604584
0.008238603360950947
0.010819284245371819
0.04070857912302017
0.011001085862517357
0.04797739163041115
0.00628873473033309
0.0007300338475033641
0.03306129574775696
0.0034710599575191736
0.013796031475067139
0.018129467964172363
0.014568895101547241
0.01562548242509365
0.007414358202368021
0.0015220935456454754
0.010101497173309326
0.15859992802143097
0.007503436878323555
0.04328151047229767
0.015614249743521214
0.013462109491229057
0.015192240476608276
0.003415259998291731
0.011762483045458794
0.009639160707592964
0.011622156947851181
0.020964365452528
0.02460324764251709
0.00894673727452755
0.007616358809173107
0.00994021911174059
0.011701563373208046
0.013848522678017616
0.014432968571782112
0.05289263278245926
0.0055520059540867805
0.006854393519461155
0.00070087646599859
0.011013246141374111
0.00044100379454903305
0.008733835071325302
0.020757287740707397
0.0004611439653672278
0.010830891318619251
0.007411431986838579
0.007031036075204611
0.026698946952819824
0.011580171063542366
0.0023589441552758217
0.010283438488841057
0.008045381866395473
0.010765520855784416
0.00661359541118145
0.01463279128074646
0.01034499891102314
0.0005684969946742058
0.011288989335298538
0.012222878634929657
0.016936272382736206
0.0063678426668047905
0.004789010621607304
0.006296608597040176
0.015701180323958397
0.012034823186695576
0.008680536411702633
0.00350355077534914
0.0005364056560210884
0.011862054467201233
0.0013022648636251688
0.0089065320789814
0.013817328959703445
0.007713506929576397
0.002750986721366644
0.005815861281007528
0.008642143569886684
0.06415499746799469
0.006800131872296333
0.02343485876917839
0.00874139741063118
0.015622347593307495
0.00999402441084385
0.015138324350118637
0.006284181494265795
0.06099279224872589
0.00029550824547186494
0.006844992283731699
0.007748638279736042
0.006250005215406418
0.004168157000094652
0.009339302778244019
0.003215647768229246
0.014404772780835629
0.008532702922821045
0.014258036389946938
0.010862420313060284
0.007578610442578793
0.007011596113443375
0.010763981379568577
0.013948393985629082
0.004450574517250061
0.003801205428317189
0.007447767071425915
0.0002872371696867049
0.017051363363862038
0.009104968048632145
0.006247539073228836
0.009751086123287678
0.00616732332855463
0.049862880259752274
0.01478067971765995
0.0008683832129463553
0.012960633262991905
0.005533158313483
0.0024898163974285126
0.012999743223190308
0.003954223357141018
0.008442244492471218
0.006493827328085899
0.011228758841753006
0.0019454300636425614
0.009009182453155518
0.0012494539842009544
0.0077545735985040665
0.01629619486629963
0.008610844612121582
0.0038734099362045527
0.019660629332065582
0.014829576015472412
0.0003879040013998747
0.014790349639952183
0.010849328711628914
0.023181382566690445
0.01353904977440834
0.00819010566920042
0.009775931015610695
0.0026963180862367153
0.01419399306178093
0.013745319098234177
0.007895122282207012
0.012272925116121769
0.009005118161439896
0.02115771174430847
0.07872194051742554
0.0009691982995718718
0.00044091002200730145
0.0017184236785396934
0.0004547954013105482
0.0073210629634559155
0.02701515704393387
0.0010858889436349273
0.007695615291595459
0.00112438655924052
0.007240953855216503
0.0049232374876737595
0.0009342758567072451
0.01515954826027155
0.025615442544221878
0.008726726286113262
0.01541044283658266
0.01423010416328907
0.010696420446038246
0.0009558653109706938
0.0022909638937562704
0.00836051907390356
0.01073744148015976
0.0181855671107769
0.007640448398888111
0.008625146001577377
0.013729620724916458
0.004573588725179434
0.015707077458500862
0.023076236248016357
0.013662010431289673
0.008709598332643509
0.00780518539249897
0.008461885154247284
0.009449692443013191
0.001301272539421916
0.008798560127615929
0.008775251917541027
0.006206050049513578
0.0071914466097950935
0.013454863801598549
0.007993828505277634
0.0057327626273036
0.007776232436299324
0.0028183436952531338
0.0009244905086234212
0.10088655352592468
0.0004035532474517822
0.011773670092225075
0.005903179757297039
0.0005283007049001753
0.0001607221201993525
0.005321352276951075
0.010060116648674011
0.005785227753221989
0.0012096522841602564
0.0163711030036211
0.004104810766875744
0.007450563833117485
0.00830050464719534
0.0203180443495512
0.00935367587953806
0.011676216498017311
0.007734823040664196
0.00351813156157732
0.011433461681008339
0.01838843524456024
0.009623803198337555
0.014714944176375866
0.04779266193509102
0.029933255165815353
0.009615818038582802
0.011638974770903587
0.0016034350264817476
0.0009696524357423186
0.0029979452956467867
0.014069397933781147
0.00878172554075718
0.012715417891740799
0.009807795286178589
0.0005006316932849586
0.007186306640505791
0.009753422811627388
0.0006967780645936728
0.07878085970878601
0.021022342145442963
0.010376113466918468
0.022751908749341965
0.004788811784237623
0.0011713672429323196
0.0006507013458758593
0.0006787432939745486
0.01526754628866911
0.005290725268423557
0.041033267974853516
0.012499784119427204
0.009536948055028915
0.0013121335068717599
0.003995262086391449
0.009677013382315636
0.0079449862241745
0.008722547441720963
0.007860026322305202
0.007418095599859953
0.0006856590043753386
0.0012485762126743793
0.009577919729053974
0.0010691434144973755
0.007483597844839096
0.005969459656625986
0.03171855956315994
0.007113948464393616
0.009167847223579884
0.007966239005327225
0.004635241348296404
0.0007976513588801026
0.02643456682562828
0.00890531949698925
0.009563847444951534
0.0032908713910728693
0.009284090250730515
0.012085880152881145
0.010261906310915947
0.016589369624853134
0.009140667505562305
0.00036818586522713304
0.003676589811220765
0.01722712256014347
0.016902737319469452
0.009637506678700447
0.0005890760803595185
0.005855513270944357
0.008856609463691711
0.011954209767282009
0.015062380582094193
0.017296940088272095
0.016701197251677513
0.009035458788275719
0.016484005376696587
0.015323306433856487
0.009476818144321442
0.002347974106669426
0.015197067521512508
0.0017855099868029356
0.013969533145427704
0.005715042818337679
0.01623041182756424
0.015253957360982895
0.007407841272652149
0.006688572932034731
0.0024373922497034073
0.006757605820894241
0.00832020491361618
0.007290590554475784
0.014437859877943993
0.0017330064438283443
0.0019177724607288837
0.013503501191735268
0.010366931557655334
0.00041808740934357047
0.00614645890891552
0.001496462500654161
0.019247736781835556
0.0009399969130754471
0.021046249195933342
0.0065892767161130905
0.007535705808550119
0.006184296682476997
0.01737154833972454
0.01230149157345295
0.004538833629339933
0.006527820602059364
0.006431431509554386
0.014595827087759972
0.009696753695607185
0.009583251550793648
0.0016866233199834824
0.015428634360432625
0.021376589313149452
0.00031539073097519577
0.0092921806499362
0.009571406990289688
0.013948682695627213
0.024303190410137177
0.0013677827082574368
0.017401501536369324
0.01905249059200287
0.006446447689086199
0.0034101831261068583
0.0005003164988011122
0.024722695350646973
0.004662849474698305
0.009753197431564331
0.0025687566958367825
0.01083730161190033
0.0220860093832016
0.018872760236263275
0.013931747525930405
0.008758862502872944
0.01000496931374073
0.00026015518233180046
0.010376069694757462
0.007445083931088448
0.012858966365456581
0.013565880246460438
0.00742858462035656
0.010749943554401398
0.024483710527420044
0.009080993011593819
0.008286606520414352
0.018510092049837112
0.0075951432809233665
0.012900663539767265
0.004951237700879574
0.009479673579335213
0.0011209668591618538
0.025442149490118027
0.013832621276378632
0.00853028241544962
0.010374538600444794
0.008018461987376213
0.012914699502289295
0.007984565570950508
0.021588118746876717
0.010587979108095169
0.0046185581013560295
0.004566530231386423
0.014858564361929893
0.012492476031184196
0.00859630573540926
0.004089523572474718
0.009956976398825645
0.014254575595259666
0.018032129853963852
0.012862756848335266
0.01154586672782898
0.017844688147306442
0.005454933270812035
0.010017357766628265
0.009951331652700901
0.013332093134522438
0.021822044625878334
0.0024239476770162582
0.01058715395629406
0.0013325572945177555
0.0005559783894568682
0.008005611598491669
0.006278430111706257
0.00966206006705761
0.012145720422267914
0.0034316852688789368
0.01935996115207672
0.007909105159342289
0.004505794495344162
0.4142550230026245
0.008187001571059227
0.010660085827112198
0.004943589214235544
0.01932471990585327
0.012936929240822792
0.000767852645367384
0.008962240070104599
0.009379865601658821
0.00798938237130642
0.0076378644444048405
0.013470832258462906
0.002394767478108406
0.01573292538523674
0.012395823374390602
0.013156604021787643
0.010799283161759377
0.00547350337728858
0.0013747412012889981
0.0112557802349329
0.023488838225603104
0.010537082329392433
0.00838501937687397
0.0064591895788908005
0.002021246822550893
0.01512919645756483
0.006952875293791294
0.003054753178730607
0.015112314373254776
0.005576352588832378
0.0035869432613253593
0.0049199326895177364
0.014305220916867256
0.007853047922253609
0.010624994523823261
0.004562696907669306
0.007133170031011105
0.010217186063528061
0.011378180235624313
0.006061844062060118
0.0003775313089136034
0.00036521308356896043
0.008258423767983913
0.009062975645065308
0.014348851516842842
0.00952865555882454
0.008817039430141449
0.006799374707043171
0.016631288453936577
0.008967598900198936
0.003120644949376583
0.006819345522671938
0.011132330633699894
0.02206414006650448
0.020809385925531387
0.012026741169393063
0.018904106691479683
0.00642060860991478
0.015964604914188385
0.0003478185390122235
0.014423079788684845
0.00824186485260725
0.006342584732919931
0.010718505829572678
0.008251955732703209
0.01457738596946001
0.0034531601704657078
0.015064329840242863
0.00035709652001969516
0.00633953046053648
0.002330356277525425
0.011446853168308735
0.0005528827896341681
0.01764756627380848
0.01479215919971466
0.015503071248531342
0.01802963763475418
0.011394050903618336
0.0011144968448206782
0.0072491783648729324
0.013791557401418686
0.011710233055055141
0.004430449102073908
0.009845636785030365
0.00990927591919899
0.005916479974985123
0.01787448488175869
0.05557999759912491
0.0005352945881895721
0.01581219583749771
0.005072299856692553
0.009308085776865482
0.014440057799220085
0.01201627403497696
0.20145294070243835
0.01239093579351902
0.09821203351020813
0.011663230136036873
0.007503555156290531
0.0009514426928944886
0.016507308930158615
0.013246888294816017
0.02212689071893692
0.004288396332412958
0.0202361810952425
0.01958063803613186
0.0034281089901924133
0.0007522719679400325
0.014140572398900986
0.0027939551509916782
0.014852640219032764
0.00800939928740263
0.007400001399219036
0.008379556238651276
0.011735216714441776
0.014945762231945992
0.018363844603300095
0.006196158938109875
0.01764357089996338
0.00848405808210373
0.0013826163485646248
0.011755300685763359
0.008670251816511154
0.015892380848526955
0.008990980684757233
0.012810498476028442
0.008595370687544346
0.02296036295592785
0.016857456415891647
0.0074368068017065525
0.018751632422208786
0.011668691411614418
0.009306359104812145
0.008489880710840225
0.014766847714781761
0.005345689132809639
0.008985886350274086
0.005364912562072277
0.012540262192487717
0.009928567335009575
0.005595664493739605
0.000490739184897393
0.000896666431799531
0.018096180632710457
0.018790891394019127
0.013599743135273457
0.0063138860277831554
0.012175453826785088
0.008790101855993271
0.006683277897536755
0.017399145290255547
0.0015095405979081988
0.000520211411640048
0.007869596593081951
0.009450333192944527
0.006883417256176472
0.019545964896678925
0.006136218085885048
0.015810281038284302
0.004744912497699261
0.01637266017496586
0.016138354316353798
0.004345872439444065
0.013860172592103481
0.014659399166703224
0.007440635003149509
0.022867247462272644
0.010768755339086056
0.014980598352849483
0.01018516905605793
0.007506183348596096
0.03968924283981323
0.0011586666805669665
0.00797873642295599
0.0076281242072582245
0.004613489843904972
0.013320835307240486
0.00968180038034916
0.01164328120648861
0.009606847539544106
0.010709070600569248
0.009863622486591339
0.021721767261624336
0.0018826478626579046
0.007319370284676552
0.006569534540176392
0.01116207055747509
0.020710250362753868
0.0154026560485363
0.007924926467239857
0.009615323506295681
0.01387043297290802
0.0038454008754342794
0.007815894670784473
0.0004803827905561775
0.009987030178308487
0.04111644625663757
0.0030917061958462
0.008799017407000065
0.005365338176488876
0.06919403374195099
0.00038583273999392986
0.007616673596203327
0.0019499803893268108
0.005816779565066099
0.0024750095326453447
0.012472918257117271
0.0085287569090724
0.00420969445258379
0.007309008855372667
0.010854322463274002
0.012606019154191017
0.005462402477860451
0.0005009346059523523
0.001219714991748333
0.0013727876357734203
0.02106507122516632
0.01970135048031807
0.007722572889178991
0.010876806452870369
0.00844627246260643
0.04718964174389839
0.009999742731451988
0.008782010525465012
0.013979078270494938
0.007116053719073534
0.015168402343988419
0.010311959311366081
0.012738294899463654
0.007527378853410482
0.00793263129889965
0.04427958279848099
0.0070030419155955315
0.005808174144476652
0.0064450036734342575
0.008135220035910606
0.002455361420288682
0.014160992577672005
0.02269923686981201
0.008867700584232807
0.008837893605232239
0.010977201163768768
0.0006170517881400883
0.0120049137622118
0.008027448318898678
0.020904652774333954
0.0027874927036464214
0.008223497308790684
0.01830758899450302
0.008029717952013016
0.018578317016363144
0.001610566396266222
0.010332582518458366
0.03501155227422714
0.0081712044775486
0.0077204895205795765
0.021968182176351547
0.007423921022564173
0.011729549616575241
0.011477646417915821
0.006584082264453173
0.08852364867925644
0.008060907945036888
0.009869844652712345
0.006261087954044342
0.012678352184593678
0.007750500924885273
0.0009167740936391056
0.007859169505536556
0.005380248185247183
0.0062929014675319195
0.01099316030740738
0.0008920358377508819
0.00910762045532465
0.007511475123465061
0.0004945347318425775
0.007369695231318474
0.008709768764674664
0.00874287262558937
0.008441081270575523
0.010045425966382027
0.007797366473823786
0.009484043344855309
0.0008984701707959175
0.009241066873073578
0.0037335758097469807
0.0014296341687440872
0.01844368502497673
0.005805299151688814
0.007021288387477398
0.009395944885909557
0.012061106972396374
0.009592527523636818
0.005990723147988319
0.014857467263936996
0.011147541925311089
0.1012563407421112
0.006398708559572697
0.00907808542251587
0.0009494296973571181
0.0013424111530184746
0.012875963933765888
0.01690516248345375
0.0023429598659276962
0.01178243849426508
0.00939201656728983
0.01462564617395401
0.014515546150505543
0.012496355921030045
0.008383520878851414
0.0003499613667372614
0.0075280144810676575
0.027070265263319016
0.007870107889175415
0.0008717882446944714
0.011323359794914722
0.01862226612865925
0.004826659802347422
0.009999912232160568
0.009675712324678898
0.01001855917274952
0.0006867263000458479
0.008504467085003853
0.036914996802806854
0.011003326624631882
0.006121905520558357
0.022754596546292305
0.003956447821110487
0.013212003745138645
0.03515220433473587
0.0018373059574514627
0.009194964542984962
0.00806166511029005
0.013434387743473053
0.022429542616009712
0.016183597967028618
0.0010671732015907764
0.000541988352779299
0.0004999202792532742
0.028504449874162674
0.0067857299000024796
0.012698558159172535
0.0008942089043557644
0.011475895531475544
0.006098052952438593
0.006950033362954855
0.013070531189441681
0.007027992978692055
0.002145671285688877
0.006765260361135006
0.010755655355751514
0.010355724021792412
0.0013967202976346016
0.007976754568517208
0.0025174710899591446
0.009087285958230495
0.0034632734023034573
0.011316548101603985
0.0158576350659132
0.008744552731513977
0.011193308979272842
0.009280849248170853
0.009529984556138515
0.0006120532052591443
0.008252786472439766
0.007198970299214125
0.003326662117615342
0.012419858016073704
0.00641743466258049
0.0014018232468515635
0.0009171860292553902
0.005880018230527639
0.015564421191811562
0.01002789381891489
0.005451058968901634
0.024722358211874962
0.009917138144373894
0.007722499314695597
0.0046266475692391396
0.007838958874344826
0.010454664938151836
0.014209468849003315
0.006971327587962151
0.0008385403780266643
0.007436670362949371
0.011760082095861435
0.012409195303916931
0.012083277106285095
0.01817338541150093
0.00933765061199665
0.018003426492214203
0.021217025816440582
0.014253167435526848
0.017850160598754883
0.008079913444817066
0.009764165617525578
0.01915309950709343
0.010056231170892715
0.018232012167572975
0.007664772681891918
0.014284942299127579
0.005987244658172131
0.009336709976196289
0.0050362879410386086
0.0012645396636798978
0.017853103578090668
