0.017332645133137703
0.025058824568986893
0.01546277105808258
0.04572737589478493
0.03388436883687973
0.015855450183153152
0.3763490617275238
0.13093148171901703
0.024808861315250397
0.025440523400902748
0.0354134775698185
0.057965733110904694
0.030838822945952415
0.037280961871147156
0.0817369595170021
0.06403537094593048
0.008462992496788502
0.025543896481394768
0.03150370717048645
0.035568106919527054
0.01523557398468256
0.023267138749361038
0.3769184648990631
0.09426549077033997
0.027139944955706596
0.030509477481245995
0.04136885330080986
0.04986672103404999
0.021806802600622177
0.06619473546743393
0.05167841166257858
0.013001843355596066
0.17603684961795807
0.08908181637525558
0.02583332359790802
0.2726103663444519
0.030709095299243927
0.0337262786924839
0.006802234798669815
0.024957632645964622
0.11855115741491318
0.031051158905029297
0.07938853651285172
0.05006526783108711
0.03390388563275337
0.1541445553302765
0.02710261195898056
0.03932199627161026
0.05451923981308937
0.016650749370455742
0.02222321555018425
0.029759056866168976
0.28543901443481445
0.06048078462481499
0.08221325278282166
0.0393713042140007
0.022846980020403862
0.23422037065029144
0.013811464421451092
0.022400187328457832
0.05353911966085434
0.06609956175088882
0.06615304946899414
0.22412484884262085
0.003339115995913744
0.007124509662389755
0.0016494690207764506
0.004901432432234287
0.0011512807104736567
0.0010553759057074785
0.00138736586086452
0.0011913072085008025
0.00230408669449389
0.0011007135035470128
0.001264800550416112
0.002666613319888711
0.003175727790221572
0.0010969381546601653
0.0011767914984375238
0.0013619577512145042
0.0011697137961164117
0.0011283982312306762
0.011293604969978333
0.008588911034166813
0.0012088349321857095
0.0015863592270761728
0.004946622531861067
0.0017623332096263766
0.0016253513749688864
0.011120805516839027
0.0029040814843028784
0.03128949552774429
0.0011172319063916802
0.0015099516604095697
0.003375963307917118
0.0012496445560827851
0.007530455477535725
0.01868048496544361
0.002515111817047
0.004160350654274225
0.001230107736773789
0.0012993465643376112
0.002638650592416525
0.00929874274879694
0.0012657493352890015
0.001264755497686565
0.012264295481145382
0.0021545933559536934
0.0012478396529331803
0.0036615238059312105
0.0012040917063131928
0.01031198725104332
0.0011038092197850347
0.001199942547827959
0.012753087095916271
0.030432071536779404
0.0011589833302423358
0.0011963805882260203
0.005547975655645132
0.0041192746721208096
0.0012824072036892176
0.005574062466621399
0.0011696522124111652
0.001139573403634131
0.0011832433519884944
0.0033364868722856045
0.001360965776257217
0.0028009379748255014
0.01679391786456108
0.059974588453769684
0.021978262811899185
0.019788146018981934
0.025211941450834274
0.03854699805378914
0.030628181993961334
0.029727976769208908
0.015787534415721893
0.044435009360313416
0.02467227727174759
0.018698878586292267
0.015670888125896454
0.021286362782120705
0.04688435420393944
0.015508253127336502
0.01567130722105503
0.040672771632671356
0.019164610654115677
0.015378201380372047
0.036648932844400406
0.0123031260445714
0.02611084282398224
0.011329926550388336
0.04540771245956421
0.014266407117247581
0.034855157136917114
0.019187957048416138
0.01531342975795269
0.015411607921123505
0.021374648436903954
0.04810403287410736
0.009294568561017513
0.018842464312911034
0.03294645994901657
0.0208264347165823
0.02263818308711052
0.021615298464894295
0.01644856482744217
0.02193053998053074
0.021117763593792915
0.05867772921919823
0.028575358912348747
0.024141574278473854
0.028831349685788155
0.017462482675909996
0.03761370852589607
0.02305913157761097
0.01216990128159523
0.018939731642603874
0.01487012766301632
0.009246488101780415
0.02931375987827778
0.043999552726745605
0.017825741320848465
0.020546579733490944
0.022810157388448715
0.02243819832801819
0.017550375312566757
0.021470794454216957
0.020466016605496407
0.019740138202905655
0.019546372815966606
0.010348236188292503
0.001553975511342287
0.0035392395220696926
0.001992115518078208
0.013347886502742767
0.010841487906873226
0.0036423439159989357
0.004200150724500418
0.003958548419177532
0.00595247745513916
0.002403615042567253
0.004117187578231096
0.005751235410571098
0.002211071318015456
0.002671391237527132
0.03420316427946091
0.0020101903937757015
0.004876165185123682
0.001937791472300887
0.006719305645674467
0.07551410794258118
0.0019116498297080398
0.0028886019717901945
0.0021684595849364996
0.0027237676549702883
0.00539145665243268
0.002786134835332632
0.002384861698374152
0.08823841065168381
0.002382335253059864
0.002387778600677848
0.002033074852079153
0.003008614294230938
0.0014883468393236399
0.002464813180267811
0.0021085012704133987
0.0027196381706744432
0.001772843417711556
0.0041601588018238544
0.002776922658085823
0.0021925840992480516
0.0031972986180335283
0.0014451908646151423
0.002360159531235695
0.0041596186347305775
0.001992307836189866
0.005847341846674681
0.001986078452318907
0.001968666212633252
0.0019306542817503214
0.0033341548405587673
0.0023236696142703295
0.007024439051747322
0.003490404924377799
0.1149916797876358
0.0019215354695916176
0.0015077842399477959
0.01153764221817255
0.00220479816198349
0.0030892668291926384
0.002404633443802595
0.001553966198116541
0.0016910184640437365
0.0014306579250842333
0.004429766442626715
0.003366987220942974
0.004821960814297199
0.004948957357555628
0.0037097616586834192
0.009699376299977303
0.0033450517803430557
0.002926973858848214
0.01919439807534218
0.0192510224878788
0.0031940708868205547
0.0034378464333713055
0.004082086030393839
0.0039194789715111256
0.004159817937761545
0.008889136835932732
0.00554895494133234
0.004108787979930639
0.02380131185054779
0.011569838039577007
0.004901631269603968
0.004877145402133465
0.01974414847791195
0.004578359890729189
0.007246778812259436
0.00483545009046793
0.004303405527025461
0.002749819541350007
0.018524156883358955
0.0034826179035007954
0.0032692428212612867
0.005321635399013758
0.004100238438695669
0.0057556359097361565
0.0034021816682070494
0.023077409714460373
0.016915738582611084
0.003564804093912244
0.031500160694122314
0.016984831541776657
0.002922111190855503
0.002290283562615514
0.00982141774147749
0.020453115925192833
0.008220413699746132
0.00510752247646451
0.005141051951795816
0.004613957367837429
0.023128097876906395
0.004525934811681509
0.004246176686137915
0.003198992693796754
0.029050376266241074
0.002510415855795145
0.0039557344280183315
0.003317170776426792
0.026739327237010002
0.0043589710257947445
0.0053324345499277115
0.003068047808483243
0.10656119138002396
0.01743304915726185
0.0030314037576317787
0.004776690620929003
0.00474800867959857
0.004502718336880207
0.004683700855821371
0.005261741578578949
0.0033028414472937584
0.003402656177058816
0.006959839724004269
0.005410398822277784
0.4838257133960724
0.0036396090872585773
0.07301796972751617
0.0063467444851994514
0.002417308744043112
0.003943042363971472
0.004012168850749731
0.004653629381209612
0.008175436407327652
0.012567559257149696
0.007089205086231232
0.003362358082085848
0.007787188049405813
0.005771508440375328
0.007647442631423473
0.005717321299016476
0.0029500871896743774
0.004261930473148823
0.0030958608258515596
0.0029993040952831507
0.003953273873776197
0.0037677206564694643
0.0036475583910942078
0.04349201172590256
0.0056089796125888824
0.04167734831571579
0.00522153964266181
0.015029896050691605
0.00609692232683301
0.006083165295422077
0.0031151864677667618
0.003500067861750722
0.0035474980250000954
0.003252184484153986
0.011134596541523933
0.0046063680201768875
0.0036158401053398848
0.008440857753157616
0.05734437331557274
0.0031985274981707335
0.005356155801564455
0.005395778454840183
0.004143783822655678
0.004420849494636059
0.0033035653177648783
0.003481063526123762
0.005176223814487457
0.009833000600337982
0.002827497199177742
0.00495471665635705
0.0034697570372372866
0.005451258737593889
0.005452488549053669
0.0053761741146445274
0.0028625077102333307
0.004972378723323345
0.019139684736728668
0.1138426885008812
0.002784940879791975
0.0028458188753575087
0.0042849257588386536
0.00619426229968667
0.0037680333480238914
0.00567356962710619
0.006058606784790754
0.0035107091534882784
0.006556912325322628
0.00326366419903934
0.07110917568206787
0.005931476131081581
0.09403688460588455
0.004624553490430117
0.0047982679679989815
0.003423935966566205
0.004277319647371769
0.025151198729872704
0.12136434763669968
0.003715920727699995
0.004934488330036402
0.0046368613839149475
0.004196666646748781
0.01769060455262661
0.004099022597074509
0.002890400355681777
0.00355507037602365
0.007055617403239012
0.00212657917290926
0.006238236557692289
0.0032319817692041397
0.060274623334407806
0.007702874019742012
0.007984297350049019
0.004669494461268187
0.0038682781159877777
0.0031716087833046913
0.005341005977243185
0.014375068247318268
0.008596004918217659
0.009402568452060223
0.00330346985720098
0.002901268657296896
0.0028614038601517677
0.004902967251837254
0.003911376465111971
0.004446644801646471
0.0076646045781672
0.0040698000229895115
0.055693119764328
0.005821378901600838
0.0033862818963825703
0.004963990300893784
0.0018748220754787326
0.005470105446875095
0.0030449614860117435
0.006610197015106678
0.002676504896953702
0.0045297048054635525
0.02066543698310852
0.0059560369700193405
0.008478758856654167
0.004498994909226894
0.016591642051935196
0.004865534603595734
0.006081714294850826
0.009913860820233822
0.0055928281508386135
0.008788996376097202
0.007946846075356007
0.043604422360658646
0.3466445207595825
0.005170485470443964
0.010364698246121407
0.008245350793004036
0.005049800034612417
0.007444282062351704
0.012165349908173084
0.009311669506132603
0.005051484797149897
0.005854269955307245
0.005178278312087059
0.008237442933022976
0.004512664396315813
0.007710570003837347
0.009050923399627209
0.009722855873405933
0.00982553232461214
0.012473048642277718
0.003904310055077076
0.011935640126466751
0.011893894523382187
0.007267327047884464
0.4269966781139374
0.009971464052796364
0.007467823568731546
0.00626677880063653
0.0054737888276577
0.004644213244318962
0.00578257255256176
0.0075954776257276535
0.00542004220187664
0.028907204046845436
0.009037384763360023
0.005913636647164822
0.05746181309223175
0.0059908051043748856
0.16967827081680298
0.04154165834188461
0.008471048437058926
0.009332452900707722
0.25584015250205994
0.005088196136057377
0.0047620488330721855
0.005445139482617378
0.3542960286140442
0.005514753982424736
0.15947839617729187
0.004961526952683926
0.011131087318062782
0.006378510035574436
0.0051843938417732716
0.008112148381769657
0.006146563682705164
0.007182963192462921
0.0061342790722846985
0.01242786180227995
0.014472972601652145
0.005241991952061653
0.06683731824159622
0.003368822392076254
0.002272181212902069
0.0026849007699638605
0.0039347633719444275
0.036852866411209106
0.012598831206560135
0.003718239488080144
0.005230555310845375
0.002971349284052849
0.008744779042899609
0.0020597216207534075
0.0028037489391863346
0.007924207486212254
0.008652287535369396
0.016535252332687378
0.002379192039370537
0.003156412858515978
0.003060406306758523
0.004983340390026569
0.020971938967704773
0.004973604343831539
0.002971774199977517
0.003795564640313387
0.03858847916126251
0.002976333489641547
0.010770877823233604
0.0023623877204954624
0.0042130351066589355
0.005100388545542955
0.015389570035040379
0.006018788553774357
0.0024237358011305332
0.003790828865021467
0.007251620292663574
0.004205710720270872
0.0025462661869823933
0.004011926241219044
0.0025818394497036934
0.008017251268029213
0.002198348054662347
0.0025218138471245766
0.021165169775485992
0.012375013902783394
0.0023292936384677887
0.009732911363244057
0.006951945833861828
0.004814316518604755
0.004734763875603676
0.003277761861681938
0.016793066635727882
0.0026153421495109797
0.016110125929117203
0.002240179805085063
0.005694415885955095
0.003510495414957404
0.004549278412014246
0.0048527792096138
0.0028871512040495872
0.005041281692683697
0.0031713610514998436
0.002956958021968603
0.007491918746381998
0.0037138788029551506
0.009928574785590172
0.006815684027969837
0.007367807440459728
0.007925144396722317
0.0054466924630105495
0.007075469009578228
0.013089576736092567
0.0038633542135357857
0.007018749602138996
0.010963312350213528
0.00603687297552824
0.01070868968963623
0.00858320016413927
0.007184020709246397
0.006375620607286692
0.005754115991294384
0.012469959445297718
0.04235132783651352
0.00747652817517519
0.007109691854566336
0.0066774142906069756
0.007330439519137144
0.008540406823158264
0.007120736408978701
0.007211402524262667
0.004775653127580881
0.005991445388644934
0.008687971159815788
0.008151737041771412
0.009877617470920086
0.008263444527983665
0.0050756363198161125
0.007323916535824537
0.005107414908707142
0.004914932418614626
0.005295528098940849
0.007248758804053068
0.01200309582054615
0.005450661294162273
0.006191564258188009
0.004772793501615524
0.010430901311337948
0.005902966484427452
0.015615672804415226
0.0048985471948981285
0.009757992811501026
0.008156600408256054
0.0057448940351605415
0.01785406470298767
0.004865436349064112
0.004592319950461388
0.019294369965791702
0.003927988465875387
0.013608595356345177
0.004790906794369221
0.005002879071980715
0.009590844623744488
0.006407416425645351
0.011038033291697502
0.00894244760274887
0.011045398190617561
0.008707968518137932
0.006233177147805691
0.006013480480760336
0.013223203830420971
0.0067400517873466015
0.024732710793614388
0.007385894190520048
0.007351928856223822
0.008584840223193169
0.011461381800472736
0.004986203275620937
0.09431754797697067
0.0127791129052639
0.012117404490709305
0.006692865397781134
0.0055587696842849255
0.013975489884614944
0.007709413301199675
0.016534628346562386
0.00864809937775135
0.05030154064297676
0.07722298055887222
0.01800471358001232
0.009708881378173828
0.03590691462159157
0.012516345828771591
0.0037702384870499372
0.005985185503959656
0.004977683071047068
0.005644781049340963
0.005582664627581835
0.005000660195946693
0.004991567227989435
0.010271129198372364
0.004353626631200314
0.005047887098044157
0.006640580948442221
0.005303133279085159
0.010585877113044262
0.005185066722333431
0.004146186634898186
0.004382065497338772
0.0045195952989161015
0.004997006617486477
0.006019244901835918
0.007490447722375393
0.007433535531163216
0.004127109423279762
0.006788774859160185
0.00871120486408472
0.006897068582475185
0.005572410300374031
0.005800379440188408
0.048041291534900665
0.0030249780975282192
0.011032318696379662
0.004578441381454468
0.02190302684903145
0.034843720495700836
0.006212078500539064
0.009388074278831482
0.006456811912357807
0.004835810512304306
0.0055773439817130566
0.007377946749329567
0.028253894299268723
0.0025179143995046616
0.016891514882445335
0.01658870466053486
0.002177933696657419
0.02770449034869671
0.0015612320275977254
0.041550736874341965
0.011771229095757008
0.005496777594089508
0.0012210991699248552
0.001273901085369289
0.0011872292961925268
0.010228424333035946
0.0066866185516119
0.023700406774878502
0.01264946535229683
0.0011509534670040011
0.0013633489143103361
0.012897325679659843
0.0010702625149860978
0.004481361713260412
0.014342314563691616
0.015073915012180805
0.0018771432805806398
0.0012793296482414007
0.0023749719839543104
0.018090924248099327
0.004470015410333872
0.01877971552312374
0.0015912528615444899
0.008648594841361046
0.003454703837633133
0.0010795085690915585
0.010057875886559486
0.001198141137138009
0.001312673557549715
0.029274817556142807
0.0011532731587067246
0.0011016259668394923
0.0014057710068300366
0.0010679455008357763
0.0015321557875722647
0.04635271430015564
0.0036234729923307896
0.0012900563888251781
0.0032280604355037212
0.0019862311892211437
0.012979240156710148
0.03007419779896736
0.0020494689233601093
0.0014098775573074818
0.0011914033675566316
0.008460509590804577
0.0011741252383217216
0.0013547968119382858
0.0011252093827351928
0.0012893604580312967
0.004262206144630909
0.003515021177008748
0.0011610358487814665
0.0011362892109900713
0.003902252996340394
0.001105047995224595
