0.04364841431379318
0.02276133932173252
0.023643573746085167
0.018344052135944366
0.013752784579992294
0.02633923850953579
0.11649972200393677
0.02645014226436615
0.00875970907509327
0.01777694746851921
0.015835341066122055
0.01987827941775322
0.022472411394119263
0.0571051761507988
0.09641267359256744
0.020970217883586884
0.032085709273815155
0.1783975511789322
0.018320852890610695
0.013403479941189289
0.0688294768333435
0.0315883532166481
0.017674237489700317
0.02843574620783329
0.014801522716879845
0.027066446840763092
0.013403312303125858
0.029273783788084984
0.018494993448257446
0.056251160800457
0.014957625418901443
0.01292230375111103
0.014630147255957127
0.03419011831283569
0.12991805374622345
0.024195441976189613
0.03228238597512245
0.02247505635023117
0.01591164991259575
0.014893434010446072
0.036821115761995316
0.015232190489768982
0.04500088840723038
0.020969349890947342
0.2249469757080078
0.02327444776892662
0.013089260086417198
0.020988009870052338
0.19024765491485596
0.01609005406498909
0.010329052805900574
0.014304286800324917
0.011312385089695454
0.033902302384376526
0.015197983011603355
0.03768878057599068
0.033530719578266144
0.037380050867795944
0.00982480775564909
0.019871296361088753
0.024324817582964897
0.012494297698140144
0.07305827736854553
0.02538544312119484
0.07871372252702713
0.02168334648013115
0.017106618732213974
0.026958640664815903
0.014194394461810589
0.03309890255331993
0.025730451568961143
0.021822258830070496
0.01192965917289257
0.07312285900115967
0.019567403942346573
0.025140125304460526
0.019668729975819588
0.47130513191223145
0.020943226292729378
0.021524181589484215
0.01775926724076271
0.024081367999315262
0.033225733786821365
0.02914079651236534
0.03756438568234444
0.025878146290779114
0.02866809442639351
0.011520251631736755
0.01912420243024826
0.014246887527406216
0.04533267766237259
0.014708345755934715
0.022031305357813835
0.30565768480300903
0.016472570598125458
0.013521585613489151
0.010056516155600548
0.020523590967059135
0.032967742532491684
0.051140498369932175
0.019192777574062347
0.017845764756202698
0.026112046092748642
0.012389167211949825
0.015847861766815186
0.014160645194351673
0.029004745185375214
0.012385759502649307
0.008542601950466633
0.012603538110852242
0.015274654142558575
0.01131846196949482
0.02676216885447502
0.02221851795911789
0.016493987292051315
0.014901596121490002
0.012097302824258804
0.026891697198152542
0.44581329822540283
0.014272633008658886
0.01745416410267353
0.018708158284425735
0.017649414017796516
0.011251924559473991
0.026793301105499268
0.015663083642721176
0.06324322521686554
0.017457565292716026
0.012152021750807762
0.011484039947390556
0.007096581161022186
0.053311675786972046
0.011594499461352825
0.015857301652431488
0.014706575311720371
0.020455844700336456
0.018610401079058647
0.024417776614427567
0.020539095625281334
0.006506539415568113
0.07051904499530792
0.009818490594625473
0.05369056016206741
0.00659554498270154
0.011164749972522259
0.00943335983902216
0.008431483060121536
0.02348104864358902
0.010364703834056854
0.009545430541038513
0.008189966902136803
0.28617334365844727
0.020585302263498306
0.0090200649574399
0.006958713289350271
0.00820211786776781
0.053378064185380936
0.011360084637999535
0.04136534780263901
0.01014500018209219
0.009423650801181793
0.1738896369934082
0.016570720821619034
0.014843807555735111
0.018869265913963318
0.012277781963348389
0.26798561215400696
0.03991595283150673
0.007694973610341549
0.06094054877758026
0.016658635810017586
0.19670648872852325
0.022583093494176865
0.03212955966591835
0.07852724939584732
0.010306456126272678
0.14460833370685577
0.011391770094633102
0.007551460526883602
0.008829960599541664
0.009757119230926037
0.05184123292565346
0.0226108618080616
0.059811778366565704
0.017699865624308586
0.017391718924045563
0.03569750487804413
0.021808218210935593
0.010798112489283085
0.027223292738199234
0.01817784458398819
0.009975116699934006
0.12078601121902466
0.027727914974093437
0.05493748560547829
0.04123178496956825
0.03906809911131859
0.031071051955223083
0.04210880026221275
0.06097912788391113
0.06530936062335968
0.027919482439756393
0.03505465015769005
0.0670107901096344
0.039591025561094284
0.060207776725292206
0.029550090432167053
0.032609183341264725
0.12164932489395142
0.032646629959344864
0.04143553972244263
0.0400540754199028
0.03477470204234123
0.04848220571875572
0.1332859992980957
0.0379304364323616
0.031277917325496674
0.04167904704809189
0.04610036313533783
0.0370837040245533
0.037292417138814926
0.022562632337212563
0.052732884883880615
0.031236987560987473
0.043151598423719406
0.02439291402697563
0.07956678420305252
0.1103183776140213
0.07411252707242966
0.03635546192526817
0.06446798890829086
0.19736644625663757
0.10161305963993073
0.03703753650188446
0.02642604149878025
0.037036553025245667
0.16299287974834442
0.054840415716171265
0.033198364078998566
0.02208554930984974
0.03131130337715149
0.06287822872400284
0.026676323264837265
0.033358316868543625
0.03211500868201256
0.03242570161819458
0.0418752059340477
0.04312831535935402
0.09852812439203262
0.08611749857664108
0.05779888480901718
0.06305723637342453
0.03270559012889862
0.026000933721661568
0.03150289133191109
0.09770599007606506
0.025040145963430405
0.006664172746241093
0.007305747363716364
0.003067836631089449
0.018675722181797028
0.02142105996608734
0.007879623211920261
0.0054361773654818535
0.007880739867687225
0.015771396458148956
0.00632670521736145
0.010251589119434357
0.009896204806864262
0.005791438277810812
0.015440086834132671
0.00405820133164525
0.012402759864926338
0.08740423619747162
0.03011746145784855
0.015755431726574898
0.005176406353712082
0.02276931144297123
0.0062217796221375465
0.00883081741631031
0.004347688518464565
0.011341819539666176
0.07064547389745712
0.026968535035848618
0.08664960414171219
0.005510972812771797
0.00617914367467165
0.0053381724283099174
0.0051399292424321175
0.05977678671479225
0.0342429094016552
0.04537232592701912
0.01619216427206993
0.01089523360133171
0.005743193440139294
0.003979207947850227
0.019805751740932465
0.016880301758646965
0.008323910646140575
0.01704069785773754
0.007007243577390909
0.01607813872396946
0.00462685152888298
0.006393445655703545
0.011022267863154411
0.0054777152836322784
0.004685896914452314
0.016345875337719917
0.00811009667813778
0.011507183313369751
0.007675922941416502
0.005519429221749306
0.00243533868342638
0.009962757118046284
0.018244190141558647
0.08606762439012527
0.03658096492290497
0.012408885173499584
0.004345246125012636
0.006094047799706459
0.005417878273874521
0.002553790807723999
0.02829064428806305
0.004690166562795639
0.01830027997493744
0.009028622880578041
0.05876357853412628
0.006785087287425995
0.002936835866421461
0.009715848602354527
0.005113620776683092
0.00419770460575819
0.006597504951059818
0.004663420375436544
0.00529607106000185
0.005528588313609362
0.0038424888625741005
0.004036857280880213
0.026675943285226822
0.0030241345521062613
0.0036530171055346727
0.08924585580825806
0.010955794714391232
0.009706401266157627
0.003891691332682967
0.011836634017527103
0.0036304446402937174
0.01503759529441595
0.011190474964678288
0.08191816508769989
0.01613033190369606
0.006200763396918774
0.00478572491556406
0.0028173094615340233
0.056083329021930695
0.004346202127635479
0.0325198732316494
0.1690344512462616
0.03076135739684105
0.005111395847052336
0.012724204920232296
0.02726217545568943
0.0044271559454500675
0.03959766402840614
0.00440450431779027
0.021395182237029076
0.010886851698160172
0.005977535154670477
0.018178308382630348
0.002539115957915783
0.0075125484727323055
0.016694359481334686
0.0030025062151253223
0.02550477907061577
0.004499753937125206
0.04067729786038399
0.003493700874969363
0.007732994854450226
0.004588198382407427
0.005689775105565786
0.010217173025012016
0.0069381436333060265
0.014206338673830032
0.00358809856697917
0.023354554548859596
0.05073219910264015
0.02474905550479889
0.1294972449541092
0.025111347436904907
0.05029888451099396
0.11260294914245605
0.04606928303837776
0.042299237102270126
0.016109507530927658
0.030170371755957603
0.01665489561855793
0.01770615018904209
0.02124902606010437
0.028774898499250412
0.027109432965517044
0.0323837511241436
0.051523998379707336
0.028320560231804848
0.0169351939111948
0.06582045555114746
0.0969114825129509
0.016981150954961777
0.019191551953554153
0.03707724064588547
0.01493182871490717
0.11849687248468399
0.07384660840034485
0.09373735636472702
0.0210410226136446
0.032110922038555145
0.03907671943306923
0.019461659714579582
0.019725196063518524
0.03483137860894203
0.0345880500972271
0.02086183987557888
0.04849420115351677
0.1652986705303192
0.03220013156533241
0.04192347824573517
0.03432336822152138
0.027366355061531067
0.064400814473629
0.016642246395349503
0.03548858314752579
0.03174137324094772
0.022520190104842186
0.040334999561309814
0.04195939749479294
0.035735227167606354
0.025966109707951546
0.09887555986642838
0.019757315516471863
0.012195958755910397
0.036524008959531784
0.04350816458463669
0.051014963537454605
0.019829358905553818
0.016640732064843178
0.04528273642063141
0.027326153591275215
0.06066282466053963
0.05146884173154831
0.01987031102180481
0.027064936235547066
0.01500106230378151
0.013745986856520176
0.018015870824456215
0.012981399893760681
0.016701769083738327
0.015362795442342758
0.01285790279507637
0.013041908852756023
0.011180737987160683
0.012824801728129387
0.014433085918426514
0.015542750246822834
0.009671938605606556
0.01944267377257347
0.013527666218578815
0.020290888845920563
0.015039908699691296
0.01359640620648861
0.01930302381515503
0.014311930164694786
0.01252381969243288
0.010471888817846775
0.012577983550727367
0.048510584980249405
0.009935909882187843
0.013911232352256775
0.018345138058066368
0.017977755516767502
0.014486194588243961
0.010185386054217815
0.013095693662762642
0.016974864527583122
0.012191953137516975
0.010063095018267632
0.021225467324256897
0.027040259912610054
0.014118162915110588
0.01975296624004841
0.013463692739605904
0.01422162726521492
0.015128297731280327
0.04662315919995308
0.011986793018877506
0.010594322346150875
0.024804100394248962
0.01911161281168461
0.015542439185082912
0.015972133725881577
0.012724393978714943
0.011943652294576168
0.013966181315481663
0.01544329896569252
0.011388542130589485
0.011909662745893002
0.014867164194583893
0.010575789958238602
0.011682342737913132
0.015824439004063606
0.01296548917889595
0.016318712383508682
0.01979535073041916
0.016028959304094315
0.032937027513980865
0.04339658096432686
0.08674263209104538
0.0313681922852993
0.02227848581969738
0.03921511024236679
0.04615839570760727
0.028587544336915016
0.1077466607093811
0.024517104029655457
0.40639662742614746
0.07451308518648148
0.025086363777518272
0.07594794780015945
0.05898057669401169
0.06843797862529755
0.05928473919630051
0.03255176916718483
0.06696425378322601
0.07742298394441605
0.05746502801775932
0.018490541726350784
0.030731147155165672
0.08378270268440247
0.03380049020051956
0.05303645133972168
0.029507365077733994
0.06313756108283997
0.03407399728894234
0.04389636591076851
0.02283944934606552
0.04470308870077133
0.025290528312325478
0.03767181560397148
0.04884164035320282
0.04139640927314758
0.0619097501039505
0.026508226990699768
0.0847339853644371
0.06390756368637085
0.07183879613876343
0.044027864933013916
0.030197981745004654
0.04569091275334358
0.08862579613924026
0.02625231072306633
0.033299367874860764
0.2884913682937622
0.03253006190061569
0.20654618740081787
0.0352853499352932
0.055124279111623764
0.04816015064716339
0.04718521237373352
0.018282098695635796
0.046504903584718704
0.0334177203476429
0.02462010271847248
0.03174927085638046
0.02988373301923275
0.04118849337100983
0.03353799134492874
0.386810302734375
0.03299893066287041
0.033832959830760956
0.007657752372324467
0.014923821203410625
0.017302831634879112
0.04017692059278488
0.007161895278841257
0.005180767271667719
0.019576137885451317
0.007459802087396383
0.015124366618692875
0.013131340965628624
0.006287283729761839
0.0410093255341053
0.006179886404424906
0.005181327927857637
0.0058124191127717495
0.004155151080340147
0.009216937236487865
0.004286958370357752
0.009380905888974667
0.018544521182775497
0.008782347664237022
0.009283503517508507
0.026201952248811722
0.007180909160524607
0.004137746524065733
0.05908932536840439
0.01045793667435646
0.007499011233448982
0.01084803231060505
0.006058533675968647
0.01369086466729641
0.009736995212733746
0.012142086401581764
0.008518114686012268
0.018833788111805916
0.004153360612690449
0.010388804599642754
0.005380714312195778
0.024599259719252586
0.007260085549205542
0.006707785651087761
0.004731876775622368
0.006229995749890804
0.0042822170071303844
0.00671537546440959
0.00927760824561119
0.03139166533946991
0.003825138323009014
0.005961989983916283
0.011387924663722515
0.005924061872065067
0.03867533430457115
0.0038971020840108395
0.007797821890562773
0.007084626704454422
0.00624428316950798
0.056660111993551254
0.004080730024725199
0.008702567778527737
0.047126129269599915
0.005377751309424639
0.016112398356199265
0.0038942641112953424
0.09715268015861511
0.036327116191387177
0.05139888823032379
0.013460937887430191
0.008903606794774532
0.007547579240053892
0.009842533618211746
0.007041226141154766
0.012702112086117268
0.00818070862442255
0.00917564146220684
0.03822450339794159
0.01881665363907814
0.029015623033046722
0.016420919448137283
0.011705518700182438
0.018878953531384468
0.07018503546714783
0.007246008142828941
0.025160428136587143
0.007095517124980688
0.0881730169057846
0.02292393334209919
0.016994450241327286
0.009356847032904625
0.011979471892118454
0.012790252454578876
0.05200199410319328
0.03375506028532982
0.024818386882543564
0.022301146760582924
0.018569190055131912
0.10764755308628082
0.009648485109210014
0.014764408580958843
0.016105590388178825
0.010233400389552116
0.007089774124324322
0.014531181193888187
0.00999523513019085
0.06265800446271896
0.05115337297320366
0.014792543835937977
0.008314426988363266
0.007931721396744251
0.03496292978525162
0.018321624025702477
0.09924978017807007
0.12119422852993011
0.008573130704462528
0.1441691517829895
0.017049778252840042
0.021662337705492973
0.010850248858332634
0.019131729379296303
0.01940406858921051
0.12571708858013153
0.030225595459342003
0.008887109346687794
0.013436674140393734
0.07654555886983871
0.00762870954349637
0.02272379957139492
0.010716303251683712
0.01537671685218811
0.008494662120938301
0.024290045723319054
0.011852814815938473
0.017853280529379845
0.013139162212610245
0.012179866433143616
0.020588861778378487
0.016230082139372826
0.014555631205439568
0.013504966162145138
0.00827366765588522
0.13256601989269257
0.09787963330745697
0.012870384380221367
0.02232208475470543
0.018598508089780807
0.027650736272335052
0.013054038397967815
0.018343349918723106
0.012859795242547989
0.01391262374818325
0.0199773907661438
0.3580334782600403
0.029781460762023926
0.29357266426086426
0.016814621165394783
0.0215012114495039
0.018446309491991997
0.0203402079641819
0.012975368648767471
0.013571226969361305
0.012540144845843315
0.046216290444135666
0.013490681536495686
0.027747001498937607
0.028807587921619415
0.02560608461499214
0.012643380090594292
0.027551282197237015
0.025277921929955482
0.03006807155907154
0.13784664869308472
0.36085575819015503
0.010297934524714947
0.23617976903915405
0.015214751474559307
0.031598545610904694
0.017127394676208496
0.015416620299220085
0.011748582124710083
0.019769152626395226
0.021067555993795395
0.02848167158663273
0.012984631583094597
0.025930756703019142
0.026961902156472206
0.02399376593530178
0.010522752068936825
0.013235618360340595
0.022913845255970955
0.017679382115602493
0.013905088417232037
0.012224359437823296
