0.051574960350990295
0.038762323558330536
0.07692703604698181
0.03771525248885155
0.05505126714706421
0.08162319660186768
0.03526626527309418
0.04290999472141266
0.3507571816444397
0.041256681084632874
0.05198192596435547
0.07191529124975204
0.051339082419872284
0.035728372633457184
0.09462113678455353
0.036576882004737854
0.04847276583313942
0.07411555200815201
0.045675333589315414
0.07180176675319672
0.03374844789505005
0.036544810980558395
0.03909697383642197
0.044224027544260025
0.0325528085231781
0.06255541741847992
0.04269199073314667
0.03692870959639549
0.03157544508576393
0.0399213582277298
0.06740829348564148
0.0459907129406929
0.05824930965900421
0.0546465665102005
0.0383850522339344
0.04076801612973213
0.03851176053285599
0.07265728712081909
0.030332855880260468
0.036652274429798126
0.04420088231563568
0.03254980593919754
0.04609210044145584
0.13623666763305664
0.044722460210323334
0.03456975892186165
0.03278607875108719
0.04746636748313904
0.04211092367768288
0.03689156845211983
0.044756095856428146
0.028619663789868355
0.03830932080745697
0.03617940843105316
0.422179639339447
0.040093909949064255
0.03651341050863266
0.053232867270708084
0.05282564088702202
0.041771672666072845
0.061868514865636826
0.08039441704750061
0.04919080808758736
0.033061571419239044
0.06447437405586243
0.05964859575033188
0.061395540833473206
0.05438711494207382
0.06098834425210953
0.042258866131305695
0.06419117003679276
0.065270334482193
0.046716708689928055
0.06019139662384987
0.04184563830494881
0.05651796609163284
0.5778394937515259
0.06335019320249557
0.07494139671325684
0.06736873835325241
0.08679097145795822
0.0442049466073513
0.08140690624713898
0.03587855398654938
0.060804277658462524
0.04620848968625069
0.05139398202300072
0.06005282700061798
0.06400885432958603
0.05502678081393242
0.06165068596601486
0.10275991261005402
0.0665203407406807
0.06997092068195343
0.08658909797668457
0.05394788086414337
0.06586247682571411
0.05983896553516388
0.0429857075214386
0.06194974482059479
0.05652519315481186
0.059037744998931885
0.041867490857839584
0.04002229496836662
0.04831690341234207
0.06630010157823563
0.06197688728570938
0.0441896989941597
0.054054442793130875
0.045589033514261246
0.05471056327223778
0.049002498388290405
0.0494244247674942
0.06964954733848572
0.0642562136054039
0.06797941029071808
0.051002707332372665
0.6014530658721924
0.04912956804037094
0.04856069013476372
0.06088113784790039
0.037443146109580994
0.03951471298933029
0.07765103131532669
0.03352227807044983
0.07044534385204315
0.06624659895896912
0.046037521213293076
0.09330105036497116
0.05232234299182892
0.06425792723894119
0.07909512519836426
0.08809021860361099
0.0733034610748291
0.07473408430814743
0.08725569397211075
0.06219617277383804
0.10604836046695709
0.07884810119867325
0.07394018024206161
0.08774640411138535
0.09443257004022598
0.06076456233859062
0.08906549215316772
0.09293528646230698
0.10358794033527374
0.09761703759431839
0.11942627280950546
0.07184179872274399
0.10492666810750961
0.08624586462974548
0.07308561354875565
0.35832881927490234
0.06672883033752441
0.09781017899513245
0.09453755617141724
0.11166773736476898
0.07900125533342361
0.11691837012767792
0.07013226300477982
0.06683431565761566
0.0881660133600235
0.07973872125148773
0.09303136169910431
0.07856516540050507
0.0784028023481369
0.07278462499380112
0.1242663711309433
0.06588170677423477
0.06718065589666367
0.060847800225019455
0.14533631503582
0.07108373939990997
0.07972688227891922
0.09375771135091782
0.0776100605726242
2.4472408294677734
0.08710778504610062
0.08519484847784042
0.06859234720468521
0.10419701039791107
0.06972815096378326
0.08286650478839874
0.08775165677070618
0.09098102897405624
0.07921365648508072
0.08167025446891785
0.07867710292339325
0.1074606329202652
0.09666014462709427
0.08939001709222794
0.06600943207740784
0.10866136103868484
0.09512946754693985
0.09793819487094879
1.7005878686904907
0.07734566181898117
0.08712416142225266
0.07172082364559174
0.07601101696491241
0.07567545771598816
0.06943818181753159
0.053550854325294495
0.11934800446033478
0.0837295725941658
0.12328938394784927
0.07601811736822128
0.08886764943599701
0.05574052780866623
0.08089336007833481
0.10718628019094467
0.09393630921840668
0.1054416224360466
0.0686226412653923
0.06469248235225677
0.10767868906259537
0.07638613879680634
0.07730432599782944
0.05893822759389877
0.10814721137285233
0.043892160058021545
0.06328578293323517
0.134052574634552
0.0874127447605133
0.06646732985973358
0.08040722459554672
0.08866991102695465
0.08956476300954819
0.09274902939796448
0.07142128050327301
0.07024827599525452
0.12023745477199554
0.08270399272441864
0.08541082590818405
0.10131467878818512
0.10827212035655975
0.07620599120855331
0.07582925260066986
0.054409317672252655
0.10787168145179749
0.07555478811264038
0.0945759043097496
0.08369876444339752
0.07560858130455017
0.5928156971931458
0.07771819084882736
0.0828225240111351
0.09429436922073364
0.06544207036495209
0.07363106310367584
0.08878572285175323
0.0693466067314148
0.07780320942401886
0.07326303422451019
0.06680586189031601
0.09542191028594971
0.16269882023334503
0.08171481639146805
0.10802385956048965
0.08946157991886139
0.05637110769748688
0.09943198412656784
0.08215225487947464
0.08232574909925461
0.07259701937437057
0.0986248329281807
0.07471299171447754
0.0968334972858429
0.08863331377506256
0.14690588414669037
0.10890282690525055
0.09030470997095108
1.8423104286193848
0.07343599945306778
0.0759163647890091
0.11403568834066391
0.09215857833623886
0.10954313725233078
0.10285178571939468
0.08521528542041779
0.081119604408741
0.8071048259735107
0.08598173409700394
0.08358097821474075
0.09735549241304398
0.09680209308862686
0.07583528757095337
0.10220625251531601
0.09596195816993713
0.06304530799388885
0.07151374965906143
0.06633175164461136
0.14926156401634216
0.06500324606895447
0.08416769653558731
0.08109276741743088
0.10767634212970734
0.07997559756040573
0.06209556758403778
0.08125557750463486
0.07928336411714554
0.1181832030415535
0.09314976632595062
0.07392146438360214
0.11956346780061722
0.14852076768875122
0.07366619259119034
0.08996035903692245
0.09581620246171951
0.07150660455226898
0.0887293815612793
0.07022436708211899
0.09605090320110321
0.10044807940721512
0.07279177010059357
0.05788044631481171
0.07980062812566757
0.08367501944303513
0.08539552986621857
0.09759395569562912
0.07761652022600174
0.06697822362184525
0.5714257955551147
0.09122391045093536
0.08394932746887207
2.577371835708618
0.06790914386510849
0.08019036799669266
0.05127199739217758
0.07733102142810822
0.07302280515432358
0.09591719508171082
0.08963890373706818
0.11083950102329254
0.0604935847222805
0.10377238690853119
0.06601429730653763
0.08721543848514557
0.08578982204198837
0.071627676486969
0.1135050356388092
0.07016946375370026
0.07129383832216263
0.09320318698883057
0.06264001876115799
0.0767153650522232
0.08368006348609924
0.07898236811161041
0.0609881617128849
0.0673707127571106
0.09001460671424866
0.08461178094148636
0.08543229103088379
0.07027381658554077
0.07830583304166794
0.07513883709907532
0.11247897148132324
0.05595991387963295
0.08763047307729721
0.09396394342184067
0.07233783602714539
0.07636008411645889
0.09202969074249268
0.08913518488407135
0.07291490584611893
0.06761425733566284
0.0618957094848156
0.08637232333421707
0.10669654607772827
0.09877699613571167
0.0699678510427475
0.07206954061985016
0.054348740726709366
0.07208274304866791
0.07959795743227005
0.05692475289106369
0.10694011300802231
0.08501375466585159
0.06987254321575165
0.063825324177742
0.05733327567577362
0.10543044656515121
0.08269580453634262
0.08079364150762558
0.07966302335262299
0.06606598198413849
0.10005079954862595
0.05251999571919441
0.04976169019937515
0.09129038453102112
0.1296444982290268
0.06510768830776215
0.042191751301288605
0.08482334017753601
0.05280141159892082
0.0741511881351471
0.08856179565191269
0.0661136656999588
0.07375132292509079
0.06936651468276978
0.06392676383256912
0.10885375738143921
0.07721929997205734
0.4331289529800415
0.07583039253950119
0.0761738196015358
0.07588405907154083
0.05839082598686218
0.11203715205192566
0.08318692445755005
0.07310967147350311
0.06851311028003693
0.09295131266117096
0.10707926005125046
0.1098780408501625
0.09271994233131409
0.06913541257381439
0.08062861114740372
0.06212285906076431
0.05131588131189346
0.10508240759372711
0.08661675453186035
0.07775704562664032
0.1177435964345932
0.056140363216400146
0.06003759428858757
0.062250152230262756
0.11403369903564453
0.04456176608800888
0.06530427932739258
0.08232975751161575
0.10936170071363449
0.05028055980801582
0.08625666052103043
0.10732018202543259
0.09453444927930832
0.05938933789730072
0.06745491921901703
0.07954210788011551
0.05691864714026451
0.06907516717910767
0.06226032227277756
0.0686408132314682
0.09134304523468018
0.058349210768938065
0.9911987781524658
0.08982837945222855
0.07779524475336075
0.05980778485536575
0.07686067372560501
0.041380688548088074
0.10275983810424805
0.060714442282915115
0.050582315772771835
0.0667719691991806
0.09014948457479477
0.07128804922103882
0.05674448609352112
0.06954078376293182
0.05848488211631775
0.08271761238574982
0.06901460886001587
0.07321581244468689
0.08155282586812973
0.06294024735689163
0.07205881923437119
0.04593817517161369
0.0708559900522232
0.057773612439632416
0.053989227861166
0.062486227601766586
0.07510878145694733
0.06178389862179756
0.06202233210206032
0.04246752709150314
0.06419837474822998
0.06847429275512695
0.13604694604873657
1.1895138025283813
0.06373770534992218
0.10176844894886017
0.05589255318045616
0.059083517640829086
0.057020194828510284
0.050576698035001755
0.10820221900939941
0.1017560362815857
0.09885350614786148
0.08558018505573273
0.6847800612449646
0.06272980570793152
0.11226845532655716
0.059440676122903824
0.053666360676288605
0.0786050483584404
0.08169123530387878
0.07860754430294037
0.06452325731515884
0.17206251621246338
0.07407207787036896
0.06197550892829895
0.05287129431962967
0.08239687979221344
0.052322763949632645
0.07419312000274658
0.058033403009176254
0.08352451026439667
0.06180223450064659
0.05827849358320236
0.0456395298242569
0.04488750919699669
0.07276070863008499
0.04463515803217888
0.04140269011259079
0.042949020862579346
0.07906224578619003
0.04675948992371559
0.05115430802106857
0.05224969983100891
0.040262628346681595
0.04337805509567261
0.048090096563100815
0.05983370915055275
0.7678810358047485
0.05235183984041214
0.05275135487318039
0.08939480036497116
0.060589779168367386
0.1375432014465332
0.04837720841169357
0.047620512545108795
0.049940500408411026
0.04938523843884468
0.07257460802793503
0.05559125542640686
0.04355096071958542
0.09272503852844238
0.09432531148195267
0.03640379384160042
0.0484989695250988
0.05510414391756058
0.10197663307189941
0.05144834518432617
0.04593249037861824
0.055775463581085205
0.04448728635907173
0.05425119027495384
0.0658520758152008
0.06184091418981552
0.06253784894943237
0.03751059249043465
0.24821358919143677
0.03860833868384361
0.05062200501561165
0.06560315191745758
0.04285798966884613
0.03976201266050339
0.042200058698654175
0.07345523685216904
0.04740678519010544
0.053643446415662766
0.03166142478585243
0.04171454533934593
0.041221052408218384
0.058931779116392136
0.09282270818948746
0.08804364502429962
0.04660649225115776
0.04381644353270531
0.04216378182172775
0.11127211153507233
0.062412552535533905
0.06880335509777069
0.04921398311853409
0.21358075737953186
0.07648749649524689
0.0482759028673172
0.059570711106061935
0.05811693146824837
0.05707348883152008
0.05711822211742401
0.05330989882349968
0.045354291796684265
0.05994463711977005
0.05985495075583458
0.06899542361497879
0.052768390625715256
0.03619449958205223
0.06999451667070389
0.0991460382938385
0.07934543490409851
0.05351821333169937
0.0430920273065567
0.08334626257419586
0.0549607016146183
0.054123569279909134
0.048363830894231796
0.06743256002664566
0.03816055506467819
0.05496285855770111
1.1688721179962158
0.04084543511271477
0.055923257023096085
0.06008723005652428
0.0551527664065361
0.042814310640096664
0.04271731898188591
0.04180861636996269
0.06670698523521423
0.058274492621421814
0.0509677454829216
0.05519169196486473
0.1018349677324295
0.04989855736494064
0.057215236127376556
0.06248607859015465
0.05922138690948486
0.04643845185637474
0.04741000756621361
0.052659571170806885
0.05932259559631348
0.06251503527164459
0.06575067341327667
0.05744783952832222
0.04634607583284378
0.0450703464448452
0.05319150909781456
0.056796737015247345
0.05625619366765022
0.05048280209302902
0.05768885836005211
0.07077289372682571
0.0535113550722599
0.04726746678352356
0.6851484179496765
0.05453000217676163
0.0700145810842514
0.03716583922505379
0.050681766122579575
0.08414315432310104
0.03331391140818596
0.03683493658900261
0.046715136617422104
0.030814070254564285
0.0314859077334404
0.04996237903833389
0.04019877314567566
0.04447542130947113
0.04777635261416435
0.027581889182329178
0.03945416212081909
0.02983172982931137
0.04093899577856064
0.02734636701643467
0.030213307589292526
0.44159257411956787
0.03642403706908226
0.027549192309379578
0.0644102469086647
0.045670006424188614
0.026436923071742058
0.030338656157255173
0.6052080988883972
0.02522517368197441
1.8023275136947632
0.2953604459762573
0.030899137258529663
0.042378488928079605
0.0328291654586792
0.06945445388555527
0.07809445261955261
0.033327367156744
0.03491758555173874
0.035516057163476944
0.02764657884836197
0.028584932908415794
0.025940177962183952
0.032422587275505066
0.05018625408411026
0.02478061616420746
0.04378005117177963
0.05964358150959015
0.02854738011956215
0.024793023243546486
0.029001649469137192
0.02416338212788105
0.03885882720351219
0.03445906937122345
0.04436285048723221
0.03057347610592842
0.04705069214105606
0.032132163643836975
0.049988389015197754
0.03815872222185135
0.02555764652788639
0.031033439561724663
0.3272038698196411
0.023386385291814804
0.0408000573515892
0.03710489720106125
0.06179016828536987
0.034635864198207855
0.02942855842411518
0.0391564667224884
0.061024658381938934
0.08058992028236389
0.0667206421494484
0.1521160900592804
0.060055892914533615
0.053349483758211136
0.06798738241195679
0.060593217611312866
0.059757836163043976
0.07825270295143127
0.0655682384967804
0.058018092066049576
0.05257192999124527
0.05376192554831505
0.06677936017513275
0.05205017328262329
0.07037278264760971
0.07620446383953094
0.062479134649038315
0.07516834884881973
0.0726095512509346
0.05165374279022217
0.8725956678390503
0.07291630655527115
0.05653052031993866
0.12097282707691193
0.06206002086400986
0.06284821778535843
0.05143944174051285
0.05611959099769592
0.06709833443164825
0.10169439762830734
0.05073920264840126
0.07598667591810226
0.09943608939647675
0.05400128290057182
0.05120750889182091
0.08225829899311066
0.04515230283141136
0.07805769890546799
0.07044797390699387
0.08952794224023819
0.09108538180589676
0.05910161882638931
0.05212051048874855
0.058308228850364685
0.09471467137336731
0.08936282992362976
0.09589403122663498
0.10074472427368164
0.0589495413005352
0.05185948312282562
0.046753983944654465
0.06722287833690643
0.05387013033032417
0.0641290694475174
1.2587393522262573
0.07175405323505402
0.09696435183286667
0.07361572980880737
0.0754728764295578
0.07347138226032257
0.06276820600032806
0.07189938426017761
