0.019087813794612885
0.054438672959804535
0.02558142878115177
0.0341496467590332
0.03064148500561714
0.021371440961956978
0.014537850394845009
0.02617439441382885
0.05401063337922096
0.06970830261707306
0.030901309102773666
0.03211468085646629
0.021146146580576897
0.019521210342645645
0.038215044885873795
0.01442079059779644
0.027926569804549217
0.06439349800348282
0.03746594488620758
0.03365209698677063
0.026915952563285828
0.01576153375208378
0.02422078512609005
0.04580976068973541
0.05665629357099533
0.046451203525066376
0.025138242170214653
0.024772237986326218
0.3299106955528259
0.04804370552301407
0.02289685234427452
0.02534591406583786
0.09443624317646027
0.022907491773366928
0.025925179943442345
0.191820427775383
0.019651655107736588
0.024570893496274948
0.023882921785116196
0.03799906373023987
0.03964697942137718
0.022089708596467972
0.026247212663292885
0.04867877438664436
0.05019369348883629
0.024921715259552002
0.03243730217218399
0.03862966597080231
0.03015204891562462
0.02933700755238533
0.03388918191194534
0.18898257613182068
0.07494522631168365
0.02187155745923519
0.03230889514088631
0.13232508301734924
0.03060537949204445
0.027370663359761238
0.017123697325587273
0.037130702286958694
0.023855827748775482
0.015541641041636467
0.017212528735399246
0.029123544692993164
0.02464286983013153
0.018727419897913933
0.045338213443756104
0.0117996446788311
0.03370670974254608
0.010267175734043121
0.02541484497487545
0.014531361870467663
0.014427515678107738
0.013228627853095531
0.022065244615077972
0.009301383048295975
0.027450216934084892
0.14490999281406403
0.03828444331884384
0.008953551761806011
0.013671483844518661
0.014154760167002678
0.01592053659260273
0.14651520550251007
0.014582032337784767
0.015302535146474838
0.02353801764547825
0.011770270764827728
0.011805851012468338
0.026597173884510994
0.015147092752158642
0.02634383924305439
0.01967131532728672
0.020154394209384918
0.018112165853381157
0.02376221865415573
0.014655492268502712
0.025463834404945374
0.07248512655496597
0.035151317715644836
0.010347382165491581
0.009112933650612831
0.008289052173495293
0.014056254178285599
0.013582885265350342
0.009646797552704811
0.016827864572405815
0.012585479766130447
0.14139479398727417
0.01689172349870205
0.038127899169921875
0.032374732196331024
0.013650819659233093
0.021870572119951248
0.019522134214639664
0.03427153825759888
0.013968029990792274
0.018251312896609306
0.014224005863070488
0.020979033783078194
0.028244877234101295
0.01977502554655075
0.11561311781406403
0.014333540573716164
0.02696414478123188
0.013263008557260036
0.03370830416679382
0.08499205857515335
0.03901732712984085
0.03040321357548237
0.06378573179244995
0.05124218016862869
0.041159067302942276
0.030598945915699005
0.13575275242328644
0.09380108118057251
0.04217689856886864
0.020021209493279457
0.12965081632137299
0.03303376957774162
0.028860801830887794
0.07019872963428497
0.02517765574157238
0.03333256393671036
0.04384390264749527
0.051449004560709
0.03449200838804245
0.029147805646061897
0.056977592408657074
0.06876756995916367
0.046961817890405655
0.058216359466314316
0.04812672734260559
0.19592934846878052
0.04956173524260521
0.059021733701229095
0.03485368564724922
0.028351586312055588
0.06632956117391586
0.16743780672550201
0.03694216161966324
0.04463887959718704
0.0387534573674202
0.02829841338098049
0.053645819425582886
0.0508916899561882
0.03502455726265907
0.05391581356525421
0.03592757508158684
0.04000996798276901
0.027247818186879158
0.10651320219039917
0.02188654989004135
0.04362201318144798
0.056155312806367874
0.05387895554304123
0.047071535140275955
0.02693917602300644
0.052586741745471954
0.04307591915130615
0.04949646443128586
0.043228521943092346
0.1004566103219986
0.0361858494579792
0.03972185030579567
0.05189571529626846
0.19213788211345673
0.06127883493900299
0.05307870730757713
0.07688107341527939
0.06057193875312805
0.04329814016819
0.055284351110458374
0.050383687019348145
0.044882312417030334
0.046444058418273926
0.05815424025058746
0.03609684109687805
0.09587230533361435
0.061369024217128754
0.03573157638311386
0.053499046713113785
0.051397934556007385
0.05419563502073288
0.031928159296512604
0.030022533610463142
0.035059649497270584
0.05941173434257507
0.04068385064601898
0.03497973084449768
0.09403759241104126
0.049690522253513336
0.053276512771844864
0.038672130554914474
0.05327770113945007
0.05110051482915878
0.05754288658499718
0.04550885036587715
0.045703478157520294
0.13175301253795624
0.07409607619047165
0.07799018919467926
0.03332144021987915
0.07150574028491974
0.05513162910938263
0.04862312227487564
0.043940164148807526
0.04917491227388382
0.0665004774928093
0.05810071900486946
0.038968272507190704
0.060178276151418686
0.04654549062252045
0.07798224687576294
0.05263352021574974
0.061291150748729706
0.02782037854194641
0.0375274196267128
0.04346013069152832
0.049643270671367645
0.057645317167043686
0.052437782287597656
0.05914121866226196
0.06374707818031311
0.04946760833263397
0.038645267486572266
0.044200457632541656
0.04374298080801964
0.07557255029678345
0.04963283985853195
0.06291379034519196
0.04074763134121895
0.06399118900299072
0.037607062608003616
0.06649450212717056
0.03764351084828377
0.03960234299302101
0.0957898199558258
0.045292600989341736
0.027066301554441452
0.03550935164093971
0.0265349131077528
0.030513914301991463
0.07521827518939972
0.07555068284273148
0.02948554791510105
0.04064418002963066
0.041677139699459076
0.03357580676674843
0.1654638946056366
0.026439880952239037
0.03401107341051102
0.030509905889630318
0.036332398653030396
0.03418148308992386
0.04363938048481941
0.028808213770389557
0.03439159318804741
0.043319039046764374
0.06590872257947922
0.049960557371377945
0.03196066617965698
0.02935187518596649
0.43257391452789307
0.02933827042579651
0.059983234852552414
0.04933886602520943
0.044859305024147034
0.021466577425599098
0.0619070865213871
0.04676951840519905
0.07867135852575302
0.10965792834758759
0.1386183500289917
0.048455461859703064
0.08248162269592285
0.060224078595638275
0.03749497979879379
0.1653912365436554
0.04119473323225975
0.05254574492573738
0.03724623844027519
0.053034115582704544
0.10254921019077301
0.02753538265824318
0.06862135231494904
0.06379697471857071
0.03765067830681801
0.04232810065150261
0.04771561920642853
0.05278266593813896
0.052605412900447845
0.04952024295926094
0.023638153448700905
0.2625957727432251
0.05182275548577309
0.03019706904888153
0.057460904121398926
0.10415162146091461
0.060733612626791
0.05287441611289978
0.049529824405908585
0.04315691068768501
0.04710591584444046
0.047989748418331146
0.03007405810058117
0.07436864823102951
0.04733147472143173
0.08503497391939163
0.02939831092953682
0.0501556321978569
0.02976188063621521
0.07605653256177902
0.056182391941547394
0.053188569843769073
0.0697452574968338
0.033495884388685226
0.037171632051467896
0.04630789905786514
0.033347856253385544
0.04591238126158714
0.030403289943933487
0.04526008293032646
0.029260417446494102
0.0290426854044199
0.16270267963409424
0.05636342614889145
0.04683787003159523
0.05582771450281143
0.04534069821238518
0.199056938290596
0.04038155451416969
0.03983191028237343
0.03116629831492901
0.023150699213147163
0.483798086643219
0.05654994770884514
0.06236156076192856
0.037623658776283264
0.05054103955626488
0.0655372366309166
0.060771144926548004
0.042791642248630524
0.033843107521533966
0.04594726115465164
0.047791432589292526
0.052878402173519135
0.04402611032128334
0.028598060831427574
0.10538803786039352
0.0743943601846695
0.04712803661823273
0.039212025701999664
0.04831812530755997
0.04263293743133545
0.0627429336309433
0.055001724511384964
0.04561995342373848
0.0779825747013092
0.04554229602217674
0.05241901054978371
0.05482012778520584
0.041262149810791016
0.06657164543867111
0.04256041347980499
0.027282854542136192
0.03135304152965546
0.056175850331783295
0.10834300518035889
0.0536375567317009
0.18975095450878143
0.02966517210006714
0.06465024501085281
0.036473892629146576
0.044223953038454056
0.03537330776453018
0.03826160728931427
0.07480744272470474
0.028077341616153717
0.1784946620464325
0.04687066003680229
0.060557447373867035
0.038420189172029495
0.029082641005516052
0.28639525175094604
0.0940387025475502
0.019420858472585678
0.03718765079975128
0.030084460973739624
0.03078293614089489
0.026587365195155144
0.04763786122202873
0.036810941994190216
0.04007266089320183
0.15381410717964172
0.05697384476661682
0.07293957471847534
0.03833440691232681
0.033868126571178436
0.05276327580213547
0.13778693974018097
0.031527936458587646
0.02802329882979393
0.03658711910247803
0.02911372110247612
0.10758611559867859
0.0390731543302536
0.03376918286085129
0.024291547015309334
0.04651043564081192
0.052904773503541946
0.04015180468559265
0.04877485707402229
0.02927539311349392
0.04714195430278778
0.08930811285972595
0.03129209950566292
0.1086714118719101
0.0310388021171093
0.14095786213874817
0.030089564621448517
0.03071111999452114
0.03258291259407997
0.04099791869521141
0.026445098221302032
0.03736118972301483
0.057779718190431595
0.032851193100214005
0.11421048641204834
0.06857161223888397
0.04364505037665367
0.06166018918156624
0.14556647837162018
0.07013937085866928
0.11848282068967819
0.1384819746017456
0.0454634428024292
0.07402722537517548
0.07719941437244415
0.3286382853984833
0.06604545563459396
0.0430089570581913
0.07065585255622864
0.09383340924978256
0.2252621352672577
0.10956867039203644
0.04972819983959198
0.06819242984056473
0.050123296678066254
0.05499444901943207
0.04026874527335167
0.4127568006515503
0.05447636917233467
0.17584101855754852
0.06519907712936401
0.04348968714475632
0.0615251287817955
0.12825056910514832
0.07890105992555618
0.04958316683769226
0.06318821758031845
0.04845985770225525
0.03715769574046135
0.046635448932647705
0.054936353117227554
0.06763555109500885
0.08791467547416687
0.055209867656230927
0.03812806308269501
0.07980303466320038
0.0672949030995369
0.0646081194281578
0.09420421719551086
0.08726251125335693
0.058632805943489075
0.07356682419776917
0.06008625030517578
0.07215604186058044
0.04788695275783539
0.033255189657211304
0.12449176609516144
0.07026001065969467
0.039365172386169434
0.059198103845119476
0.07320954650640488
0.05038165673613548
0.0595468170940876
0.06780072301626205
0.06698010861873627
0.05905252695083618
0.08064399659633636
0.05325821042060852
0.0773560181260109
0.10837970674037933
0.030507713556289673
0.0460120290517807
0.04109742119908333
0.03691606596112251
0.036853283643722534
0.0240425243973732
0.035734158009290695
0.03436681255698204
0.04050710052251816
0.043847452849149704
0.04141431674361229
0.031155146658420563
0.0477956086397171
0.060050010681152344
0.03720472380518913
0.03652254492044449
0.01556019950658083
0.02052709273993969
0.04776093363761902
0.02479364536702633
0.03260328620672226
0.03537660837173462
0.03720574080944061
0.0325952023267746
0.02797880955040455
0.03099093958735466
0.03525131940841675
0.060795582830905914
0.09446676075458527
0.02387174963951111
0.02265133708715439
0.02849622070789337
0.03691650554537773
0.022865433245897293
0.027926940470933914
0.05192859470844269
0.07363826036453247
0.08817721903324127
0.027828413993120193
0.021130191162228584
0.021696174517273903
0.0430782176554203
0.22687433660030365
0.031517840921878815
0.02566574513912201
0.04113505780696869
0.027349259704351425
0.03727784380316734
0.03730697184801102
0.041742999106645584
0.035978250205516815
0.022686868906021118
0.02447781339287758
0.18681281805038452
0.026382336392998695
0.044622376561164856
0.023448456078767776
0.045532021671533585
0.0352281890809536
0.030117668211460114
0.0641995295882225
0.06033359467983246
0.031947843730449677
0.06600522994995117
0.04540561884641647
0.051041048020124435
0.0858188048005104
0.05829601362347603
0.03744789585471153
0.059936054050922394
0.09395906329154968
0.07093974202871323
0.05370425805449486
0.06354714930057526
0.04327338933944702
0.03923561051487923
0.05422475188970566
0.05121724307537079
0.07385368645191193
0.21682795882225037
0.040544554591178894
0.05906001478433609
0.04555395245552063
0.0581703707575798
0.04271906986832619
0.07617627829313278
0.08271424472332001
0.034171901643276215
0.08134706318378448
0.03498392552137375
0.03335888683795929
0.028064604848623276
0.0544864647090435
0.061992280185222626
0.02981337532401085
0.03430360555648804
0.0691552609205246
0.03989413380622864
0.04539652168750763
0.0579381138086319
0.03781476244330406
0.038774263113737106
0.0590171180665493
0.04625191166996956
0.04749254509806633
0.038837067782878876
0.1182965636253357
0.15454566478729248
0.03762707859277725
0.05635717883706093
0.08549001812934875
0.036348190158605576
0.05100689083337784
0.030234120786190033
0.1463949978351593
0.03443581238389015
0.10766492038965225
0.025836259126663208
0.05483778566122055
0.03908318281173706
0.057662442326545715
0.168219655752182
0.06408418715000153
0.0722905769944191
0.02543647773563862
0.04183528199791908
0.016459371894598007
0.056882333010435104
0.04058900102972984
0.040224429219961166
0.04070901870727539
0.08537573367357254
0.04570620879530907
0.02405031956732273
0.027983441948890686
0.06824881583452225
0.11105658113956451
0.028202904388308525
0.026139196008443832
0.036753397434949875
0.09482456743717194
0.0323663204908371
0.04155406728386879
0.036666952073574066
0.01704086735844612
0.03286181017756462
0.021784132346510887
0.022550908848643303
0.0231955423951149
0.024872267618775368
0.03651862591505051
0.030534472316503525
0.060252558439970016
0.025639642030000687
0.055933915078639984
0.022365234792232513
0.042585089802742004
0.025543324649333954
0.052095893770456314
0.04375355318188667
0.03833016753196716
0.027018548920750618
0.023151814937591553
0.03996299207210541
0.0302833691239357
0.01663988269865513
0.020616594702005386
0.02531243860721588
0.02596128359436989
0.03392354026436806
0.03391658142209053
0.0419762060046196
0.02435276471078396
0.02633938193321228
0.028730351477861404
0.03884633257985115
0.02727392315864563
0.027845224365592003
0.027475640177726746
0.05704687908291817
0.025203241035342216
0.03380245715379715
0.025611530989408493
0.024536315351724625
0.050211258232593536
0.02148369327187538
0.0611976683139801
0.023920273408293724
0.08556967228651047
0.021130964159965515
0.02443467080593109
0.0338609404861927
0.03394206240773201
0.06503176689147949
0.0380542129278183
0.03972697630524635
0.042508408427238464
0.03280436247587204
0.04687219113111496
0.06065401807427406
0.12014292925596237
0.03337091952562332
0.05916907638311386
0.037269651889801025
0.07638835906982422
0.037052303552627563
0.07566185295581818
0.029415253549814224
0.07147802412509918
0.0457865335047245
0.0341888964176178
0.10296095907688141
0.0886772871017456
0.06555423140525818
0.048123549669981
0.037268828600645065
0.06673163175582886
0.09881594777107239
0.03417177125811577
0.053607288748025894
0.04059816524386406
0.04146137833595276
0.04417644068598747
0.028416424989700317
0.03658381476998329
0.027814164757728577
0.05664825439453125
0.04944445937871933
0.04383508116006851
0.33227068185806274
0.056062985211610794
0.044084176421165466
0.0418916791677475
0.025034183636307716
0.04221362993121147
0.047878023236989975
0.05325077474117279
0.04630663990974426
0.048758942633867264
0.055537234991788864
0.08665764331817627
0.03754451870918274
0.042640164494514465
0.059173062443733215
0.028717827051877975
0.0574943982064724
0.0658104419708252
0.052765123546123505
0.19279244542121887
0.08089105039834976
0.03982768952846527
0.05575904995203018
0.031225619837641716
0.040523167699575424
