0.0021349170710891485
0.0008682783227413893
0.018612688407301903
0.0025772894732654095
0.02363809570670128
0.010408428497612476
0.001410584431141615
0.01625272072851658
0.007665604818612337
0.012278072535991669
0.019206726923584938
0.011634054593741894
0.016925157979130745
0.013575544580817223
0.028003232553601265
0.014209756627678871
0.015044452622532845
0.03737097606062889
0.013043753802776337
0.007571167778223753
0.009340993128716946
0.001300702802836895
0.02025790698826313
0.011233562603592873
0.004391585476696491
0.012830158695578575
0.00035424352972768247
0.018408311530947685
0.004989456385374069
0.002842832589522004
0.0007308859494514763
0.0006375474622473121
0.008643599227070808
0.011778149753808975
0.01031044963747263
0.01312506478279829
0.013756388798356056
0.011308371089398861
0.005558119621127844
0.029038136824965477
0.00862366333603859
0.014900139532983303
0.0010923432419076562
0.019778551533818245
0.0056039816699922085
0.026665356010198593
0.006274122279137373
0.017391826957464218
0.0013130581937730312
0.004199341405183077
0.026234867051243782
0.020585231482982635
0.025867583230137825
0.019673820585012436
0.010911264456808567
0.011794442310929298
0.002585704904049635
0.014311558566987514
0.004792802967131138
0.014101076871156693
0.02191152237355709
0.00036413490306586027
0.022654151543974876
0.008126292377710342
0.015246156603097916
0.011626199819147587
0.0006771102780476213
0.014657039195299149
0.008641849271953106
0.022383244708180428
0.015860242769122124
0.0013077134499326348
0.006823920179158449
0.000189827595022507
0.009154978208243847
0.016896342858672142
0.019558677449822426
0.021391691640019417
0.001750490046106279
0.002036637393757701
0.0011023416882380843
0.001372181111946702
0.027300985530018806
0.0509522370994091
0.0018077644053846598
0.013759829103946686
0.01061936467885971
0.011685776524245739
0.003224881598725915
0.0005524080479517579
0.04587407410144806
0.00037546586827374995
0.002470599953085184
0.0021652807481586933
0.0082544619217515
0.010151125490665436
0.0011437643552199006
0.00042039170511998236
0.02157459780573845
0.010613003745675087
0.011697256937623024
0.01878373883664608
0.01801396906375885
0.010578247718513012
0.020592639222741127
0.024386897683143616
0.05132044106721878
0.0027858673129230738
0.014331912621855736
0.02649405598640442
0.012749625369906425
0.022727584466338158
0.013026876375079155
0.011737990193068981
0.001755894860252738
0.022860754281282425
0.005318831652402878
0.0009739423403516412
0.012412598356604576
0.0005749802221544087
0.0008681006729602814
0.01173496525734663
0.010568761266767979
0.02011168748140335
0.0005064107244834304
0.0027320031076669693
0.0007863914943300188
0.03598947077989578
0.0005514146760106087
0.015570602379739285
0.013123349286615849
0.002264470560476184
0.003376923967152834
0.016999080777168274
0.005656980909407139
0.016693472862243652
0.02693657949566841
0.037340566515922546
0.000388829386793077
0.010376721620559692
0.013652452267706394
0.015086616389453411
0.006318303290754557
0.015891971066594124
0.022322509437799454
0.01636003702878952
0.0018776821671053767
0.002624675165861845
0.0013743762392550707
0.002691465662792325
0.000623703352175653
0.0005335419555194676
0.0009371305350214243
0.016740893945097923
0.0012599870096892118
0.019584638997912407
0.0071344394236803055
0.0007007091189734638
0.010479831136763096
0.0010282098082825541
0.020216213539242744
0.045798029750585556
0.01483226753771305
0.023761840537190437
0.03518999367952347
0.019006142392754555
0.0015952169196680188
0.019921060651540756
0.0011816166806966066
0.011137853376567364
0.00967180635780096
0.018244082108139992
0.01595010980963707
0.0023247338831424713
0.011750156059861183
0.00975644402205944
0.0010085379472002387
0.012756304815411568
0.011885297484695911
0.02387850545346737
0.039603717625141144
0.0012025212636217475
0.0036736151669174433
0.01177652645856142
0.000744505028706044
0.011568699032068253
0.003743155160918832
0.000530898105353117
0.0013540999498218298
0.008649875409901142
0.011053395457565784
0.02535342052578926
0.016674427315592766
0.03145328536629677
0.0008566561155021191
0.0008483015699312091
0.0018523124745115638
0.02066991850733757
0.01867516152560711
0.0004606888978742063
0.0017805491806939244
0.0005985499010421336
0.007088015787303448
0.00026315945433452725
0.0007761612650938332
0.0019152447348460555
0.0006876974366605282
0.04553116485476494
0.0695343017578125
0.010806506499648094
0.00046206748811528087
0.0016717836260795593
0.013126307167112827
0.005484311375766993
0.017477665096521378
0.016847262158989906
0.00317441881634295
0.0004706660402007401
0.0004883615183643997
0.0005031534237787127
0.029409240931272507
0.023250585421919823
0.015931231901049614
0.014084207825362682
0.02349364571273327
0.032755590975284576
0.0010648391908034682
0.0003298102237749845
0.05921013653278351
0.008644221350550652
0.0006750308093614876
0.009914541617035866
0.021633174270391464
0.01731730066239834
0.018563101068139076
0.015123601071536541
0.01777082309126854
0.0061479974538087845
0.0015294721815735102
0.014706293120980263
0.013311823830008507
0.01520110946148634
0.014201009646058083
0.027695322409272194
0.008007851429283619
0.021648097783327103
0.014159465208649635
0.0024857865646481514
0.00043551978887990117
0.03294222801923752
0.0032956902869045734
0.0011712043778970838
0.01058652438223362
0.014915099367499352
0.0013176312204450369
0.018922746181488037
0.009986637160182
0.0009286245331168175
0.009795057587325573
0.01269958633929491
0.01917121186852455
0.027944320812821388
0.0012525126803666353
0.011709287762641907
0.05213519185781479
0.01784658432006836
0.017836399376392365
0.0006299341912381351
0.000469807448098436
0.01031205989420414
0.023922868072986603
0.003903648816049099
0.014032632112503052
0.02423033118247986
0.008764602243900299
0.01830599457025528
0.011404221877455711
0.020369626581668854
0.03459174185991287
0.02114069275557995
0.017657190561294556
0.0008454234921373427
0.010467514395713806
0.020201636478304863
0.004554747603833675
0.0192712489515543
0.017052562907338142
0.013397784903645515
0.023187588900327682
0.023342881351709366
0.017610149458050728
0.018428409472107887
0.012200864031910896
0.009656964801251888
0.012083666399121284
0.019524676725268364
0.024890922009944916
0.00039809467853046954
0.013970904052257538
0.026112379506230354
0.015657270327210426
0.008806874044239521
0.0005830976879224181
0.01077961828559637
0.0015091318637132645
0.0024403345305472612
0.0048744287341833115
0.009585986845195293
0.0036839053500443697
0.020158864557743073
0.011198185384273529
0.00028547359397634864
0.009466164745390415
0.0038720760494470596
0.016076376661658287
0.012371771968901157
0.019494395703077316
0.009772313758730888
0.02401629649102688
0.0018030727514997125
0.009421945549547672
0.10502773523330688
0.010515390895307064
0.013135443441569805
0.014797991141676903
0.08494770526885986
0.0009536970173940063
0.014606961980462074
0.009844078682363033
0.002388792345300317
0.012074491940438747
0.012567280791699886
0.000925823871511966
0.01702616736292839
0.016649402678012848
0.01978781819343567
0.010771599598228931
0.018478814512491226
0.008828431367874146
0.008864122442901134
0.01563798263669014
0.007337778806686401
0.03670027107000351
0.0012463958701118827
0.006564028561115265
0.0010165179846808314
0.014768444932997227
0.010427510365843773
0.002523064846172929
0.021381925791502
0.014032035134732723
0.0013640123652294278
0.018032383173704147
0.010217621922492981
0.019093848764896393
0.025622772052884102
0.0025339187122881413
0.006720344536006451
0.0008460753015242517
0.011979588307440281
0.0018266042461618781
0.01251231413334608
0.014570002444088459
0.0008625474874861538
0.01443217322230339
0.0021608262322843075
0.011724378913640976
0.017045263200998306
0.016930921003222466
0.0003095731372013688
0.01807139255106449
0.00350675405934453
0.01261115912348032
0.00034785864409059286
0.014765477739274502
0.01975320465862751
0.017478303983807564
0.001530027249827981
0.000740466290153563
0.014943732880055904
0.005079641006886959
0.01969248242676258
0.008919158950448036
0.021909475326538086
0.0013270420022308826
0.018005380406975746
0.013327477499842644
0.012614701874554157
0.015681205317378044
0.014574658125638962
0.008695820346474648
0.015961958095431328
0.0010787785286083817
0.02814616821706295
0.0004801844188477844
0.012208218686282635
0.001956436550244689
0.0005669663078151643
0.004556125495582819
0.0056236120872199535
0.014641031622886658
0.018091734498739243
0.0013242405839264393
0.013783667236566544
0.021190255880355835
0.02190040424466133
0.017322897911071777
0.000676880357787013
0.009561257436871529
0.007208267692476511
0.016756806522607803
0.009852750226855278
0.0012219920754432678
0.006220667622983456
0.011223314329981804
0.01726594939827919
0.0006522912299260497
0.002024037064984441
0.01213015615940094
0.03699055314064026
0.0025422670878469944
0.016559185460209846
0.0016938059125095606
0.001274612033739686
0.0351053923368454
0.027610864490270615
0.010683656670153141
0.0011549560585990548
0.006162898615002632
0.02523566409945488
0.0014360856730490923
0.007904143072664738
0.0005811249138787389
0.007492918986827135
0.02392025664448738
0.000766729237511754
0.012185200117528439
0.08366416394710541
0.01079192478209734
0.02129330486059189
0.02801472507417202
0.006043778732419014
0.018836362287402153
0.0008709780522622168
0.009633061476051807
0.00044055411126464605
0.02102639526128769
0.0029291280079632998
0.001066200085915625
0.008650519885122776
0.0007172873592935503
0.03636566922068596
0.0081491619348526
0.02804059349000454
0.019068749621510506
0.01831049472093582
0.010511198081076145
0.008955385535955429
0.003696380415931344
0.0029250148218125105
0.0024382576812058687
0.017991693690419197
0.009974556975066662
0.010583918541669846
0.01855626329779625
0.018999218940734863
0.037446413189172745
0.014313887804746628
0.023769879713654518
0.0010902860667556524
0.0012419838458299637
0.009623649530112743
0.028575191274285316
0.003870205255225301
0.008078177459537983
0.010207493789494038
0.004441247787326574
0.040291834622621536
0.003579376731067896
0.0787685364484787
0.007591261528432369
0.0005714282742701471
0.0016433574492111802
0.024716202169656754
0.01640656590461731
0.03737913817167282
0.008092137053608894
0.009744417853653431
0.0016147021669894457
0.00036187778459861875
0.0019964869134128094
0.003864752594381571
0.011424703523516655
0.018789205700159073
0.02235862798988819
0.0003516494180075824
0.006126477848738432
0.002083317842334509
0.001359881367534399
0.014144521206617355
0.017910681664943695
0.0005493748467415571
0.011716879904270172
0.008951271884143353
0.0008121394785121083
0.01804368570446968
0.0014980623964220285
0.03975314274430275
0.016316007822752
0.01712215319275856
0.010906162671744823
0.00041912298183888197
0.0015429130289703608
0.02089209295809269
0.0009806773159652948
0.006447483319789171
0.0005689311074092984
0.007030593231320381
0.0034199412912130356
0.000704352161847055
0.015400383621454239
0.0017991552595049143
0.009533439762890339
0.008092234842479229
0.000730585481505841
0.02267146110534668
0.05235422030091286
0.0023792642168700695
0.021867766976356506
0.018577110022306442
0.011515974067151546
0.002977707190439105
0.023620883002877235
0.0011795720783993602
0.0014780100900679827
0.016526268795132637
0.014709997922182083
0.010366426780819893
0.02246650494635105
0.0003299456147942692
0.028699494898319244
0.0008022611727938056
0.015741795301437378
0.0011478563537821174
0.0059263152070343494
0.013467192649841309
0.011757082305848598
0.018831325694918633
0.011521550826728344
0.019333774223923683
0.012060082517564297
0.018106788396835327
0.017347579821944237
0.0023442376405000687
0.0013050963170826435
0.028925634920597076
0.000549999182112515
0.022025153040885925
0.02981691062450409
0.028017379343509674
0.0007871550624258816
0.010225240141153336
0.039703551679849625
0.0002690897381398827
0.0010507896076887846
0.0187105480581522
0.011620176956057549
0.009575758129358292
0.006129763089120388
0.009393109939992428
0.00047170871403068304
0.0168143417686224
0.008714035153388977
0.007738417014479637
0.005408983677625656
0.01459592767059803
0.021387659013271332
0.011472700163722038
0.011881642043590546
0.002079659840092063
0.017600389197468758
0.03222806751728058
0.019832715392112732
0.012423023581504822
0.010480085387825966
0.018838854506611824
0.05105730891227722
0.0235158558934927
0.018762797117233276
0.010874337516725063
0.0060198018327355385
0.0004342190222814679
0.01024883147329092
0.0016808419022709131
0.02572738379240036
0.015551097691059113
0.0217349361628294
0.0009883398888632655
0.0012046461924910545
0.02816779725253582
0.0012114616110920906
0.013821176253259182
0.01211618259549141
0.010946989059448242
0.0008932040655054152
0.009639187715947628
0.037756167352199554
0.001829384476877749
0.005704892333596945
0.014692116528749466
0.024814901873469353
0.011144879274070263
0.0012231619330123067
0.0003061570751015097
0.010208308696746826
0.0008666687062941492
0.0032576783560216427
0.019344348460435867
0.005997695494443178
0.0014231742825359106
0.0007478005718439817
0.01522999256849289
0.0007350207306444645
0.007507184986025095
0.008833859115839005
0.00017990416381508112
0.016441585496068
0.003095753025263548
0.02293769270181656
0.014795438386499882
0.0015446068719029427
0.007965694181621075
0.01859191246330738
0.001457099337130785
0.0072850752621889114
0.01091200765222311
0.006801565643399954
0.004503172822296619
0.0014245626516640186
0.008880002424120903
0.0014070235192775726
0.04644746333360672
0.022751960903406143
0.015419257804751396
0.004850239958614111
0.014955229125916958
0.0008372379234060645
0.016334664076566696
0.008537957444787025
0.02895229682326317
0.0007584564154967666
0.0007916555041447282
0.018557626754045486
0.03650837019085884
0.0004903163062408566
0.000746419420465827
0.0075757126323878765
0.05327939614653587
0.01061938051134348
0.02297482080757618
0.04567510634660721
0.0016384550835937262
0.013418440707027912
0.01706593856215477
0.013555147685110569
0.013087061233818531
0.02444515936076641
0.015238935127854347
0.0023660403676331043
0.006686803884804249
0.052891992032527924
0.012539474293589592
0.0013496170286089182
0.0044132256880402565
0.01052772905677557
0.023950669914484024
0.012434008531272411
0.020594868808984756
0.0011112502543255687
0.016197089105844498
0.0005754705052822828
0.0007970321457833052
0.008319609798491001
0.0236190315335989
0.012676765210926533
0.022699490189552307
0.008652669377624989
0.01769864931702614
0.005741785746067762
0.042892683297395706
0.03977204114198685
0.0007596376235596836
0.01883871667087078
0.003858050098642707
0.0036082242149859667
0.010057136416435242
0.008103761821985245
0.0033085395116358995
0.0026076650246977806
0.012441975995898247
0.0019723011646419764
0.020478609949350357
0.001958725741133094
0.008170772343873978
0.014704721048474312
0.016320310533046722
0.00993079412728548
0.0012784129939973354
0.0023778718896210194
0.000617396435700357
0.01351657509803772
0.014597802422940731
0.01255347952246666
0.011108692735433578
0.014243094250559807
0.0010139970108866692
0.015131661668419838
0.029039520770311356
0.010490281507372856
0.0006030655349604785
0.014643345028162003
0.04239175468683243
0.010977006517350674
0.029802318662405014
0.01324092410504818
0.0022188853472471237
0.0008763964870013297
0.015545983798801899
0.013691660948097706
0.023164529353380203
0.001165800029411912
0.009006771259009838
0.0006966728251427412
0.0013331258669495583
0.009012110531330109
0.02045464515686035
0.001215669559314847
0.0440884530544281
0.020298300310969353
0.02130253054201603
0.0004943322855979204
0.02031949907541275
0.019479449838399887
0.032893650233745575
0.01641700230538845
0.0004529597354121506
0.000883834611158818
0.004398058168590069
0.022959519177675247
0.0016294303350150585
0.013560024090111256
0.018989430740475655
0.05177924782037735
0.0016150007722899318
0.01972055993974209
0.004153541289269924
0.0003674053295981139
0.03021892160177231
0.015429511666297913
0.0008099940605461597
0.0023163107689470053
0.02951161563396454
0.015193672850728035
0.0037119113840162754
0.027167458087205887
0.015749286860227585
0.009911010041832924
0.011536501348018646
0.0027130565140396357
0.0007370914099738002
0.0010436238953843713
0.02644205652177334
0.0006292652105912566
0.0009387349127791822
0.008027494885027409
0.0008986330940388143
0.043016012758016586
0.012987803667783737
0.012860937044024467
0.017474181950092316
0.015064109116792679
0.02413558028638363
0.012445504777133465
0.030027639120817184
0.00021587016817647964
0.0011903563281521201
0.016429690644145012
0.002492412691935897
0.0004739162395708263
0.027411719784140587
0.0037435987032949924
0.00977007020264864
0.011783014982938766
0.0004022398206871003
0.025720275938510895
0.02232145145535469
0.012212147936224937
0.011183993890881538
0.03223302960395813
0.016485653817653656
0.012972783297300339
0.0028283291030675173
0.010387071408331394
0.013559558428823948
0.003612167201936245
0.012689230032265186
0.01962149329483509
0.01699194498360157
0.011952920816838741
0.007548180408775806
0.08488865196704865
0.014892011880874634
0.015869274735450745
0.011177565902471542
0.022948265075683594
0.01571320928633213
0.018968969583511353
0.004192863125354052
0.025861831381917
0.004703580867499113
0.014647077769041061
0.013031008653342724
0.0013578343205153942
0.00452549010515213
0.007841311395168304
0.01013149693608284
0.000595211167819798
0.0044155907817184925
0.029897945001721382
0.019051387906074524
0.020856229588389397
0.0013610990718007088
0.01194416731595993
0.019193656742572784
0.00659976527094841
0.002653648378327489
0.001347673824056983
0.017332443967461586
0.018662309274077415
0.01689523085951805
0.0007547935238108039
0.0022096086759120226
0.009912608191370964
0.006161374039947987
0.03672699257731438
0.015250930562615395
0.007057365030050278
0.0015640375204384327
0.015179980546236038
0.06660792976617813
0.029387999325990677
0.0006929167429916561
0.0659397691488266
0.027517378330230713
0.013259518891572952
0.008386828005313873
0.0014841868542134762
0.016387443989515305
0.022559283301234245
0.016117390245199203
0.012350202538073063
0.012852050364017487
0.017297513782978058
0.010407568886876106
0.013458465225994587
0.018691077828407288
0.020230138674378395
0.0035924299154430628
0.005641475319862366
0.04578853026032448
0.031115472316741943
0.015436641871929169
0.019536860287189484
0.004432046785950661
0.018562959507107735
0.013086429797112942
0.0010199054377153516
0.015876298770308495
0.019970377907156944
0.007622283883392811
0.020422084257006645
0.018265150487422943
0.0190558023750782
0.0353422537446022
0.04203258454799652
0.020789429545402527
0.0008211201056838036
0.029822571203112602
0.008995795622467995
0.015064561739563942
0.00043487740913406014
0.010519416071474552
0.0067579778842628
0.0006633601151406765
0.0006160375196486712
0.007586170453578234
0.011486228555440903
0.006998167838901281
0.000476811605039984
0.012434677220880985
0.002230869373306632
0.018245236948132515
0.0005422601825557649
0.008412504568696022
0.02650812827050686
0.021776650100946426
0.014403076842427254
0.00045920739648863673
0.025752000510692596
0.0007129679434001446
0.0030454620718955994
0.04662391170859337
0.004358966834843159
0.013487154617905617
0.017015649005770683
0.01853470876812935
0.0139675447717309
0.021740445867180824
0.032487306743860245
0.1724025309085846
0.0010702172294259071
0.013136685825884342
0.016632774844765663
0.0014144339365884662
0.0035186586901545525
0.0005804499378427863
0.015639200806617737
0.015575232915580273
0.02428463101387024
0.0006787203019484878
0.0051894537173211575
0.019987380132079124
0.023967698216438293
0.0007844058563932776
0.02519284188747406
0.016825176775455475
0.012180064804852009
0.016899507492780685
0.00048591362428851426
0.010901544243097305
0.024676578119397163
0.01200267393141985
0.02526787668466568
0.016579680144786835
0.00019447934755589813
0.0009674382745288312
0.00036305258981883526
0.015029024332761765
0.007067208644002676
0.00040707935113459826
0.0007923807133920491
0.014040344394743443
0.01410907693207264
0.014010000973939896
0.02379973977804184
0.010651804506778717
0.046928174793720245
0.009006047621369362
0.0022311850916594267
0.0007582249236293137
0.00086065789218992
0.004421008285135031
0.020849684253335
0.07449841499328613
0.012283717282116413
0.0007144610863178968
0.014368155971169472
0.013429546728730202
0.01134484726935625
0.003081057220697403
0.019925659522414207
0.01478712446987629
0.01017091702669859
0.008413143455982208
0.017246682196855545
0.024892086163163185
0.015563132241368294
0.0010829344391822815
0.014575452543795109
0.009836745448410511
0.024660902097821236
0.002713787369430065
0.029780978336930275
0.016634859144687653
0.01290808618068695
0.006025517825037241
0.013251889497041702
0.00244801864027977
0.0004274639650247991
0.0013232184574007988
0.012690027244389057
0.010559182614088058
0.0008171111694537103
0.0010682842694222927
0.009887919761240482
0.0012391726486384869
0.010557279922068119
0.014308241195976734
0.007520709186792374
0.009335365146398544
0.007655181456357241
0.005768151953816414
0.00031302680145017803
0.003962571732699871
0.00465732766315341
0.01664089784026146
0.001470137620344758
0.0014710503164678812
0.012966560199856758
0.014079300686717033
0.009542027488350868
0.01492172572761774
0.0006171335116960108
0.016461031511425972
0.009264450520277023
0.010335213504731655
0.0008687468362040818
0.012783153913915157
0.010540027171373367
0.011838630773127079
0.0025463486090302467
0.0008264249190688133
0.0015675483737140894
0.017401468008756638
0.0010592469479888678
0.001446814858354628
0.0007610644097439945
0.010738067328929901
0.020685676485300064
0.0008700782782398164
0.013413077220320702
0.0019501058850437403
0.016653195023536682
0.02135867439210415
0.0004694284580182284
0.0018980598542839289
0.01825752854347229
0.024366769939661026
0.013872422277927399
0.006762445438653231
0.02263367362320423
0.01007984858006239
0.004675890319049358
0.001025647041387856
0.001525109400972724
0.020720859989523888
0.003533118637278676
0.015075847506523132
0.0031277553644031286
0.017844516783952713
0.0019177583744749427
0.003289284883067012
0.04368792846798897
0.014302152208983898
0.0018409320618957281
0.0004010125994682312
0.0006646012188866735
0.013945689424872398
0.0016919674817472696
0.010921674780547619
0.017297662794589996
0.014057906344532967
0.01734461635351181
0.023506678640842438
0.00041984557174146175
0.021748896688222885
0.004633401986211538
0.010098141618072987
0.01961381360888481
0.000204946642043069
0.0005816295742988586
0.0009546693763695657
0.014728081412613392
0.007077101152390242
0.013781962916254997
0.012786750681698322
0.027719633653759956
0.01761358603835106
0.0168217234313488
0.019479690119624138
0.02950633503496647
0.015215489082038403
0.008497735485434532
0.019965244457125664
0.009790056385099888
0.02588057704269886
0.020803984254598618
0.013459364883601665
0.02006061188876629
0.015314126387238503
0.01044516172260046
0.01698245108127594
0.00103851780295372
0.020164869725704193
0.001180825405754149
0.0030285664834082127
0.0008344727102667093
0.00037221895763650537
0.01424267329275608
0.01841895468533039
0.005480825901031494
0.0038387905806303024
0.034470025449991226
0.019289305433630943
0.0009134485153481364
0.013555220328271389
0.0023524463176727295
0.009127592667937279
0.011684754863381386
0.013663179241120815
0.0005207840586081147
0.02764274738729
0.00039091621874831617
0.01209452748298645
0.021106570959091187
0.014584259130060673
0.05027121677994728
0.009054852649569511
0.013533959165215492
0.001075172796845436
0.0008293493883684278
0.0006571260746568441
0.0006866090698167682
0.02821461297571659
0.01058114692568779
0.012955650687217712
0.018160207197070122
0.006267216522246599
0.01017040479928255
0.020807379856705666
0.026979578658938408
0.009351258166134357
0.024757705628871918
0.02694227546453476
0.0018412310164421797
0.0012066609924659133
0.01989796943962574
0.004447913728654385
0.017275050282478333
0.015690123662352562
0.0006188350962474942
0.0014442901592701674
0.006381334736943245
0.0011436741333454847
0.006003417074680328
0.005268272943794727
0.08752518892288208
0.0005853634793311357
0.009612208232283592
0.0005820259102620184
0.014936982654035091
0.010088253766298294
0.0005147121846675873
0.0019469700055196881
0.0020480453968048096
0.0004058515769429505
0.007138276472687721
0.0009916306007653475
0.012341897934675217
0.0015451472718268633
0.01007612980902195
0.020040001720190048
0.007646393962204456
0.0003706490679178387
0.020391924306750298
0.008229500614106655
0.0201118066906929
0.021198727190494537
0.018917635083198547
0.01268300786614418
0.004059298429638147
0.016684774309396744
0.01443151943385601
0.01718180999159813
0.011495174840092659
0.015195915475487709
0.0006116615259088576
0.00098978984169662
0.018794041126966476
0.031782180070877075
0.02503873221576214
0.02106178179383278
0.020905539393424988
0.0014315156731754541
0.01938510313630104
0.01796926185488701
0.0444328747689724
0.009431074373424053
0.021375291049480438
0.01645883172750473
0.021998465061187744
0.0016716578975319862
0.022741328924894333
0.012704325839877129
0.006482027471065521
0.0003439244464971125
0.0063595580868422985
0.013110659085214138
0.013019389472901821
0.01826164312660694
0.026692543178796768
0.018960261717438698
0.028182445093989372
0.010540232062339783
0.0005843238905072212
0.008586515672504902
0.05984644591808319
0.015899892896413803
0.022346053272485733
0.0014097928069531918
0.0006851694197393954
0.012049445882439613
0.02818012610077858
0.012768122367560863
0.015619718469679356
0.0010765647748485208
0.0008080347906798124
0.0011080031981691718
0.021359765902161598
0.011773297563195229
0.00727065047249198
0.023297933861613274
0.020668113604187965
0.0004037907347083092
0.04310355335474014
0.004325143527239561
0.01405981183052063
0.008705305866897106
0.0158890001475811
0.0028432763647288084
0.01267920434474945
0.006696986500173807
0.0028684495482593775
0.004543791990727186
0.006765425670892
0.022246764972805977
0.002238920656964183
0.005424897652119398
0.011821046471595764
0.0047806622460484505
0.01801144890487194
0.00129310239572078
0.017252933233976364
0.013694889843463898
0.017288217321038246
0.009382707066833973
0.02964860573410988
0.0016098849009722471
0.005997316911816597
0.021255914121866226
0.003106925403699279
0.013363690115511417
0.004157898016273975
0.06504535675048828
0.017631014809012413
0.0056003727950155735
0.020321302115917206
0.0015077984426170588
0.017325647175312042
0.017083553597331047
0.023777015507221222
0.06949800252914429
0.05663430690765381
0.021750863641500473
0.04416196048259735
0.0006101713515818119
0.0009420355781912804
0.014587899670004845
0.012381565757095814
0.0012040580622851849
0.016418281942605972
0.0007322204182855785
0.003011896973475814
0.013354306109249592
0.015107272192835808
0.00792388990521431
0.0008252040133811533
0.019731765612959862
0.017295297235250473
0.019167698919773102
0.01749034784734249
0.0005708201788365841
0.0006105133797973394
0.013805551454424858
0.010963530279695988
0.028380639851093292
0.019106900319457054
0.02325221709907055
0.03407583385705948
0.01108601875603199
0.015255467966198921
0.0006494262488558888
0.009464709088206291
0.00035081084934063256
0.004494064021855593
0.023518647998571396
0.011335037648677826
0.005393308587372303
0.016598762944340706
0.0023864342365413904
0.003277227282524109
0.02435811422765255
0.022240599617362022
0.009315865114331245
0.01369202695786953
0.00071567646227777
0.0008808955317363143
0.010149180889129639
0.013285218738019466
0.001210634014569223
0.024439139291644096
0.0010130926966667175
0.015034887939691544
0.0008434690535068512
0.011595658026635647
0.002551975892856717
0.025073768571019173
0.015565449371933937
0.0005881367833353579
0.017605958506464958
0.0019180495291948318
0.0018872857326641679
0.00048823305405676365
0.00018967561481986195
0.011203765869140625
0.001252541202120483
0.0129815973341465
0.0010685157030820847
0.01388058066368103
0.028507886454463005
0.0011109629413112998
0.020213302224874496
0.0004251294885762036
0.0008674828568473458
0.01898748055100441
0.010690569877624512
0.0006654204335063696
0.01777278073132038
0.17275230586528778
0.025331072509288788
0.0009848281042650342
0.018700452521443367
0.005880176089704037
0.0010495298774912953
0.0011564807500690222
0.00767547870054841
0.0014588420744985342
0.0010335026308894157
0.00030551504460163414
0.002081163227558136
0.019666286185383797
0.026871755719184875
0.014307443052530289
0.0015298065263777971
0.024268697947263718
0.019951317459344864
0.009371964260935783
0.019763285294175148
0.017143355682492256
0.0508868508040905
0.015727996826171875
0.010940350592136383
0.0006434473907575011
0.006692478433251381
0.007273009978234768
0.01579797826707363
0.014142286963760853
0.01874719187617302
0.012223470024764538
0.016423892229795456
0.000879565835930407
0.025046197697520256
0.032092612236738205
0.000893582939170301
0.01571640558540821
0.02875150740146637
0.011164354160428047
0.015293285250663757
0.0012517670402303338
0.014215410687029362
0.011311814188957214
0.02651771530508995
0.012720895931124687
0.010934766381978989
0.014310404658317566
0.0006274592597037554
0.0019490317208692431
0.0005009698797948658
0.014486925676465034
0.019756631925702095
0.0009936036076396704
0.01854586787521839
0.019772663712501526
0.024514134973287582
0.0021998470183461905
0.0015699666691944003
0.0011504555586725473
0.0008061811095103621
0.018693596124649048
0.0013759221183136106
0.013703541830182076
0.009439869783818722
0.009832188487052917
0.009043815545737743
0.013865589164197445
0.021236056461930275
0.00933624804019928
0.0011151566868647933
0.01148022897541523
0.01386324968189001
0.03997189551591873
0.015645230188965797
0.0015476644039154053
0.00017043182742781937
0.007654612418264151
0.0023386813700199127
0.001890877028927207
0.01971728540956974
0.023043829947710037
0.01548579428344965
0.023770451545715332
0.019741954281926155
0.000584267545491457
0.002831102581694722
0.0025593959726393223
0.018424035981297493
0.044684119522571564
0.0069304960779845715
0.0010884797666221857
0.020484667271375656
0.012611272744834423
0.0007798500591889024
0.011347716674208641
0.003356184344738722
0.001965497387573123
0.021627454087138176
0.014047233387827873
0.07117833197116852
0.026702243834733963
0.0012776150833815336
0.0010354501428082585
0.022304372861981392
0.008643514476716518
0.0016547212144359946
0.00649971654638648
0.011915646493434906
0.0013126719277352095
0.02145414985716343
0.030489690601825714
0.009275238960981369
0.022630494087934494
0.009896982461214066
0.01743106171488762
0.03624166175723076
0.029466092586517334
0.009138042107224464
0.0135881956666708
0.008065024390816689
0.014342726208269596
0.02702241763472557
0.020418718457221985
0.022486750036478043
0.01288482453674078
0.021633367985486984
0.005862495396286249
0.0008541755960322917
0.01336505264043808
0.01689361035823822
0.015755224972963333
0.008283193223178387
0.01613433100283146
0.008891998790204525
0.047891683876514435
0.023944037035107613
0.0008352316217496991
0.0018890234641730785
0.024169519543647766
0.003038078546524048
0.01231872383505106
0.0012147518573328853
0.023314690217375755
0.01284696813672781
0.018905021250247955
0.008425261825323105
0.0378061942756176
0.020130829885601997
0.01202029176056385
0.005658680573105812
0.030607247725129128
0.0005703573115170002
0.00143139879219234
0.024422505870461464
0.014697660692036152
0.009968297556042671
0.011670848354697227
0.0008080083644017577
0.013075658120214939
0.005399884656071663
0.0012608087854459882
0.00959592591971159
0.020814260467886925
0.0007697748951613903
0.011920846998691559
0.011283543892204762
0.01196401845663786
0.01247400976717472
0.012845552526414394
0.013909019529819489
0.004037871956825256
0.0021995236165821552
0.0007237909594550729
0.009673074819147587
0.018963923677802086
0.014860270544886589
0.015237841755151749
0.0025615752674639225
0.018619433045387268
0.00891840923577547
0.001601540599949658
0.006556396838277578
0.01743619330227375
0.015977004542946815
0.010857503861188889
0.002487779129296541
0.019508324563503265
0.012531619518995285
0.017830252647399902
0.005193137098103762
0.011315925978124142
0.04190956801176071
0.010720804333686829
0.021106861531734467
0.021665355190634727
0.014155707322061062
0.010964876040816307
0.014252761378884315
0.011086836457252502
0.023593218997120857
0.020211603492498398
0.004055164288729429
0.025203706696629524
0.017762036994099617
0.0030704238452017307
0.018591027706861496
0.015230026096105576
0.023221425712108612
0.021223995834589005
0.014675237238407135
0.011845632456243038
0.008142671547830105
0.0015575421275570989
0.01651022583246231
0.0036124198231846094
0.015412716194987297
0.0009290191228501499
0.0037611350417137146
0.0006633628509007394
0.02234750986099243
0.01411270722746849
0.02403365820646286
0.0008826440898701549
0.011073349043726921
0.003937214612960815
0.0022814965341240168
0.012044615112245083
0.00309380772523582
0.008837363682687283
0.014814316295087337
0.005532622337341309
0.02451329492032528
0.0015300861559808254
0.017710894346237183
0.00022006910876370966
0.03230438008904457
0.005288075190037489
0.0024514850229024887
0.015906017273664474
0.029299642890691757
0.016061216592788696
0.013613000512123108
0.010597072541713715
0.019528988748788834
0.03229432925581932
0.0129791758954525
0.0011917392257601023
0.01851312816143036
0.01689315214753151
0.005738562438637018
0.0023374210577458143
0.020832298323512077
0.0009115914581343532
0.02291865274310112
0.02205630950629711
0.0009656308684498072
0.005531365983188152
0.014099755324423313
0.0010716337710618973
0.033514831215143204
0.013954274356365204
0.007923493161797523
0.0008446284336969256
0.014752816408872604
0.018088817596435547
0.00042020686669275165
0.0006687345448881388
0.02809726819396019
0.029999226331710815
0.01866080053150654
0.00149623048491776
0.01480670552700758
0.0010840590111911297
0.01687215454876423
0.016821295022964478
0.015568356029689312
0.013019822537899017
0.017766745761036873
0.023998098447918892
0.05887399613857269
0.01583094894886017
0.013922320678830147
0.0015884082531556487
0.010096799582242966
0.012345563620328903
0.02033635601401329
0.017099909484386444
0.010404003784060478
0.0005519986152648926
0.005277383141219616
0.001033552922308445
0.0015056402189657092
0.01698324829339981
0.01572958379983902
0.01087067648768425
0.0012622721260413527
0.004280160181224346
0.011358588002622128
0.020686954259872437
0.005030143074691296
0.008124498650431633
0.00927132647484541
0.0007963808020576835
0.01947696879506111
0.009895402006804943
0.011549405753612518
0.02742071822285652
0.03069058060646057
0.013417698442935944
0.008982190862298012
0.04127899557352066
0.04246560484170914
0.022630395367741585
0.0040069082751870155
0.005881580524146557
0.015354168601334095
0.0009284435072913766
0.0004560905508697033
0.0015795206418260932
0.011462968774139881
0.02031594142317772
0.001973370322957635
0.01773759536445141
0.010739006102085114
0.018705422058701515
0.003882123390212655
0.0013986015692353249
0.02058129385113716
0.001299299648962915
0.01794787123799324
0.029410678893327713
0.0008152960799634457
0.01001843623816967
0.025596411898732185
0.015487810596823692
0.001507343491539359
0.014300862327218056
0.014755811542272568
0.0005260903271846473
0.0170013215392828
0.000373243005014956
0.007980243302881718
0.013552339747548103
0.02637423202395439
0.018339691683650017
0.006103750318288803
0.001990950433537364
0.0015731451567262411
0.009634708985686302
0.02554069086909294
0.005575047805905342
0.008438710123300552
0.013712504878640175
0.01056970190256834
0.015474129468202591
0.00176682835444808
0.06435556709766388
0.013877238146960735
0.012864830903708935
0.011501665227115154
0.0017598234117031097
0.0008328889962285757
0.0012082315515726805
0.050714440643787384
0.0007726322510279715
0.01163411419838667
0.01570986397564411
0.0010859553003683686
0.006374057848006487
0.003939236048609018
0.02334597334265709
0.04264660179615021
0.0021084861364215612
0.006917490158230066
0.01420483086258173
0.014404005371034145
0.017952721565961838
0.01147435698658228
0.0019011830445379019
0.000419213785789907
0.01905228942632675
0.006006686016917229
0.02006910927593708
0.0009352177730761468
0.0008263894123956561
0.08531943708658218
0.01668625883758068
0.011940129101276398
0.005059224087744951
0.032537657767534256
0.01978112757205963
0.010083163157105446
0.01904807612299919
0.0003220506478101015
0.00045935966772958636
0.013221906498074532
0.018489334732294083
0.012881689704954624
0.010231966152787209
0.0056381989270448685
0.018529988825321198
0.006536802276968956
0.002094797557219863
0.016301287338137627
0.0016041334019973874
0.009031346999108791
0.00313304690644145
0.01040626224130392
0.010805655270814896
0.0020548528991639614
0.003988760523498058
0.018831096589565277
0.017503194510936737
0.002933243755251169
0.021150164306163788
0.010610463097691536
0.015196031890809536
0.011206235736608505
0.01717454567551613
0.020587215200066566
0.014331300742924213
0.0017827384872362018
0.0003574452130123973
0.00824607815593481
0.024239130318164825
0.03781605884432793
0.0036442812997847795
0.011083606630563736
0.0009861160069704056
0.004049484618008137
0.04117049276828766
0.0022809074725955725
0.010764751583337784
0.0018842181889340281
0.008521368727087975
0.00027410025359131396
0.013242095708847046
0.010734513401985168
0.01432358380407095
0.01670665666460991
0.014585651457309723
0.019121771678328514
0.001147943316027522
0.024414893239736557
0.011220735497772694
0.01785283163189888
0.006652733776718378
0.0011769994162023067
0.014316563494503498
0.001634534215554595
0.001047676196321845
0.03170255199074745
0.007230507209897041
0.024590369313955307
0.0232907235622406
0.016378279775381088
0.009935632348060608
0.002411850029602647
0.03503939509391785
0.019149979576468468
0.029075635597109795
0.0017807879485189915
0.012220588512718678
0.04046183079481125
0.0007988325087353587
0.00488372053951025
0.007648068480193615
0.0006370854680426419
0.0034019318409264088
0.010263489559292793
0.009879415854811668
0.009054946713149548
0.01756659708917141
0.005360897164791822
0.012554118409752846
0.009315899573266506
0.0216270349919796
0.016018882393836975
0.010211464948952198
0.0011879156809300184
0.011590358801186085
0.00958852469921112
0.014213945716619492
0.0020322271157056093
0.0005070496699772775
0.017447879537940025
0.012933039106428623
0.012388542294502258
0.002842623507604003
0.0015837857499718666
0.011549614369869232
0.0008028976153582335
0.017872927710413933
0.012156251817941666
0.0007065288373269141
0.0033816806972026825
0.08149354159832001
0.00992356427013874
0.002286730334162712
0.011760026216506958
0.015422542579472065
0.002154277404770255
0.007607705425471067
0.0229382012039423
0.029565343633294106
0.03391033411026001
0.047177962958812714
0.02089775539934635
0.001742409192956984
0.0011493053752928972
0.0005828967550769448
0.022485528141260147
0.0025413513649255037
0.018439728766679764
0.0006708382861688733
0.0046696048229932785
0.005823587067425251
0.0017753668362274766
0.012074305675923824
0.0018349138554185629
0.01654493436217308
0.0019422880141064525
0.02435993403196335
0.07567932456731796
0.0006346963346004486
0.01242263987660408
0.015548388473689556
0.019435647875070572
0.009693467989563942
0.004469350911676884
0.000446201185695827
0.01939958706498146
0.013016464188694954
0.01453695073723793
0.01244303584098816
0.01670706458389759
0.00963479932397604
0.0032891076989471912
0.014380253851413727
0.010570837184786797
0.01566789485514164
0.0008567426120862365
0.012773917987942696
0.023288236930966377
0.017082368955016136
0.0006253965548239648
0.01775239035487175
0.011506608687341213
0.011094117537140846
0.010220751166343689
0.007272172253578901
0.0062463246285915375
0.020249277353286743
0.01720825955271721
0.0007806060602888465
0.005573534872382879
0.022841308265924454
0.022547975182533264
0.007069982588291168
0.015140121802687645
0.01460939459502697
0.05057750269770622
0.01692856103181839
0.01744990237057209
0.001791530754417181
0.017092110589146614
0.000867825816385448
0.014038573950529099
0.009317104704678059
0.01800071820616722
0.016561072319746017
0.01833854429423809
0.0007749418145976961
0.001737972255796194
0.007975795306265354
0.0001498281635576859
0.0010874263243749738
0.0009789691539481282
0.009378189221024513
0.0017407182604074478
0.004007984884083271
0.005840471014380455
0.012230822816491127
0.06369330734014511
0.0005869020242244005
0.018529005348682404
0.019619669765233994
0.02639450877904892
0.012559256516397
0.03392966836690903
0.0006000029388815165
0.0011763847433030605
0.01697660982608795
0.0010037198662757874
0.02006174623966217
0.0005270911497063935
0.0014798709889873862
0.018279582262039185
0.023979559540748596
0.004891563672572374
0.01957325078547001
0.00519901979714632
0.0006322490517050028
0.015413991175591946
0.013811604119837284
0.01691497676074505
0.012696594931185246
0.016470089554786682
0.0011914256028831005
0.0019037212477996945
0.021089864894747734
0.012582186609506607
0.02470177225768566
0.0015635124873369932
0.02175261080265045
0.002590492367744446
0.029928039759397507
0.0021040833089500666
0.010011186823248863
0.01176593080163002
0.012167810462415218
0.002175235189497471
0.022621601819992065
0.017362866550683975
0.014833163470029831
0.027290288358926773
0.0010969237191602588
0.01898452825844288
0.01001970749348402
0.0003687423304654658
0.02099631167948246
0.03414054960012436
0.02477404847741127
0.019949693232774734
0.0010406491346657276
0.007908862084150314
0.0016177349025383592
0.00022748997434973717
0.018469447270035744
0.010466189123690128
0.06839906424283981
0.01860463246703148
0.002249235985800624
0.006687263026833534
0.010858596302568913
0.0005544880405068398
0.02452549897134304
0.0014322560746222734
0.000544107286259532
0.0005353178130462766
0.15165512263774872
0.018379278481006622
0.002015667501837015
0.02420792542397976
0.0016403375193476677
0.021745631471276283
0.002051488496363163
0.0013767681084573269
0.01048487052321434
0.002037990605458617
0.006545374635607004
8.397923375014216e-05
0.002819777699187398
0.0006091590621508658
0.02389439381659031
0.0027760169468820095
0.012078621424734592
0.008654110133647919
0.01102377101778984
0.013442134484648705
0.013719367794692516
0.022180749103426933
0.022077908739447594
0.0025320257991552353
0.022587379440665245
0.010095716454088688
0.007469086907804012
0.007750625256448984
0.010307904332876205
0.021021217107772827
0.026721607893705368
0.01467953808605671
0.0013258729595690966
0.0023148334585130215
0.017267223447561264
0.01956358551979065
0.0005064576398581266
0.015784593299031258
0.002045336412265897
0.011560829356312752
0.015624124556779861
0.0529089979827404
0.015302326530218124
0.011539358645677567
0.019450519233942032
0.011918549425899982
0.015178343281149864
0.0008075439836829901
0.0002644919732119888
0.018369320780038834
0.001787301036529243
0.01258564367890358
0.017542192712426186
0.014387808740139008
0.0009115299908444285
0.0008453476475551724
0.008352713659405708
0.0007373742409981787
0.03469876945018768
0.01224458683282137
0.005328433122485876
0.017113780602812767
0.022597186267375946
0.008955557830631733
0.0003887913771905005
0.0014227463398128748
0.01712043210864067
0.014769010245800018
0.0010867879027500749
0.01202365942299366
0.010507399216294289
0.00029132625786587596
0.00950796902179718
0.0010235952213406563
0.0010447426466271281
0.023423699662089348
0.012607096694409847
0.011660723946988583
0.02625700831413269
0.00025856614229269326
0.011632712557911873
0.014569539576768875
0.003569318214431405
0.04192481189966202
0.013663139194250107
0.06267562508583069
0.0015285862609744072
0.00077867042273283
0.008161239326000214
0.02134721726179123
0.015464028343558311
0.005023302510380745
0.002710833679884672
0.0028381876181811094
0.004745124373584986
0.04798246920108795
0.014584199525415897
0.01857795938849449
0.016338588669896126
0.0054772477596998215
0.0005017218645662069
0.04193411022424698
0.018990634009242058
0.007655854802578688
0.015716947615146637
0.01190146617591381
0.018817782402038574
0.013472557999193668
0.0015691592125222087
0.018338119611144066
0.0014624745817855
0.01158266980201006
0.0052453153766691685
0.017561541870236397
0.029272425919771194
0.039818696677684784
0.003140226937830448
0.014493845403194427
0.0160836149007082
0.011284402571618557
0.002400708617642522
0.0011474688071757555
0.016831697896122932
0.01973866857588291
0.011981388553977013
0.0005496519734151661
0.034455928951501846
0.013512616977095604
0.0012189692351967096
0.003527929075062275
0.017693204805254936
0.015701964497566223
0.028689969331026077
0.0015790043398737907
0.05589568242430687
0.020504914224147797
0.018047558143734932
0.0012909377692267299
0.0012582470662891865
0.0007028676336631179
0.01829979196190834
0.0011827375274151564
0.012751993723213673
0.0001445264497306198
0.015913251787424088
0.0013470470439642668
0.0032847896218299866
0.03722650557756424
0.010165669955313206
0.002747564110904932
0.00980448629707098
0.0036024923902004957
0.0005502061103470623
0.07485350966453552
0.0020305286161601543
0.0021561065223068
0.0030534861143678427
0.01486457884311676
0.0008948268950916827
0.0010696916142478585
0.0278044231235981
0.009577563963830471
0.011200194247066975
0.01744610257446766
0.0008233558037318289
0.0030719733331352472
0.01890001818537712
0.013779199682176113
0.029921531677246094
0.025642987340688705
0.014943636953830719
0.014963604509830475
0.011891501024365425
0.001762754051014781
0.010875064879655838
0.008226953446865082
0.04760197922587395
0.0010575653286650777
0.012729862704873085
0.0008336142636835575
0.0038036713376641273
0.0016608510632067919
0.0012476765550673008
0.0007413594285026193
0.0004559923545457423
0.01678662747144699
0.017062779515981674
0.030773857608437538
0.005544531624764204
0.0011435728520154953
0.016669433563947678
0.005377932917326689
0.0014458454679697752
0.020782601088285446
0.011756171472370625
0.009215734899044037
0.010684187524020672
0.006193187087774277
0.012954276986420155
0.00535625871270895
0.01335890032351017
0.0030161221511662006
0.0011565248714759946
0.011982381343841553
0.0142858000472188
0.014553532004356384
0.0015223289374262094
0.0027809736784547567
0.010551034472882748
0.019022710621356964
0.0009821716230362654
0.013557977974414825
0.014049195684492588
0.03208436071872711
0.019541025161743164
0.012788395397365093
0.02865521050989628
0.01618814468383789
0.0021791975013911724
0.0006725440034642816
0.010938826948404312
0.0044289687648415565
0.01656016707420349
0.014516410417854786
0.012306028977036476
0.01799912564456463
0.004199518822133541
0.08599257469177246
0.003591185435652733
0.0446644090116024
0.007772392127662897
0.009054841473698616
0.022516939789056778
0.0021136903669685125
0.028792843222618103
0.014465752989053726
0.017039833590388298
0.0011707518715411425
0.019404644146561623
0.03598221018910408
0.025195008143782616
0.0016238060779869556
0.004329385701566935
0.00104434578679502
0.002743775025010109
0.0059285471215844154
0.0001721419976092875
0.0007056157337501645
0.026341844350099564
0.012693671509623528
0.014291445724666119
0.02673398330807686
0.013236717320978642
0.02269916422665119
0.0029666803311556578
0.019849557429552078
0.020957479253411293
0.015422837808728218
0.015474354848265648
0.019329503178596497
0.006510819774121046
0.0183291956782341
0.008785462006926537
0.014591231010854244
0.023627810180187225
0.020113585516810417
0.011702767573297024
0.0076173753477633
0.014504078775644302
0.011929378844797611
0.011127423495054245
0.0009022735757753253
0.006331995595246553
0.001377003500238061
0.011472484096884727
0.0015487124910578132
0.0007844651117920876
0.005810619331896305
0.023240063339471817
0.009605719707906246
0.0034038573503494263
0.006772971712052822
0.022774504497647285
0.0019334449898451567
0.013918226584792137
0.0005774200544692576
0.0003299519303254783
0.017938891425728798
0.008464760147035122
0.0040398165583610535
0.014143981970846653
0.014392782934010029
0.00038784381467849016
0.006041407119482756
0.0012167892418801785
0.0009104566415771842
0.006148461252450943
0.01430653128772974
0.045383427292108536
0.0010840997565537691
0.005187048576772213
0.013591662980616093
0.0015044600004330277
0.016156615689396858
0.021779995411634445
0.017075011506676674
0.03587958589196205
0.013026907108724117
0.0007389079546555877
0.016322720795869827
0.036965638399124146
0.04650242254137993
0.014686038717627525
0.01144480612128973
0.000809792778454721
0.017749857157468796
0.00964468251913786
0.01802891120314598
0.022047795355319977
0.034061580896377563
0.0009222279186360538
0.0165964737534523
0.000532392121385783
0.022808199748396873
0.008654811419546604
0.019917886704206467
0.03076876513659954
0.0004777750582434237
0.013567747548222542
0.010072282515466213
0.013856273144483566
0.005168157629668713
0.0024706656113266945
0.0008081547566689551
0.001947724842466414
0.0008595893159508705
0.028200441971421242
0.017922352999448776
0.015411041676998138
0.0208797138184309
0.008308802731335163
0.015122693963348866
0.001757252961397171
0.005148709286004305
0.03448406979441643
0.024091525003314018
0.0008808467537164688
0.031413935124874115
0.01699776016175747
0.009953724220395088
0.012239986099302769
0.0005800074432045221
0.00142212538048625
0.010881549678742886
0.011867361143231392
0.0010335834231227636
0.0026898684445768595
0.0017109912587329745
0.030339961871504784
0.0010891216807067394
0.0002587427734397352
0.0009081637836061418
0.004016514867544174
0.010308004915714264
0.008348546922206879
0.0020939514506608248
0.11680981516838074
0.0028486524242907763
0.001652784296311438
0.011323196813464165
0.020476767793297768
0.029482336714863777
0.01674249954521656
0.0016461643390357494
0.01192016527056694
0.01029505580663681
0.010076110251247883
0.007984613068401814
0.01805010437965393
0.0013528005219995975
0.011873042210936546
0.004562465939670801
0.000903695123270154
0.02956341952085495
0.01805901899933815
0.008026123046875
0.013197074644267559
0.014027786441147327
0.0008430728339590132
0.0013643435668200254
0.0016583550022915006
0.002966802567243576
0.02650010585784912
0.022181399166584015
0.01772167719900608
0.0015184379881247878
0.0112740034237504
0.012195894494652748
0.005071490071713924
0.012132499366998672
0.02724258415400982
0.015555325895547867
0.0010530160507187247
0.0002901158877648413
0.012812649831175804
0.00451870309188962
0.01822591945528984
0.00964235607534647
0.01040259562432766
0.04382897913455963
0.015910139307379723
0.0005107104079797864
0.018631989136338234
0.017412738874554634
0.020915253087878227
0.01172615960240364
0.010977114550769329
0.01691272482275963
0.011501763015985489
0.013413965702056885
0.020889006555080414
0.036115169525146484
0.004828328266739845
0.0035111629404127598
0.02165834978222847
0.0005531836650334299
0.00857486855238676
0.0007550913142040372
0.019866162911057472
0.04994174465537071
0.08775605261325836
0.004544602241367102
0.010042116977274418
0.0002704705111682415
0.011128289625048637
0.012842848896980286
0.018899790942668915
0.005065086763352156
0.000988150597549975
0.00043346936581656337
0.002854956779628992
0.01788073591887951
0.019411778077483177
0.01112852431833744
0.000624102249275893
0.004926899913698435
0.02210753597319126
0.019508156925439835
0.028544900938868523
0.014505867846310139
0.0026961935218423605
0.011915314011275768
0.028139762580394745
0.0004187651793472469
0.006561928428709507
0.004095730371773243
0.025089535862207413
0.018947292119264603
0.0012282764073461294
0.0022104058880358934
0.00044776254799216986
0.0089060477912426
0.02356712520122528
0.017395783215761185
0.011747853830456734
0.013905403204262257
0.0016990270232781768
0.03607314079999924
0.0035003831144422293
0.001763300970196724
0.011276636272668839
0.013998446986079216
0.03194880858063698
0.028148654848337173
0.0009273972827941179
0.007751837372779846
0.020579557865858078
0.01730438508093357
0.032641611993312836
0.010960971005260944
0.0003002164885401726
0.013308526948094368
0.02192567102611065
0.01614963263273239
0.01402494590729475
0.002339224796742201
0.028769124299287796
0.011699635535478592
0.015312692150473595
0.01800665259361267
0.014376483857631683
0.0028023861814290285
0.001044270466081798
0.014847524464130402
0.012552738189697266
0.034667644649744034
0.021712452173233032
0.003168713301420212
0.012401998043060303
0.01639803871512413
0.006349237635731697
0.017986705526709557
0.022269949316978455
0.005387092940509319
0.027238111943006516
0.013031302019953728
0.04745515063405037
0.02359650656580925
0.022737599909305573
0.011370179243385792
0.05296489968895912
0.0022157623898237944
0.0036102018784731627
0.008258371613919735
0.011822802945971489
0.002200705697759986
0.00018311158055439591
0.0012641368666663766
0.0007274153758771718
0.019075412303209305
0.0007251363713294268
0.0005716230371035635
0.0679892748594284
0.01812708005309105
0.020197855308651924
0.00989486277103424
0.004966374021023512
0.0015757278306409717
0.01874413900077343
0.0037304991856217384
0.009659144096076488
0.013543401844799519
0.038572363555431366
0.010985394939780235
0.0006259015062823892
0.009227834641933441
0.0018612071871757507
0.026084573939442635
0.006117369048297405
0.00135867262724787
0.0031200910452753305
0.015632161870598793
0.03325808793306351
0.003930093254894018
0.019342750310897827
0.02566608600318432
0.013232970610260963
0.0017125443555414677
0.0002852353500202298
0.006836447864770889
0.0008897166699171066
0.008758078329265118
0.00019317385158501565
0.012857521884143353
0.023857416585087776
0.009452113881707191
0.024077361449599266
0.018659574910998344
0.00451388256624341
0.04673166573047638
0.029116449877619743
0.006903018802404404
0.027145126834511757
0.0204174667596817
0.013600407168269157
0.009581473655998707
0.011512251570820808
0.0011154813691973686
0.017758768051862717
0.012651321478188038
0.012239502742886543
0.024547917768359184
0.012391112744808197
0.016468387097120285
0.0020850629080086946
0.003280490869656205
0.019736671820282936
0.027717527002096176
0.0025169739965349436
0.00853235274553299
0.013557348400354385
0.001375062158331275
0.07643364369869232
0.0026234211400151253
0.013617061078548431
0.007206481881439686
0.02197832055389881
0.012598155066370964
0.017415443435311317
0.010634126141667366
0.0003874397953040898
0.0024094837717711926
0.007599942851811647
0.011242672801017761
0.008474128320813179
0.00043016974814236164
0.018529733642935753
0.013951251283288002
0.0010791744571179152
0.007265590131282806
0.040266912430524826
0.012145399115979671
0.011700836941599846
0.04371688887476921
0.004900938365608454
0.022202588617801666
0.05130181089043617
0.0004995078779757023
0.013138048350811005
0.04667874425649643
0.007155735976994038
0.0131112951785326
0.018237320706248283
0.003901038784533739
0.011311499401926994
0.01666192151606083
0.013890358619391918
0.04851064458489418
0.0004907377879135311
0.02816927433013916
0.022248759865760803
0.022461527958512306
0.014955470338463783
0.001468759379349649
0.036706216633319855
0.013048403896391392
0.0028586622793227434
0.015609582886099815
0.018267592415213585
0.011492221616208553
0.014331134967505932
0.0015629922272637486
0.04151788726449013
0.022475911304354668
0.014453734271228313
0.0009537958540022373
0.04267412796616554
0.013296818360686302
0.026490196585655212
0.0010767007479444146
0.000574242789298296
0.010468466207385063
0.000735658104531467
0.007647206075489521
0.014968374744057655
0.01789751835167408
0.0008532416541129351
0.014276033267378807
0.0029982065316289663
0.015727583318948746
0.010304437018930912
0.020649153739213943
0.0038975575007498264
0.01994371972978115
0.0071930489502847195
0.017042523249983788
0.003943206276744604
0.014191241934895515
0.009019571356475353
0.0036311917938292027
0.012988765724003315
0.01598622277379036
0.007594246417284012
0.018201889470219612
0.0003421849978622049
0.0007007167441770434
0.001064490294083953
0.05483390763401985
0.012686016969382763
0.0031951938290148973
0.00046976321027614176
0.0010336829582229257
0.014516585506498814
0.001562274293974042
0.01836022548377514
0.01944158412516117
0.011766735464334488
0.001656229724176228
0.024154186248779297
0.0010261281859129667
0.0009599010227248073
0.0030382107943296432
0.032820507884025574
0.0012213713489472866
0.0023319488391280174
0.016559572890400887
0.0006100153550505638
0.02189861610531807
0.003601477947086096
0.0014917324297130108
0.022422421723604202
0.018693620339035988
0.011523482389748096
0.019135331735014915
0.009243323467671871
0.005069751758128405
0.021098461002111435
0.013059950433671474
0.0012453102972358465
0.020155169069767
0.017565680667757988
0.0006655259639956057
0.012386715039610863
0.015129068866372108
0.0013745668111369014
0.012023495510220528
0.015719778835773468
0.0009147575474344194
0.012914874590933323
0.012887859717011452
0.011899882927536964
0.010096241720020771
0.0008816878544166684
0.0024093615356832743
0.023676782846450806
0.0003340217808727175
0.0008787498809397221
0.0035436765756458044
0.013236308470368385
0.013294124975800514
0.022905707359313965
0.032025255262851715
0.001031130668707192
0.02611241117119789
0.013067284598946571
0.0026084354612976313
0.0026356051675975323
0.027497129514813423
0.009842275641858578
0.007299685385078192
0.002406970364972949
0.021569423377513885
0.029885850846767426
0.01828095316886902
0.001293616951443255
0.011578603647649288
0.014693756587803364
0.009082148782908916
0.017446573823690414
0.009364703670144081
0.0012649665586650372
0.00035850395215675235
0.012709075585007668
0.016415521502494812
0.0012064408510923386
0.010693572461605072
0.017414245754480362
0.014396917074918747
0.05927613377571106
0.03787016123533249
0.032192520797252655
0.01571614108979702
0.001070321537554264
0.018367880955338478
0.011359474621713161
0.0016035131411626935
0.019747095182538033
0.0018109908560290933
0.0171092227101326
0.0008475401555188
0.014872001484036446
0.026838142424821854
0.02786826342344284
0.016337372362613678
0.0020016352646052837
0.013565882109105587
0.12196889519691467
0.020217807963490486
0.0020817068871110678
0.01653934456408024
0.00045674151624552906
0.03564022481441498
0.011626529507339
0.011286914348602295
0.0007414488936774433
0.0040306937880814075
0.006898177787661552
0.003948678728193045
0.018163789063692093
0.000970591208897531
0.002597418613731861
0.02115100994706154
0.01456855982542038
0.01981082186102867
0.0013598069781437516
0.008569233119487762
0.0007413748535327613
0.021458618342876434
0.046247124671936035
0.005601805634796619
0.008427766151726246
0.015754954889416695
0.0022422284819185734
0.011697650887072086
0.03756037354469299
0.018897738307714462
0.010136134922504425
0.01290795300155878
0.0390770249068737
0.00039206360816024244
0.002145713660866022
0.0010611382313072681
0.025110848248004913
0.0032866429537534714
0.02058986946940422
0.013850037008523941
0.015469145029783249
0.0006322411936707795
0.019524505361914635
0.005023336037993431
0.016938520595431328
0.028323043137788773
0.0003731383476406336
0.038629867136478424
0.008699093014001846
0.0006391906645148993
0.0014421266969293356
0.024185597896575928
0.0011632780078798532
0.01418418437242508
0.0014833707828074694
0.0014220171142369509
0.01977778784930706
0.002706561703234911
0.0005675454740412533
0.009946457110345364
0.0021742957178503275
0.013517633080482483
0.031018869951367378
0.01940656453371048
0.030203761532902718
0.00485077453777194
0.005384013522416353
0.008751504123210907
0.009691055864095688
0.014627964235842228
0.002415152732282877
0.015888284891843796
0.018510188907384872
0.0007362907053902745
0.020455658435821533
0.0011222891043871641
0.022274764254689217
0.00017537626263219863
0.025977227836847305
0.029394635930657387
0.0006956461002118886
0.0038351784460246563
0.02079435996711254
0.008052102290093899
0.0005056123482063413
0.021717652678489685
0.019725186750292778
0.0016125112306326628
0.027015428990125656
0.0010464629158377647
0.01743784174323082
0.026370998471975327
0.0009326061117462814
0.020535262301564217
0.014580216258764267
0.018430646508932114
0.013148271478712559
0.015807149931788445
0.000694753834977746
0.013049306347966194
0.014314438216388226
0.011150993406772614
0.0047293356619775295
0.007506000809371471
0.0032829209230840206
0.0025838585570454597
0.009843621402978897
0.0007800190942361951
0.016172708943486214
0.016986416652798653
0.013647161424160004
0.016690397635102272
0.011150511913001537
0.015074961818754673
0.0005492600612342358
0.01665683463215828
0.014016303233802319
0.0011994204251095653
0.0010369207011535764
0.010198984295129776
0.022115342319011688
0.02225162833929062
0.012558260932564735
0.03310941904783249
0.02071451209485531
0.03765108063817024
0.016271457076072693
0.012762395665049553
0.01570962183177471
0.015235742554068565
0.0004331765812821686
0.02558671496808529
0.0022129074204713106
0.008775163441896439
0.0006761896656826138
0.02196520008146763
0.014561028219759464
0.02548261731863022
0.07732881605625153
0.012193954549729824
0.012461656704545021
0.027316708117723465
0.026044286787509918
0.003046524478122592
0.017657890915870667
0.0007218418177217245
0.007389985490590334
0.001010257750749588
0.012926863506436348
0.0025047040544450283
0.012531653977930546
0.012698777951300144
0.004380505997687578
0.022918839007616043
0.01723950169980526
0.0007829308160580695
0.0013161272509023547
0.009875811636447906
0.020333215594291687
0.008419409394264221
0.03963903337717056
0.009056145325303078
0.0003291091707069427
0.004260024055838585
0.000394938891986385
0.0006476643029600382
0.001024462515488267
0.022538287565112114
0.0018171874107792974
0.001293378765694797
0.019467905163764954
0.0005745990783907473
0.02340167760848999
0.03561384230852127
0.01980876922607422
0.004112386144697666
0.0006687231943942606
0.0012046617921441793
0.006949842907488346
0.000740881368983537
0.007171424105763435
0.01255111675709486
0.0007475856109522283
0.21099327504634857
0.0031648343428969383
0.013383103534579277
0.0143327247351408
0.018711775541305542
0.018347978591918945
0.000585547590162605
0.0017489030724391341
0.015844568610191345
0.021195489913225174
0.0067621381022036076
0.005416581407189369
0.02120758779346943
0.013265113346278667
0.03465592861175537
0.00098189408890903
0.000605629466008395
0.01196153461933136
0.015524834394454956
0.012286272831261158
0.0009600549237802625
0.0012100209714844823
0.03634926676750183
0.019082872197031975
0.02810973860323429
0.012215549126267433
0.023873236030340195
0.0013198740780353546
0.01654183678328991
0.011659911833703518
0.029963118955492973
0.014253387227654457
0.0012048841454088688
0.009808605536818504
0.0019453412387520075
0.029609253630042076
0.011835422366857529
0.001730357762426138
0.018474478274583817
0.03346448764204979
0.012424197979271412
0.002110724337399006
0.0007267011096701026
0.014420864172279835
0.027854373678565025
0.010243912227451801
0.026429306715726852
0.060386817902326584
0.0006542190094478428
0.016962263733148575
0.009713539853692055
0.013875207863748074
0.0007530910661444068
0.04250364750623703
0.006733746733516455
0.01213537622243166
0.0014951301272958517
0.0020896410569548607
0.01654222421348095
0.014431588351726532
0.01276398915797472
0.0012144932989031076
0.0015960263554006815
0.0015653574373573065
0.002047282410785556
0.0029172110371291637
0.01717708632349968
0.016225522384047508
0.011435111984610558
0.0006663344101980329
0.02376665361225605
0.028319207951426506
0.0014008244033902884
0.016125459223985672
0.02515404298901558
0.00278758374042809
0.0161244235932827
0.0009753264021128416
0.01539596077054739
0.007890789769589901
0.01093064434826374
0.00018224213272333145
0.057127729058265686
0.003279796103015542
0.014519764110445976
0.02531394548714161
0.014156939461827278
0.002307021990418434
0.02733977511525154
0.018237795680761337
0.0005265809595584869
0.0033304516691714525
0.014523888006806374
0.0014840804506093264
0.009294913150370121
0.002115911804139614
0.008504148572683334
0.0009253573371097445
0.015438089147210121
0.013192988932132721
0.01808231882750988
0.009306862019002438
0.000716700276825577
0.010105090215802193
0.0009229764109477401
0.011938616633415222
0.01034532580524683
0.007523173000663519
0.015601783990859985
0.0189826563000679
0.02453107386827469
0.011371740140020847
0.011291752569377422
0.014554671943187714
0.00017589807976037264
0.023950817063450813
0.015254175290465355
0.0069978865794837475
0.0009022069280035794
0.015627719461917877
0.005365273915231228
0.010810261592268944
0.00367262726649642
0.041774407029151917
0.00021301969536580145
0.0005015730857849121
0.02258354239165783
0.008290166035294533
0.018080957233905792
0.011140306480228901
0.00092296366347
0.020471660420298576
0.012130175717175007
0.0018694725586101413
0.015355811454355717
