0.004264842718839645
0.003681435249745846
0.01127820834517479
0.013925576582551003
0.019018225371837616
0.013071289286017418
0.007471230812370777
0.02600701153278351
0.04184341058135033
0.016303429380059242
0.006181599572300911
0.016520755365490913
0.008617239072918892
0.016591433435678482
0.006476088427007198
0.12128318846225739
0.02447490580379963
0.032749854028224945
0.06494550406932831
0.014801818877458572
0.014446808956563473
0.006956269033253193
0.004564246628433466
0.017654459923505783
0.014554141089320183
0.0008312646532431245
0.01726481132209301
0.012080157175660133
0.016965029761195183
0.00526482705026865
0.08577406406402588
0.04543905705213547
0.026487890630960464
0.0005999092827551067
0.005069739185273647
0.01031445898115635
0.0074665662832558155
0.024000369012355804
0.008691578172147274
0.01385871134698391
0.01579238474369049
0.013224804773926735
0.004952015820890665
0.010946945287287235
0.007972188293933868
0.004482452291995287
0.011313178576529026
0.016879484057426453
0.0006120543112047017
0.015507817268371582
0.005224894732236862
0.016038186848163605
0.02514244243502617
0.01350543275475502
0.0006600681226700544
0.013563808053731918
0.005576746538281441
0.012729496695101261
0.029756736010313034
0.01462052296847105
0.003526940243318677
0.011761698871850967
0.008136114105582237
0.027157727628946304
0.009021304547786713
0.009463109076023102
0.01631416380405426
0.009593159891664982
0.007727722637355328
0.03738661855459213
0.007769866846501827
0.09720703959465027
0.014095800928771496
0.026335490867495537
0.003786833258345723
0.054705388844013214
0.015527796000242233
0.012993072159588337
0.004714069422334433
0.000633037299849093
0.07207674533128738
0.003714341204613447
0.007172361947596073
0.01740337163209915
0.01096518523991108
0.008600207976996899
0.007425622083246708
0.08573056012392044
0.019513331353664398
0.01791900023818016
0.03146325796842575
0.007285013794898987
0.01912795379757881
0.00977642834186554
0.03286617994308472
0.003601687029004097
0.0028891225811094046
0.011347480118274689
0.009069744497537613
0.023500584065914154
0.016166510060429573
0.0032663685269653797
0.01726449653506279
0.005635621026158333
0.010372661054134369
0.010999547317624092
0.002089615911245346
0.0007160434033721685
0.029183581471443176
0.0016105908434838057
0.016514146700501442
0.023125244304537773
0.01391278300434351
0.011099699884653091
0.011398183181881905
0.013277748599648476
0.014935141429305077
0.013340828940272331
0.010126913897693157
0.053708575665950775
0.038425564765930176
0.0007101441151462495
0.005677808076143265
0.012305431067943573
0.014147048816084862
0.004310582764446735
0.027357520535588264
0.01936180144548416
0.019502760842442513
0.015630558133125305
0.008054032921791077
0.005975543521344662
0.01060214638710022
0.014051329344511032
0.006516529247164726
0.03483137860894203
0.008998215198516846
0.016087189316749573
0.005544973537325859
0.010486854240298271
0.024495670571923256
0.015275595709681511
0.013700996525585651
0.011526434682309628
0.01576465182006359
0.019029004499316216
0.011634517461061478
0.00032348238164559007
0.013192025944590569
0.0033088314812630415
0.0007390740211121738
0.030249670147895813
0.02896757796406746
0.008912832476198673
0.02645021677017212
0.01627831533551216
0.005115089938044548
0.01856626197695732
0.03174958750605583
0.012303008697926998
0.005332353059202433
0.007846207357943058
0.025286179035902023
0.016209803521633148
0.022481247782707214
0.017213575541973114
0.02177775651216507
0.022186584770679474
0.016355277970433235
0.02971310168504715
0.027771390974521637
0.010472655296325684
0.013946186751127243
0.008478520438075066
0.008998146280646324
0.028948642313480377
0.011982182040810585
0.00653851917013526
0.014138869941234589
0.014860546216368675
0.013155663385987282
0.015242742374539375
0.01171901449561119
0.03094515949487686
0.02264765277504921
0.012436065822839737
0.015410332009196281
0.01355629414319992
0.0093669593334198
0.007030281238257885
0.016858410090208054
0.011246925219893456
0.010495469905436039
0.028230395168066025
0.04964623227715492
0.005005773156881332
0.010630550794303417
0.0372237004339695
0.013756969943642616
0.014868217520415783
0.023893823847174644
0.009883677586913109
0.02997865527868271
0.0217389278113842
0.010287348181009293
0.004933848977088928
0.0004413216665852815
0.014286564663052559
0.03138677403330803
0.007328708190470934
0.01451923418790102
0.030144166201353073
0.029646549373865128
0.016468752175569534
0.11739905923604965
0.01306628342717886
0.0009566478547640145
0.021798813715577126
0.06173325330018997
0.013081141747534275
0.037581585347652435
0.03245117515325546
0.010155623778700829
0.011213736608624458
0.00752255879342556
0.028541509062051773
0.013280412182211876
0.01163012720644474
0.09832094609737396
0.015535695478320122
0.007846999913454056
0.028756560757756233
0.01858883537352085
0.017626164481043816
0.03225170448422432
0.01036812923848629
0.022139206528663635
0.012655535712838173
0.01147092878818512
0.014316539280116558
0.016973327845335007
0.0005996653344482183
0.02529648132622242
0.010647902265191078
0.01069854386150837
0.014643190428614616
0.012749447487294674
0.0088637825101614
0.007732195779681206
0.009165165945887566
0.003424169961363077
0.0146779241040349
0.006972570903599262
0.0388183668255806
0.015630753710865974
0.009987679310142994
0.013409399427473545
0.02430281788110733
0.024563733488321304
0.015454387292265892
0.002145712496712804
0.001239666948094964
0.002414815593510866
0.00039451027987524867
0.02372993901371956
0.012922747060656548
0.03119616210460663
0.001071799430064857
0.023040449246764183
0.008630521595478058
0.020021695643663406
0.02187206596136093
0.011283577419817448
0.012772077694535255
0.01839206926524639
0.00467001972720027
0.003608203958719969
0.014812874607741833
0.008037147112190723
0.01531243696808815
0.020884482190012932
0.016595231369137764
0.053193554282188416
0.018330872058868408
0.006292995065450668
0.008155247196555138
0.007400326430797577
0.033657900989055634
0.02715219557285309
0.010484833270311356
0.007007479202002287
0.009678647853434086
0.021282609552145004
0.01839129999279976
0.01585271768271923
0.019479572772979736
0.011726110242307186
0.03266849368810654
0.000809576828032732
0.02501675859093666
0.007759002968668938
0.018788296729326248
0.008180880919098854
0.000627555011305958
0.009109783917665482
0.0032060041557997465
0.017815575003623962
0.01928544230759144
0.018161004409193993
0.021398091688752174
0.0256694033741951
0.03256659209728241
0.021356577053666115
0.016341309994459152
0.014891428872942924
0.01571694016456604
0.01495069544762373
0.016933169215917587
0.000677557080052793
0.01822882890701294
0.02252989262342453
0.06285416334867477
0.006486126687377691
0.01914212852716446
0.002954017836600542
0.025573208928108215
0.011894476599991322
0.01486502680927515
0.03317058086395264
0.017742082476615906
0.004617132246494293
0.007515661884099245
0.025347566232085228
0.006155027076601982
0.029269305989146233
0.037024520337581635
0.012193352915346622
0.02539682574570179
0.026089169085025787
0.03211493045091629
0.0008387527195736766
0.039680395275354385
0.0020905628334730864
0.029339801520109177
0.0071845268830657005
0.015088444575667381
0.008591476827859879
0.018104111775755882
0.014379303902387619
0.007249397225677967
0.036388661712408066
0.009948357939720154
0.010807309299707413
0.012435907498002052
0.01655338704586029
0.02576478384435177
0.00995522178709507
0.016349101439118385
0.02523100934922695
0.003243112238124013
0.007161007262766361
0.0073380800895392895
0.00791552010923624
0.06799069792032242
0.04707017168402672
0.0198687631636858
0.0007370380335487425
0.11491603404283524
0.009386499412357807
0.011148025281727314
0.007941348478198051
0.0004210704646538943
0.04415641352534294
0.010999028570950031
0.004809780046343803
0.003675498766824603
0.01448827050626278
0.014511149376630783
0.007023699581623077
0.005948686972260475
0.016104383394122124
0.005590522661805153
0.012485919520258904
0.01599300466477871
0.009175299666821957
0.0059775859117507935
0.0003361051785759628
0.06889096647500992
0.0047721886076033115
0.005538108758628368
0.01133385207504034
0.0018466516630724072
0.035994041711091995
0.024308783933520317
0.0003000379365403205
0.01566791906952858
0.0003692559839691967
0.015281198546290398
0.018900401890277863
0.01250662561506033
0.011948946863412857
0.023229286074638367
0.015365567058324814
0.028030287474393845
0.010723096318542957
0.008457491174340248
0.004922414664179087
0.011169122532010078
0.010907510295510292
0.008475062437355518
0.025872379541397095
0.011764471419155598
0.005750260315835476
0.006661254912614822
0.017868876457214355
0.0029656430706381798
0.0072201951406896114
0.016489027068018913
0.0006738015217706561
0.017596662044525146
0.0048891035839915276
0.007539891637861729
0.008985428139567375
0.011531032621860504
0.014852347783744335
0.007348423823714256
0.012936517596244812
0.02521326206624508
0.006692602299153805
0.02961442992091179
0.01677905023097992
0.025669392198324203
0.01639464683830738
0.01743624359369278
0.019725274294614792
0.013009877875447273
0.0018361699767410755
0.004882344044744968
0.01744348555803299
0.00232799188233912
0.003974059130996466
0.007631933316588402
0.008262943476438522
0.010360714979469776
0.03848816826939583
0.00528221158310771
0.016473030671477318
0.03297008201479912
0.011035071685910225
0.006959158461540937
0.0006140372133813798
0.0005859081284143031
0.0037463908083736897
0.017059732228517532
0.01199977658689022
0.012009968981146812
0.02151400037109852
0.02296285890042782
0.006368577480316162
0.007468005176633596
0.04144654422998428
0.01616610772907734
0.010242112912237644
0.0005473128985613585
0.006163202691823244
0.011448340490460396
0.028534941375255585
0.01075822301208973
0.009382672607898712
0.01044051069766283
0.010285798460245132
0.03457728773355484
0.014563034288585186
0.039212316274642944
0.0047649904154241085
0.014376531355082989
0.01638726145029068
0.013304962776601315
0.012683920562267303
0.03201355040073395
0.008199190720915794
0.0008161881705746055
0.031441912055015564
0.02493785321712494
0.015415545552968979
0.008802098222076893
0.008047792129218578
0.014602785930037498
0.017190072685480118
0.016744093969464302
0.010799726471304893
0.019754357635974884
0.01291575375944376
0.026844050735235214
0.0003478492144495249
0.04015461355447769
0.013440445065498352
0.012591701932251453
0.012741077691316605
0.00929246935993433
0.07305089384317398
0.01922905631363392
0.00043478113366290927
0.02979426644742489
0.01262839324772358
0.015551848337054253
0.010054515674710274
0.010416941717267036
0.024612408131361008
0.029571395367383957
0.027434373274445534
0.0005551637150347233
0.019789718091487885
0.01825881563127041
0.015077373012900352
0.0009512102697044611
0.012341875582933426
0.020655157044529915
0.016165638342499733
0.011672168970108032
0.029751135036349297
0.005531156901270151
0.015083692967891693
0.019376933574676514
0.02006487548351288
0.012291914783418179
0.02933322638273239
0.01929073967039585
0.021554578095674515
0.022202450782060623
0.000790366088040173
0.05463416129350662
0.012365367263555527
0.0046050106175243855
0.029960710555315018
0.004879575222730637
0.00820118747651577
0.001709510339424014
0.009778311476111412
0.016522079706192017
0.0005820435471832752
0.008930749259889126
0.028866808861494064
0.002980422228574753
0.007902759127318859
0.016931815072894096
0.0008538184920325875
0.03287162259221077
0.007971104234457016
0.00038129702443256974
0.01900593563914299
0.0061466204933822155
0.008211280219256878
0.0042273723520338535
0.008692104369401932
0.013895087875425816
0.05252191424369812
0.025631126016378403
0.07405014336109161
0.013156723231077194
0.020174022763967514
0.029914364218711853
0.0008594290702603757
0.02342863753437996
0.029479527845978737
0.009133454412221909
0.01976572349667549
0.03536922484636307
0.020691223442554474
0.005882467143237591
0.0048896693624556065
0.012320508249104023
0.007642075885087252
0.004740742966532707
0.011125151999294758
0.006794821936637163
0.02026037499308586
0.016676057130098343
0.017322100698947906
0.008381611667573452
0.027146872133016586
0.025271156802773476
0.006458326242864132
0.020109383389353752
0.011372178792953491
0.012737669982016087
0.010531154461205006
0.015765395015478134
0.026715029031038284
0.012447306886315346
0.004789773840457201
0.04692430421710014
0.009993133135139942
0.007354972884058952
0.014581343159079552
0.008865938521921635
0.01650986634194851
0.011158633977174759
0.009611784480512142
0.011823736131191254
0.004622691310942173
0.001062507857568562
0.016107527539134026
0.005922525655478239
0.00535636767745018
0.02038700506091118
0.011225096881389618
0.0008858044748194516
0.0211650263518095
0.020872289314866066
0.04817578196525574
0.007565624546259642
0.0016581707168370485
0.00733901746571064
0.008690854534506798
0.0003778795071411878
0.01015111431479454
0.007036890834569931
0.012886934913694859
0.02116977982223034
0.024995362386107445
0.011783858761191368
0.0025172028690576553
0.009074559435248375
0.03590800613164902
0.013264743611216545
0.02579282596707344
0.009518972598016262
0.0006724841659888625
0.0008461634861305356
0.0107305608689785
0.018878962844610214
0.039478152990341187
0.004789762664586306
0.005374712869524956
0.004288479685783386
0.011165814474225044
0.018421083688735962
0.011790401302278042
0.022096656262874603
0.006394929252564907
0.0075754388235509396
0.018209662288427353
0.024783847853541374
0.013066018000245094
0.01372492965310812
0.016408460214734077
0.0019022601190954447
0.08358198404312134
0.007246838416904211
0.01881459355354309
0.012044409289956093
0.01055950578302145
0.0035688220523297787
0.008436182513833046
0.0032775169238448143
0.017796754837036133
0.010096880607306957
0.03848905488848686
0.02163884788751602
0.016300596296787262
0.006514743436127901
0.02573530375957489
0.00859851948916912
0.044776707887649536
0.003633070969954133
0.009786529466509819
0.02765733189880848
0.003966227173805237
0.019850298762321472
0.02392543852329254
0.009832303039729595
0.009009885601699352
0.010575298219919205
0.019303247332572937
0.010009434074163437
0.009250340051949024
0.00892733596265316
0.04815016686916351
0.0014720172621309757
0.009081997908651829
0.00048030336620286107
0.020392876118421555
0.0014026160351932049
0.012555252760648727
0.004564377479255199
0.01300352904945612
0.022358790040016174
0.045223336666822433
0.005034524016082287
0.01361666526645422
0.010756668634712696
0.025518406182527542
0.013116725720465183
0.01775008998811245
0.014577899128198624
0.006434031296521425
0.013715874403715134
0.024847496300935745
0.010078043676912785
0.0367865115404129
0.008117996156215668
0.011369658634066582
0.014223619364202023
0.02151891589164734
0.003883162746205926
0.007117504253983498
0.012830195017158985
0.022687485441565514
0.01802562177181244
0.018587494269013405
0.005628624930977821
0.027550701051950455
0.01050135213881731
0.007525705732405186
0.00219243043102324
0.024467632174491882
0.02906731329858303
0.02763320878148079
0.0008200941374525428
0.004819996189326048
0.012676747515797615
0.013201885856688023
0.010674713179469109
0.0065752496011555195
0.007394992746412754
0.006390606053173542
0.020154960453510284
0.015032920986413956
0.02391807734966278
0.024329695850610733
0.0005589192733168602
0.012976691126823425
0.010287842713296413
0.012452023103833199
0.009398595429956913
0.005699211731553078
0.12409158051013947
0.018921758979558945
0.009643185883760452
0.010586472228169441
0.01896229386329651
0.013035912066698074
0.009468069300055504
0.014989320188760757
0.03453964740037918
0.017589589580893517
0.0534343421459198
0.011984632350504398
0.0485459640622139
0.013367556035518646
0.010692025534808636
0.011385202407836914
0.011035410687327385
0.013666704297065735
0.019667744636535645
0.0201221015304327
0.00831347145140171
0.026262950152158737
0.0006915903650224209
0.02435130998492241
0.0006133874994702637
0.01729089953005314
0.0040003894828259945
0.018202047795057297
0.01278844103217125
0.010421400889754295
0.011924215592443943
0.016680920496582985
0.005794309079647064
0.0073155127465724945
0.03061833791434765
0.014001341536641121
0.004679708741605282
0.009487276896834373
0.008547953329980373
0.03136814385652542
0.01734309457242489
0.02110883966088295
0.03237137198448181
0.01909399963915348
0.012693619355559349
0.008802834898233414
0.019258538261055946
0.013099879957735538
0.02463432401418686
0.0033743837848305702
0.018031388521194458
0.007542182691395283
0.008556393906474113
0.059470973908901215
0.019398251548409462
0.026332847774028778
0.013195274397730827
0.0281906146556139
0.038235343992710114
0.04021355137228966
0.007470224983990192
0.010155737400054932
0.010655366815626621
0.04787421226501465
0.016709674149751663
0.018222549930214882
0.0199580118060112
1.0859074592590332
0.011469320394098759
0.04297811910510063
0.05124308913946152
0.05401025712490082
0.00860537588596344
0.01121518760919571
0.014450067654252052
0.02020290493965149
0.010384080931544304
0.0076722013764083385
0.017515016719698906
0.005824809893965721
0.017423588782548904
0.012599118053913116
0.012018066830933094
0.0007892703870311379
0.015912307426333427
0.01010117493569851
0.012095743790268898
0.01482292078435421
0.02027803473174572
0.011487917974591255
0.013132547959685326
0.00972593855112791
0.013443659991025925
0.0026876693591475487
0.015569522976875305
0.013105270452797413
0.004864340648055077
0.014964674599468708
0.01642529107630253
0.012998860329389572
0.010629478842020035
0.02591310627758503
0.002730090171098709
0.00018294934125151485
0.015109183266758919
0.008720495738089085
0.0196707583963871
0.009777518920600414
0.008457787334918976
0.05224446579813957
0.00643150182440877
0.013713805936276913
0.005515276454389095
0.023298196494579315
0.024045540019869804
0.031877461820840836
0.021289223805069923
0.0070989918895065784
0.044909585267305374
0.008227239362895489
0.0020192591473460197
0.013946065679192543
0.022182736545801163
0.027521822601556778
0.004468446597456932
0.006523612886667252
0.0005668324301950634
0.029510565102100372
0.030212292447686195
0.020057136192917824
0.009475363418459892
0.006020229309797287
0.007952911779284477
0.005611327476799488
0.013619551435112953
0.03415728732943535
0.006203127559274435
0.020083656534552574
0.007911775261163712
0.016371913254261017
0.03395463898777962
0.0010152310132980347
0.04897541180253029
0.01430525816977024
0.02295597270131111
0.008930092677474022
0.018728990107774734
0.004682154394686222
0.04790101200342178
0.006552798207849264
0.010254573076963425
0.01811167411506176
0.02357819490134716
0.021855773404240608
0.01873762346804142
0.006031449884176254
0.028996482491493225
0.007294603157788515
0.019919700920581818
0.009321730583906174
0.02040538564324379
0.02866189368069172
0.00558552797883749
0.002746488433331251
0.0168081596493721
0.014333192259073257
0.020162450149655342
0.0020772740244865417
0.004481059964746237
0.009316121228039265
0.0032515593338757753
0.046482205390930176
0.007455567829310894
0.0025517402682453394
0.05000604689121246
0.0035051002632826567
0.02134110778570175
0.0074444361962378025
0.015514718368649483
0.022494440898299217
0.03319823741912842
0.11229220032691956
0.01703137904405594
0.008956054225564003
0.003393835388123989
0.016108438372612
0.0012956204591318965
0.0030666759703308344
0.027485856786370277
0.10707002133131027
0.005853727459907532
0.01677931472659111
0.027455907315015793
0.01538191456347704
0.00947821419686079
0.001432902063243091
0.02092595025897026
0.0056036412715911865
0.0054777031764388084
0.010612775571644306
0.004852491430938244
0.009889982640743256
0.007220442406833172
0.003481178544461727
0.013575953431427479
0.009407457895576954
0.018713459372520447
0.006578454747796059
0.00852909218519926
0.05543388053774834
0.011157212778925896
0.013755911961197853
0.010995663702487946
0.008753221482038498
0.0029919168446213007
0.05171424150466919
0.05758591368794441
0.014144678600132465
0.03340805321931839
0.01432241965085268
0.014432255178689957
0.024906372651457787
0.013256391510367393
0.001228030538186431
0.015164019539952278
0.018776021897792816
0.013288045302033424
0.0005435590865090489
0.005179295781999826
0.018242016434669495
0.00354132242500782
0.04188031703233719
0.018617799505591393
0.002959814853966236
0.0061685689724981785
0.08611918240785599
0.024936983361840248
0.014861439354717731
0.02029806561768055
0.0027153980918228626
0.006430971436202526
0.012076431885361671
0.02092273160815239
0.010710418224334717
0.003877411363646388
0.011497128754854202
0.039339255541563034
0.0191507451236248
0.018902767449617386
0.011942809447646141
0.011509222909808159
0.02630937285721302
0.0009077120339497924
0.008052084594964981
0.01505601592361927
0.0007224594592116773
0.00964677706360817
0.01984260231256485
0.010627509094774723
0.020785802975296974
0.012261014431715012
0.011950267478823662
0.04581712186336517
0.03157057613134384
0.014678695239126682
0.0008883028058335185
0.001724944799207151
0.02210802398622036
0.006725143175572157
0.0013114337343722582
0.010971762239933014
0.013206605799496174
0.005430365446954966
0.04977496713399887
0.0042332494631409645
0.014454886317253113
0.01735581085085869
0.013120932504534721
0.03578689694404602
0.019555598497390747
0.009802308864891529
0.01339695230126381
0.024290885776281357
0.005732329096645117
0.01206288393586874
0.023655805736780167
0.0175876896828413
0.012792938388884068
0.007389894220978022
0.010419641621410847
0.016085468232631683
0.011984610930085182
0.013869824819266796
0.023167572915554047
0.03102533333003521
0.0048523154109716415
0.011060782708227634
0.025988686829805374
0.01216696947813034
0.0007230750052258372
0.011561530642211437
0.01963353529572487
0.004414598923176527
0.01638106070458889
0.014227891340851784
0.022796962410211563
0.014949393458664417
0.00565052404999733
0.029464107006788254
0.006426556967198849
0.025767061859369278
0.01297922432422638
0.006646620575338602
0.032108746469020844
0.009835894219577312
0.009013763628900051
0.008687092922627926
0.03632758557796478
0.020847512409090996
0.025551775470376015
0.005693827290087938
0.0065961722284555435
0.008328283205628395
0.02228066883981228
0.0141734778881073
0.034175675362348557
0.006696887314319611
0.032546043395996094
0.05216655880212784
0.008833831176161766
0.012756401672959328
0.0026807195972651243
0.015290135517716408
0.011045072227716446
0.008480912074446678
0.0023121237754821777
0.048278819769620895
0.0011288165114820004
0.044340770691633224
0.06995653361082077
0.004441002383828163
0.006061371881514788
0.012490891851484776
0.02907983399927616
0.014775000512599945
0.026553232222795486
0.02641473524272442
0.02240472100675106
0.020840846002101898
0.0249360129237175
0.015638720244169235
0.016852902248501778
0.006658571772277355
0.0008523025317117572
0.005824543070048094
0.008353063836693764
0.019928177818655968
0.015600054524838924
0.019925789907574654
0.006740721873939037
0.028090503066778183
0.0028932818677276373
0.016588367521762848
0.025682928040623665
0.018645986914634705
0.012158207595348358
0.004696489777415991
0.08534997701644897
0.0003877263516187668
0.01682855561375618
0.009287750348448753
0.0064610205590724945
0.017587658017873764
0.013655781745910645
0.022050291299819946
0.027448657900094986
0.03105965629220009
0.026994386687874794
0.012058282271027565
0.0035769781097769737
0.00905720517039299
0.01383076049387455
0.013175979256629944
0.005589317064732313
0.015641532838344574
0.006975878030061722
0.010670985095202923
0.012322584167122841
0.02452246844768524
0.00036106506013311446
0.009096476249396801
0.01689465343952179
0.003047775710001588
0.049080561846494675
0.015337247401475906
0.0066030570305883884
0.011152273043990135
0.008464731276035309
0.016141392290592194
0.02697630040347576
0.015585587359964848
0.014651190489530563
0.015422397293150425
0.010870792903006077
0.01854543201625347
0.0037618346977978945
0.008720689453184605
0.018415125086903572
0.014634168706834316
0.02094952203333378
0.014622282236814499
0.01687217503786087
0.029205497354269028
0.007845155894756317
0.002541234949603677
0.03920404613018036
0.007200068794190884
0.032478515058755875
0.01562955044209957
0.008725977502763271
0.0089755579829216
0.020196951925754547
0.019892163574695587
0.008692607283592224
0.0030363723635673523
0.013577181845903397
0.0003797353710979223
0.012343714013695717
0.02754793129861355
0.02736329287290573
0.010062074288725853
0.008658486418426037
0.022141264751553535
0.01397392712533474
0.010379183106124401
0.005534233525395393
0.0033507393673062325
0.011638847179710865
0.00198653107509017
0.00602514436468482
0.03771588206291199
0.03694577515125275
0.023117929697036743
0.016100890934467316
0.015061439946293831
0.024219416081905365
0.024957092478871346
0.018111344426870346
0.011316092684864998
0.010760832577943802
0.04182514548301697
0.020484009757637978
0.029555991291999817
0.014868251048028469
0.0189918652176857
0.012424108572304249
0.0075973039492964745
0.009371988475322723
0.008851324208080769
0.008834325708448887
0.005581936798989773
0.002169101033359766
0.02374766767024994
0.02308974787592888
0.01878713071346283
0.06683748960494995
0.0065889195539057255
0.000638471741694957
0.0063981409184634686
0.015551893971860409
0.014499194920063019
0.004184669815003872
0.013894768431782722
0.034782249480485916
0.019439583644270897
0.038953281939029694
0.01303996704518795
0.052124783396720886
0.0014026800636202097
0.010719344951212406
0.0035588834434747696
0.005687436554580927
0.04303226247429848
0.006480130832642317
0.009314538910984993
0.04273790493607521
0.016222193837165833
0.0012362260604277253
0.011136166751384735
0.015480028465390205
0.005073476582765579
0.022954357787966728
0.012954973615705967
0.002767308847978711
0.014802008867263794
0.0006483874749392271
0.009039025753736496
0.014643413946032524
0.009358678013086319
0.04866059869527817
0.00032110989559441805
0.005072909407317638
0.0131361223757267
0.009726176038384438
0.007206995040178299
0.014981100335717201
0.01229992974549532
0.07258220762014389
0.011698768474161625
0.008523104712367058
0.022379113361239433
0.023340580984950066
0.026973240077495575
0.011664844118058681
0.0006692347815260291
0.009037086740136147
0.01184885948896408
0.0241799745708704
0.006255383137613535
0.01126941666007042
0.0005411035381257534
0.019598208367824554
0.0036026781890541315
0.015702825039625168
0.017904190346598625
0.0006983802886679769
0.028147393837571144
0.013182866387069225
0.007912803441286087
0.004727946128696203
0.0017116511007770896
0.016234973445534706
0.022372394800186157
0.001071317819878459
0.00876636616885662
0.016384361311793327
0.02165275812149048
0.05316244438290596
0.012975356541574001
0.011974355205893517
0.0005799782811664045
0.013831337913870811
0.02248332090675831
0.01768668182194233
0.0004272822698112577
0.028475018218159676
0.014270568266510963
0.0018153686542063951
0.012616656720638275
0.013962050899863243
0.01815221831202507
0.0029442873783409595
0.002540633315220475
0.009055932983756065
0.01282969955354929
0.007024111691862345
0.02869245409965515
0.00480980658903718
0.0030274628661572933
0.010563534684479237
0.006793727166950703
0.028026267886161804
0.016643710434436798
0.012500308454036713
0.013102035969495773
0.006681043189018965
0.006392854265868664
0.015056885778903961
0.000722907017916441
0.04325080290436745
0.017672859132289886
0.007401458919048309
0.02344251424074173
0.01527669932693243
0.005341050215065479
0.029249049723148346
0.00032004775130189955
0.01992180570960045
0.020587880164384842
0.007354031316936016
0.020969893783330917
0.014818966388702393
0.02932482212781906
0.0005374336615204811
0.01498033944517374
0.01823575422167778
0.0051668924279510975
0.016114261001348495
0.025177203118801117
0.005471047479659319
0.016202086582779884
0.018859419971704483
0.02633044868707657
0.011063937097787857
0.0034144269302487373
0.011043058708310127
0.002611825242638588
0.014766165055334568
0.0007539027137681842
0.019826864823698997
0.005119537003338337
0.01738632842898369
0.009089485742151737
0.026445813477039337
0.006438641343265772
0.011273427866399288
0.013097960501909256
0.01837020367383957
0.01718260906636715
0.022534005343914032
0.010240109637379646
0.0069732703268527985
0.006401699967682362
0.009362280368804932
0.017047755420207977
0.02001795545220375
0.00460390467196703
0.012713366188108921
0.0007592483889311552
0.0035868172999471426
0.0012255606707185507
0.0180840902030468
0.04021831601858139
0.009996449574828148
0.02278076484799385
0.0137647008523345
0.07210683822631836
0.12237891554832458
0.01477585919201374
0.00964695867151022
0.010976491495966911
0.044099241495132446
0.012239850126206875
0.014538325369358063
0.006269956007599831
0.01363232173025608
0.01732524298131466
0.006238705478608608
0.0033175060525536537
0.011799739673733711
0.018182283267378807
0.033180005848407745
0.027841830626130104
0.0005392776802182198
0.01878715679049492
0.012067453004419804
0.015253414399921894
0.01727944239974022
0.014568082988262177
0.011856242083013058
0.00559370219707489
0.027756819501519203
0.012515386566519737
0.054460376501083374
0.010173221118748188
0.008813675493001938
0.0037949325051158667
0.01493730116635561
0.006751440465450287
0.018765699118375778
0.0019539659842848778
0.004231704398989677
0.0064360108226537704
0.007956443354487419
0.024379562586545944
0.004361424595117569
0.010117236524820328
0.029532261192798615
0.020119041204452515
0.010554060339927673
0.021701524034142494
0.03181038796901703
0.019342105835676193
0.007358715403825045
0.007056869566440582
0.013777866028249264
0.010320061817765236
0.0073289768770337105
0.026159994304180145
0.010951803997159004
0.017893169075250626
0.01698528788983822
0.006699230521917343
0.01659935712814331
0.025056619197130203
0.013191553764045238
0.011589428409934044
0.02222992666065693
0.06093082204461098
0.0064734844490885735
0.022094029933214188
0.012164107523858547
0.01420762948691845
0.015509499236941338
0.005251526832580566
0.002579969819635153
0.008931505493819714
0.007704081479460001
0.0013698529219254851
0.0011047753505408764
0.012364223599433899
0.009813528507947922
0.020788758993148804
0.0003497228608466685
0.003506094217300415
0.01245179120451212
0.003619746770709753
0.0075217848643660545
0.0015971355605870485
0.007426173891872168
0.025856293737888336
0.007700135465711355
0.024436037987470627
0.01234910637140274
0.017942454665899277
0.022816825658082962
0.00554338563233614
0.00034579652128741145
0.008207320235669613
0.000509577221237123
0.02402859926223755
0.052669890224933624
0.04410754144191742
0.00888192467391491
0.01763289049267769
0.01154404692351818
0.016271568834781647
0.007455935701727867
0.016113141551613808
0.009974945336580276
0.0003428874770179391
0.005217296537011862
0.004924091510474682
0.028061946853995323
0.01011994481086731
0.001439219806343317
0.008127095177769661
0.026395073160529137
0.030489372089505196
0.026454128324985504
0.012213526293635368
0.0008394450414925814
0.010547559708356857
0.009907674044370651
0.0005368728889152408
0.026615608483552933
0.009384415112435818
0.010653605684638023
0.0007524796528741717
0.015077442862093449
0.014010362327098846
0.012779375538229942
0.01372457854449749
0.00630814116448164
0.02956293523311615
0.0004975965712219477
0.019485026597976685
0.017035912722349167
0.005684498697519302
0.02172538824379444
0.01754007302224636
0.04363667219877243
0.01077672466635704
0.010922315530478954
0.03702600300312042
0.0004956426564604044
0.04015812650322914
0.013746198266744614
0.018415139988064766
0.010505668818950653
0.01475070882588625
0.02380882017314434
0.03964492678642273
0.005384860560297966
0.0021939172875136137
0.012554682791233063
0.03464556112885475
0.014028940349817276
0.009179689921438694
0.02178044058382511
0.0077278027310967445
0.0012645446695387363
0.03479201719164848
0.01607592962682247
0.019913505762815475
0.022782698273658752
0.022852830588817596
0.020981047302484512
0.005017805378884077
0.0020392907317727804
0.030210508033633232
0.005339851602911949
0.004798664711415768
0.004517149645835161
0.032952047884464264
0.008296787738800049
0.0167438555508852
0.016975419595837593
0.023675993084907532
0.012679144740104675
0.02894814871251583
0.011409612372517586
0.006260251626372337
0.05062435194849968
0.0025990265421569347
0.020141705870628357
0.040244102478027344
0.016953229904174805
0.0172982569783926
0.0002443977864459157
0.014199965633451939
0.008788032457232475
0.0015229497803375125
0.0006124548381194472
0.010696602053940296
0.02733040601015091
0.02191486768424511
0.006769882515072823
0.018198920413851738
0.02267329767346382
0.0004075582546647638
0.01202474720776081
0.01607903465628624
0.028358228504657745
0.010464964434504509
0.10812529176473618
0.0059346784837543964
0.004902789369225502
0.018413666635751724
0.024579990655183792
0.015762856230139732
0.02868346869945526
0.021452469751238823
0.019509119912981987
0.011848527006804943
0.010578623041510582
0.009143879637122154
0.007535108830779791
0.02541646920144558
0.0013006076915189624
0.024597283452749252
0.03139599412679672
0.021013431251049042
0.0061860764399170876
0.02307702600955963
0.009227517992258072
0.01521189883351326
0.01947404071688652
0.013398529030382633
0.0242630448192358
0.004942040424793959
0.00020484559354372323
0.03203299269080162
0.01480947993695736
0.018786059692502022
0.009476744569838047
0.013465512543916702
0.042115505784749985
0.006885584443807602
0.005055158399045467
0.0118981022387743
0.0008964078151620924
0.012850996106863022
0.013646198436617851
0.014641515910625458
0.03481180965900421
0.006923641078174114
0.005231717601418495
0.011255236342549324
0.012311112135648727
0.015488715842366219
0.016150111332535744
0.010999857448041439
0.05142612382769585
0.004315657075494528
0.018971487879753113
0.005600674077868462
0.008113287389278412
0.00725543312728405
0.005846934858709574
0.013285425491631031
0.010617471300065517
0.004573531914502382
0.006191895343363285
0.008520472794771194
0.03259716182947159
0.011421804316341877
0.013581001199781895
0.013621486723423004
0.005233258940279484
0.01111936941742897
0.05336935818195343
0.008966763503849506
0.01603572815656662
0.011237801983952522
0.0010051842546090484
0.007318144664168358
0.022993477061390877
0.0006530421669594944
0.010463031008839607
0.01530751958489418
0.006868093274533749
0.005154100246727467
0.017793484032154083
0.03400830551981926
0.01218512374907732
0.012987423688173294
0.02319052256643772
0.0150121059268713
0.015538932755589485
0.020250188186764717
0.01522475853562355
0.03222961723804474
0.007690543308854103
0.023443927988409996
0.0037469221279025078
0.0073824371211230755
0.00530284596607089
0.003248857567086816
0.014728418551385403
0.020054791122674942
0.010509045794606209
0.020081190392374992
0.016501832753419876
0.015256480313837528
0.003955742344260216
0.03318141773343086
0.008515700697898865
0.008677883073687553
0.0075767748057842255
0.0062106940895318985
0.029775824397802353
0.006192722357809544
0.01156890019774437
0.008189139887690544
0.004120226483792067
0.020786050707101822
0.0335577093064785
0.001353769563138485
0.03170148283243179
0.001318993978202343
0.02846858836710453
0.012957918457686901
0.0012718986254185438
0.01774599775671959
0.007470472250133753
0.011841962113976479
0.01141231320798397
0.002441762015223503
0.0044485596008598804
0.05332314223051071
0.00017997906252276152
0.00996438879519701
0.02608548477292061
0.008444586768746376
0.017325857654213905
0.014369653537869453
0.034718647599220276
0.02019255980849266
0.026289938017725945
0.010488750413060188
0.010708552785217762
0.025315945968031883
0.03326994553208351
0.04619279503822327
0.006972789764404297
0.020097527652978897
0.026736445724964142
0.017388008534908295
0.01414630189538002
0.008516959846019745
0.010662957094609737
0.02129431813955307
0.011654435656964779
0.007264193147420883
0.013248997740447521
0.006041151471436024
0.0063560097478330135
0.009821257553994656
0.008960376493632793
0.01582403853535652
0.005002377089112997
0.04448821395635605
0.013485774397850037
0.023447759449481964
0.024269137531518936
0.022582247853279114
0.009667109698057175
0.004033887758851051
0.012193204835057259
0.0022703607100993395
0.004648111294955015
0.0010750183137133718
0.021098006516695023
0.008882230147719383
0.00014577998081222177
0.006644771434366703
0.006596905179321766
0.014882097020745277
0.002492963569238782
0.0134358461946249
0.006901712156832218
0.006537173874676228
0.011336222290992737
0.016483712941408157
0.028445161879062653
0.02460046485066414
0.00460430420935154
0.00928410142660141
0.007462196052074432
0.026517752557992935
0.012954494915902615
0.0073382118716835976
0.012936104089021683
0.01457544881850481
0.02823944017291069
0.017982041463255882
0.0008466829312965274
0.01914268173277378
0.012361465021967888
0.028566766530275345
0.008301536552608013
0.012702462263405323
0.0006027276976965368
0.01370735839009285
0.011157017201185226
0.015326494351029396
0.0014502769336104393
0.035830073058605194
0.006808133330196142
0.008018305525183678
0.06656049937009811
0.01749373972415924
0.008527051657438278
0.007479982450604439
0.009831156581640244
0.009624382480978966
0.011204085312783718
0.021616477519273758
0.004634371027350426
0.025616727769374847
0.014907227829098701
0.008553211577236652
0.008332881145179272
0.0368880070745945
0.004797601606696844
0.012970133684575558
0.00996849313378334
0.011289360001683235
0.012186825275421143
0.015911323949694633
0.018897583708167076
0.014437822625041008
0.01602320931851864
0.0181737057864666
0.019618820399045944
0.02965717948973179
0.010246998630464077
0.010122724808752537
0.029907498508691788
0.014912708662450314
0.0023252470418810844
0.01582520082592964
0.009675726294517517
0.015143097378313541
0.009408370591700077
0.029255174100399017
0.101224385201931
0.014175418764352798
0.029778383672237396
0.0006479754811152816
0.03934892266988754
0.006389311980456114
0.015015055425465107
0.009439774788916111
0.006092989817261696
0.007717958651483059
0.027081642299890518
0.020530983805656433
0.00602440070360899
0.00927506573498249
0.005284663289785385
0.013597944751381874
0.004109634086489677
0.011162678711116314
0.016335152089595795
0.016706975176930428
0.0004638579557649791
0.00042305851820856333
0.006040283478796482
0.02576129138469696
0.021846137940883636
0.00960618257522583
0.010695460252463818
0.008313748054206371
0.0012535100104287267
0.0008989317575469613
0.031678300350904465
0.016820846125483513
0.00810339767485857
0.007169736083596945
0.021152110770344734
0.022823959589004517
0.013673129491508007
0.009503588080406189
0.01165379025042057
0.008006362244486809
0.0327620729804039
0.0025182280223816633
0.005241009406745434
0.005355582572519779
0.009225282818078995
0.049635350704193115
0.00111420638859272
0.0008688678499311209
0.018983805552124977
0.013467668555676937
0.0006118814926594496
0.009858617559075356
0.031165452674031258
0.014561042189598083
0.02764243446290493
0.0022993735037744045
0.05594569072127342
0.025622094050049782
0.030584976077079773
0.0005095725646242499
0.005263860337436199
0.013411322608590126
0.01495522540062666
0.01605735719203949
0.05422250181436539
0.000937658129259944
0.009776301681995392
0.012130551971495152
0.01741405948996544
0.004460037220269442
0.01009277068078518
0.02349175699055195
0.009287980385124683
0.005110505502671003
0.02433454990386963
0.01357908733189106
0.02216891199350357
0.017658349126577377
0.013370770961046219
0.009442799724638462
0.007239850703626871
0.015109066851437092
0.01268504373729229
0.01821807771921158
0.03680870309472084
0.0064113386906683445
0.01184676494449377
0.01188688725233078
0.031058980152010918
0.009293720126152039
0.00031181800295598805
0.06944303959608078
0.017113227397203445
0.030463900417089462
0.026847846806049347
0.00595625676214695
0.00784494262188673
0.018413551151752472
0.01915924996137619
0.015562731772661209
0.006609596312046051
0.00900174304842949
0.008705480955541134
0.020474683493375778
0.00807923823595047
0.006700987461954355
0.03242672607302666
0.009443896822631359
0.04203305020928383
0.03731227666139603
0.06504130363464355
0.007874922826886177
0.007429585792124271
0.01753237470984459
0.019593017175793648
0.002961380174383521
0.010041441768407822
0.019541503861546516
0.017940104007720947
0.009477309882640839
0.002054189797490835
0.0020667845383286476
0.08786869049072266
0.01555313915014267
0.0900164321064949
0.000835254555568099
0.01711932197213173
0.0099880900233984
0.008722600527107716
0.03552652895450592
0.003200133331120014
0.002668573521077633
0.013658426702022552
0.014513255096971989
0.006062111351639032
0.017545046284794807
0.017392676323652267
0.031943339854478836
0.00653468631207943
0.015553340315818787
0.010191937908530235
0.007073655724525452
0.025890816003084183
0.016357852146029472
0.006569436751306057
0.09358785301446915
0.013093855232000351
0.008839583024382591
0.0068911099806427956
0.0074061136692762375
0.026342958211898804
0.0087661724537611
0.03263520821928978
0.011879158206284046
0.026062283664941788
0.013796246610581875
0.01621595397591591
0.013741515576839447
0.00048012533807195723
0.009605411440134048
0.007494220044463873
0.01802837662398815
0.020137809216976166
0.01054492685943842
0.00949159823358059
0.014372240751981735
0.0072727384977042675
0.01477508433163166
0.014260483905673027
0.033455103635787964
0.010590925812721252
0.022693410515785217
0.016690727323293686
0.02413252368569374
0.026571493595838547
0.02147715538740158
0.006089260336011648
0.014178363606333733
0.0035685179755091667
0.017688196152448654
0.03215939179062843
0.01909792609512806
0.009628728032112122
0.015757424756884575
0.02807486429810524
0.0075445109978318214
0.011198127642273903
0.014994439668953419
0.004740606062114239
0.008026132360100746
0.1512412428855896
0.01010123360902071
0.03653449937701225
0.014114759862422943
0.006137005984783173
0.0014232308603823185
0.0061196680180728436
0.005896756425499916
0.016379697248339653
0.008896912448108196
0.04177377372980118
0.008609591983258724
0.06043926253914833
0.008094758726656437
0.017948854714632034
0.008155034855008125
0.020955190062522888
0.03620395064353943
0.013033521361649036
0.007910104468464851
0.028831355273723602
0.005005179904401302
0.015176374465227127
0.04832131415605545
0.011473040096461773
0.008293231017887592
0.00792362168431282
0.054641034454107285
0.014400878921151161
0.0045065623708069324
0.011261110194027424
0.022367417812347412
0.014568532817065716
0.01463550515472889
0.006981191225349903
0.013978883624076843
0.016219204291701317
0.014164645224809647
0.01688949018716812
0.01833629235625267
0.0021777963265776634
0.006317632272839546
0.016484813764691353
0.02765091322362423
0.012748866342008114
0.0016144092660397291
0.05109984055161476
0.01577865518629551
0.027589531615376472
0.022589676082134247
0.016873545944690704
0.013961768709123135
0.025864968076348305
0.02278529666364193
0.01282660011202097
0.009660549461841583
0.002068329369649291
0.01037942711263895
0.010091321542859077
0.02205372229218483
0.02170024998486042
0.005525713786482811
0.018931079655885696
0.014117367565631866
0.0006079786107875407
0.017192503437399864
0.016496988013386726
0.025666361674666405
0.03110157884657383
0.021445533260703087
0.020319927483797073
0.005767666734755039
0.013683220371603966
0.012116076424717903
0.0009430369245819747
0.008450618013739586
0.006397925317287445
0.015195703133940697
0.013798094354569912
0.07121932506561279
0.03224257379770279
0.010119592770934105
0.016778090968728065
0.0005813778261654079
0.03923692926764488
0.021001867949962616
0.021396489813923836
0.032285548746585846
0.010751686990261078
0.004286276176571846
0.009818807244300842
0.009756752289831638
0.0008896590443328023
0.010440142825245857
0.00596374599263072
0.01510423794388771
0.012710005044937134
0.005068732425570488
0.008259095251560211
0.002916555153205991
0.02371375635266304
0.010383127257227898
0.02249407023191452
0.0062600490637123585
0.0011313549475744367
0.013457631692290306
0.0009211723227053881
0.011200880631804466
0.009836834855377674
0.020840996876358986
0.012544656172394753
0.014382068067789078
0.08267632126808167
0.013017745688557625
0.0023194702807813883
0.020364215597510338
0.018858781084418297
0.0020709484815597534
0.031087325885891914
0.005576911848038435
0.012930107302963734
0.027800843119621277
0.027613511309027672
0.0017238458385691047
0.0007771776872687042
0.023368719965219498
0.010767463594675064
0.013380754739046097
0.008318491280078888
0.008844416588544846
0.026197321712970734
0.007010865956544876
0.00933404266834259
0.015677563846111298
0.006119901780039072
0.018234392628073692
0.03207474946975708
0.012487616389989853
0.013071153312921524
0.004596142563968897
0.006987232249230146
0.005237170495092869
0.0005693234270438552
0.011420212686061859
0.02927587367594242
0.02247227355837822
0.01344501506537199
0.0007285664323717356
0.0016338087152689695
0.005536241456866264
0.0029374861624091864
0.020838847383856773
0.020508183166384697
0.26373782753944397
0.008620189502835274
0.01638978160917759
0.02489490807056427
0.017523664981126785
0.016163107007741928
0.02390262298285961
0.002082403050735593
0.0056802090257406235
0.2041473537683487
0.029876597225666046
0.006688253954052925
0.008388667367398739
0.031193610280752182
0.034767575562000275
0.025521844625473022
0.009781050495803356
0.0057310923002660275
0.017262285575270653
0.016494179144501686
0.006432333029806614
0.017011690884828568
0.013935940340161324
0.010813472792506218
0.0004787562065757811
0.00980704091489315
0.011901822872459888
0.0003254555049352348
0.033183325082063675
0.0005405577830970287
0.018086973577737808
0.019008450210094452
0.00460454635322094
0.0007446383824571967
0.025678962469100952
0.007255886681377888
0.019781725481152534
0.005754987709224224
0.011434298008680344
0.0009745533461682498
0.0005124412709847093
0.018219538033008575
0.0027722278609871864
0.013380576856434345
0.005935546942055225
0.025816088542342186
0.013788620010018349
0.010690009221434593
0.009650440886616707
0.02444450929760933
0.006673671305179596
0.025741789489984512
0.009674868546426296
0.014858318492770195
0.022281598299741745
0.022213812917470932
0.010901488363742828
0.014044767245650291
0.009456411004066467
0.017781250178813934
0.015133808366954327
0.010115024633705616
0.015098780393600464
0.030384039506316185
0.018974773585796356
0.05180433392524719
0.036549247801303864
0.006419466808438301
0.018959248438477516
0.01255099754780531
0.011350229382514954
0.010391623713076115
0.008690674789249897
0.013233003206551075
0.012736661359667778
0.040449731051921844
0.022801605984568596
0.018511956557631493
0.011642730794847012
0.012696911580860615
0.01631927490234375
0.026786087080836296
0.006894147489219904
0.0005695871077477932
0.01956668123602867
0.019620563834905624
0.01514485850930214
0.01640785112977028
0.013901758939027786
0.02289094589650631
0.04481721296906471
0.00837206095457077
0.0030891664791852236
0.008670280687510967
0.029042210429906845
0.018110493198037148
0.028820738196372986
0.015565390698611736
0.023054447025060654
0.022438623011112213
0.00577257527038455
0.019087571650743484
0.44504714012145996
0.014754682779312134
0.01759961247444153
0.027138108387589455
0.012818224728107452
0.0067032938823103905
0.021834569051861763
0.00750073092058301
0.01841244474053383
0.005351876374334097
0.018708353862166405
0.002592179924249649
0.020923957228660583
0.01843719556927681
0.016908742487430573
0.017271343618631363
0.0026919220108538866
0.0441589392721653
0.005926577374339104
0.011991990730166435
0.004965736996382475
0.011523623019456863
0.00804099440574646
0.0005869445158168674
0.02960633672773838
0.015933705493807793
0.01691395230591297
0.01917632669210434
0.01246589981019497
0.0027374031487852335
0.0031121554784476757
0.019926302134990692
0.022689294070005417
0.0438503660261631
0.012075463309884071
0.006664473097771406
0.011464554816484451
0.014442812651395798
0.006665700115263462
0.006567548960447311
0.01378124114125967
0.0005810440052300692
0.0167827345430851
0.07682038098573685
0.005039183422923088
0.004367398098111153
0.00824759341776371
0.013742982409894466
0.00577763793990016
0.006484039127826691
0.009253277443349361
0.013399970717728138
0.007965365424752235
0.011869953945279121
0.027348995208740234
0.0012991945259273052
0.015299555845558643
0.023552747443318367
0.03756900131702423
0.04348239675164223
0.022716326639056206
0.019752930849790573
0.0184529609978199
0.020658832043409348
0.01560932770371437
0.018629541620612144
0.0007984791300259531
0.041913315653800964
0.05127333849668503
0.006341545842587948
0.329365998506546
0.0009938693838194013
0.024594202637672424
0.006787761580199003
0.0012400231789797544
0.022301606833934784
0.01859915815293789
0.0015477677807211876
0.02640785276889801
0.0075158607214689255
0.030935166403651237
0.002580516505986452
0.018667597323656082
0.025656333193182945
0.007731145713478327
0.0031764127779752016
0.018810488283634186
0.017194680869579315
0.019492048770189285
0.0057372646406292915
0.016770469024777412
0.007478145882487297
0.02032722532749176
0.00817101914435625
0.004424749873578548
0.010239715687930584
0.020008783787488937
0.0018493463285267353
0.009803727269172668
0.04397279769182205
0.014774144627153873
0.026287594810128212
0.013980882242321968
0.017977004870772362
0.0056720394641160965
0.0009863104205578566
0.03595231845974922
0.025836121290922165
0.014256464317440987
0.022861715406179428
0.015384474769234657
0.0224815234541893
0.0006727593718096614
0.0268152616918087
0.018027763813734055
0.01825914904475212
0.02206452377140522
0.018726088106632233
0.014086882583796978
0.009691263549029827
0.009077179245650768
0.029836807399988174
0.013105332851409912
0.012124108150601387
0.018204975873231888
0.020965246483683586
0.014049362391233444
0.05657408386468887
0.04742290452122688
0.011070096865296364
0.004149767104536295
0.003931792452931404
0.004816236440092325
0.030227893963456154
0.011073061265051365
0.04074547439813614
0.011120274662971497
0.006734048947691917
0.008350986056029797
0.013630524277687073
0.024975815787911415
0.02382490038871765
0.0033049206249415874
0.0007339052972383797
0.0041166734881699085
0.009196453727781773
0.020487144589424133
0.024552524089813232
0.015383544377982616
0.01799674518406391
0.04632430523633957
0.0085529750213027
0.010550343431532383
0.008707869797945023
0.014522474259138107
0.026475710794329643
0.020691003650426865
0.006828858982771635
0.0240672267973423
0.023152261972427368
0.0038787280209362507
0.033194683492183685
0.031570710241794586
0.006402913480997086
0.0045494018122553825
0.017172332853078842
0.03256510570645332
0.01925320364534855
0.01231306605041027
0.012084542773663998
0.0015159850008785725
0.004353752359747887
0.007156487554311752
0.014185233972966671
0.012957130558788776
0.017587533220648766
0.006145024672150612
0.02088635228574276
0.020481200888752937
0.01939675211906433
0.03648483753204346
0.013456964865326881
0.010746441781520844
0.011727686040103436
0.024622105062007904
0.011687207967042923
0.01106024719774723
0.008166360668838024
0.007431555539369583
0.01881561428308487
0.018503505736589432
0.00045107287587597966
0.015678416937589645
0.023264054208993912
0.007547758985310793
0.00207076920196414
0.008633282035589218
0.007094480097293854
0.013200357556343079
0.030568547546863556
0.012822400778532028
0.007438341621309519
0.055691614747047424
0.022151123732328415
0.025055190548300743
0.020594578236341476
0.0067754085175693035
0.013232395052909851
0.0006953877164050937
0.009318019263446331
0.029534976929426193
0.013705598190426826
0.0225459486246109
0.004772201180458069
0.009390141814947128
0.015105954371392727
0.02908996306359768
0.011500970460474491
0.00023332254204433411
0.007602321915328503
0.003795899450778961
0.00043509231181815267
0.01980799250304699
0.005942408926784992
0.0038083961699157953
0.00836959108710289
0.01787138171494007
0.025177408009767532
0.011546908877789974
0.03317370265722275
0.0059717316180467606
0.008337251842021942
0.0007502242224290967
0.0011969057377427816
0.005705554969608784
0.030229296535253525
0.030315039679408073
0.08890596777200699
0.010133888572454453
0.043802399188280106
0.019141968339681625
0.015444386750459671
0.015140201896429062
0.0484439916908741
0.019743384793400764
0.010886961594223976
0.0496332012116909
0.02532907761633396
0.00269554415717721
0.016972294077277184
0.02246425673365593
0.030515646561980247
0.010053873062133789
0.011376247741281986
0.013324692845344543
0.006987966131418943
0.03504393622279167
0.013478074222803116
0.035216160118579865
0.014882359653711319
0.007334400434046984
0.017175033688545227
0.022335346788167953
0.0265519842505455
0.021010376513004303
0.007622261997312307
0.08319423347711563
0.006499198731034994
0.005654517095535994
0.006091602146625519
0.014124682173132896
0.006606073584407568
0.0050188153982162476
0.003303117584437132
0.011404724791646004
0.006911932490766048
0.005389993079006672
0.0024785466957837343
0.002083420753479004
0.020244864746928215
0.015502704307436943
0.0019917902536690235
0.0030559441074728966
0.008649098686873913
0.0014820522628724575
0.00553977582603693
0.00951856654137373
0.006896971724927425
0.0052955979481339455
0.008312703110277653
0.00685721542686224
0.01272212527692318
0.017949415370821953
0.0269731767475605
0.0346413217484951
0.00808364525437355
0.0015381025150418282
0.013081178069114685
0.007681261282414198
0.024480458348989487
0.03239979222416878
0.0298323892056942
0.013050117529928684
0.009696060791611671
0.008425873704254627
0.05738858878612518
0.0004072038282174617
0.029893305152654648
0.005571052432060242
0.0036484692245721817
0.0010086153633892536
0.004368489608168602
0.00917727779597044
0.005193370394408703
0.00905543938279152
0.015328653156757355
0.0010990810114890337
0.01524483785033226
0.008295943960547447
0.019297758117318153
0.007449770346283913
0.01565377041697502
0.018072033300995827
0.014100758358836174
0.04328697547316551
0.018346456810832024
0.027577243745326996
0.04160088673233986
0.022776486352086067
0.020084427669644356
0.008536777459084988
0.01393093541264534
0.016040604561567307
0.01370195858180523
0.059017740190029144
0.0016820982564240694
0.020237494260072708
0.023910902440547943
0.020016759634017944
0.01929616369307041
0.012467165477573872
0.016026640310883522
0.011656111106276512
0.021472878754138947
0.01657015085220337
0.019158801063895226
0.04231347143650055
0.00041632805368863046
0.00788784958422184
0.029470030218362808
0.030714010819792747
0.010133806616067886
0.017339248210191727
0.16536755859851837
0.010351774282753468
0.014123925007879734
0.0047476766631007195
0.0004628926399163902
0.01216657180339098
0.0004761563614010811
0.007100397255271673
0.012971185147762299
0.023277316242456436
0.04367337375879288
0.007978562265634537
0.000920973950996995
0.01404713373631239
0.01508943922817707
0.019076606258749962
0.008388697169721127
0.010038149543106556
0.006863266229629517
0.001728006056509912
0.00532976258546114
0.02326417714357376
0.021210098639130592
0.01726052351295948
0.013222371228039265
0.009734774008393288
0.01306386012583971
0.005818718578666449
0.0003812539507634938
0.011905472725629807
0.013089952990412712
0.006033116485923529
0.0027948759961873293
0.0009769252501428127
0.03290953114628792
0.010402810759842396
0.05551118403673172
0.010155334137380123
0.11771324276924133
0.016024358570575714
0.023046374320983887
0.00644027441740036
0.015344424173235893
0.025638842955231667
0.015678608790040016
0.009862757287919521
0.003289578715339303
0.0621495321393013
0.011112485080957413
0.01293796207755804
0.0070097241550683975
0.02108558639883995
0.012531168758869171
0.012023373506963253
0.008444743230938911
0.02547946758568287
0.005686825141310692
0.011590294539928436
0.010305572301149368
0.008959422819316387
0.029103007167577744
0.037846602499485016
0.01971791684627533
0.036851927638053894
0.024972856044769287
0.007504593580961227
0.01837829314172268
0.007910671643912792
0.0007178703090175986
0.01403723657131195
0.0017158128321170807
0.030096136033535004
0.0339624248445034
0.018921684473752975
0.009553326293826103
0.000815914012491703
0.013218492269515991
0.010501742362976074
0.02592705376446247
0.024165771901607513
0.021990958601236343
0.03727741912007332
0.024185238406062126
0.008730249479413033
0.003161973087117076
0.006665049120783806
0.09458758682012558
0.009302064776420593
0.019649550318717957
0.029995102435350418
0.006428610533475876
0.0012451193761080503
0.01184074766933918
0.0007201173575595021
0.004076066426932812
0.0034885071218013763
0.01655716262757778
0.010257832705974579
0.10628477483987808
0.01110546663403511
0.00803507398813963
0.540222704410553
0.006281642708927393
0.00900231208652258
0.01479077897965908
0.013245835900306702
0.004919932223856449
0.025331778451800346
0.00266026658937335
0.025732669979333878
0.0006341522675938904
0.007197854574769735
0.025714434683322906
0.015155086293816566
0.028805524110794067
0.013470974750816822
0.0064878384582698345
0.014322718605399132
0.01558937318623066
0.013012958690524101
0.01980743370950222
0.01565961167216301
0.009491663426160812
0.011295617558062077
0.009123064577579498
0.022058658301830292
0.020754478871822357
0.018291983753442764
0.00777182262390852
0.02368740364909172
0.019134702160954475
0.013658925890922546
0.0054802377708256245
0.008323133923113346
0.12474294006824493
0.010807173326611519
0.012900417670607567
0.02672719396650791
0.011083921417593956
0.0373394638299942
0.0010752666275948286
0.0016423749038949609
0.005611132364720106
0.012403057888150215
0.02457461878657341
0.00750361243262887
0.013312865048646927
0.011387757025659084
0.009383424185216427
0.007202313281595707
0.0345284566283226
0.008901610970497131
0.02162066474556923
0.005021860357373953
0.009974915534257889
0.017008528113365173
0.013126861304044724
0.0005720213521271944
0.013303874060511589
0.01627146452665329
0.0078499810770154
0.03104930743575096
0.020990030840039253
0.021741388365626335
0.02037872187793255
0.012614787556231022
0.0077630821615457535
0.006262241862714291
0.0008790491847321391
0.009513162076473236
0.042550865560770035
0.016921117901802063
0.009111398831009865
0.003167973831295967
0.00620831735432148
0.003457934595644474
0.017918089404702187
0.041137970983982086
0.00888777058571577
0.021399162709712982
0.01008632779121399
0.005481082480400801
0.013672050088644028
0.014323219656944275
0.027631547302007675
0.007661467418074608
0.006608662195503712
0.008416117168962955
0.021938102319836617
0.010109297931194305
0.02106628380715847
0.014881118200719357
0.013640342280268669
0.010190922766923904
0.021768348291516304
0.06638670712709427
0.006892310455441475
0.004729049745947123
0.009438209235668182
0.04236651957035065
0.036700539290905
0.006605686154216528
0.016126718372106552
0.02732701040804386
0.0057183075696229935
0.016257207840681076
0.005855139810591936
0.02991481125354767
0.006732231937348843
0.007725118659436703
0.0156691987067461
0.0007152970647439361
0.009270112961530685
0.014149722643196583
0.010660356841981411
0.020455211400985718
0.01241668313741684
0.03183842822909355
0.017461193725466728
0.0573824942111969
0.014504199847579002
0.001084961579181254
0.019390098750591278
0.09207873791456223
0.02533772401511669
0.034916218370199203
0.013717494904994965
0.0005421678069978952
0.010427476838231087
0.036961887031793594
0.006554127670824528
0.03089946135878563
0.04264916107058525
0.010064506903290749
0.004801444709300995
0.010277705267071724
0.014117525890469551
0.020148590207099915
0.02602805197238922
0.006092844530940056
0.021021852269768715
0.014066928997635841
0.01486964151263237
0.010540262795984745
0.01970013976097107
0.010758121497929096
0.011375676840543747
0.013725101947784424
0.015976358205080032
0.08189496397972107
0.021227391436696053
0.014297755435109138
0.008049177005887032
0.004420455079525709
0.0011335501912981272
0.0008780984790064394
0.010502646677196026
0.0018330609891563654
0.01867249235510826
0.004325336776673794
0.012275520712137222
0.006827117409557104
0.012147421017289162
0.005444830283522606
0.015558013692498207
0.028669586405158043
0.0005774004966951907
0.0032880501821637154
0.008455450646579266
0.009836111217737198
0.022746441885828972
0.018835026770830154
0.015598021447658539
0.006490510888397694
0.014504335820674896
0.0063773877918720245
0.005293612368404865
0.0084416838362813
0.011515332385897636
0.011592387221753597
0.012165381573140621
0.006064617540687323
0.01212287601083517
0.010111507959663868
0.005425887182354927
0.0305690485984087
0.007359015289694071
0.017551928758621216
0.058003753423690796
0.006555038969963789
0.018511483445763588
0.0017133771907538176
0.012968243099749088
0.018529923632740974
0.010189312510192394
0.02899540774524212
0.011446533724665642
0.01860090158879757
0.011682124808430672
0.0008995454991236329
0.003893843851983547
0.0014017524663358927
0.008143527433276176
0.01748620718717575
0.007736130617558956
0.01738678105175495
0.018000414595007896
0.035727716982364655
0.02076287940144539
0.005944010801613331
0.0015523426700383425
0.000685824197717011
0.01356708724051714
0.0030529547948390245
0.003052774351090193
0.002398993354290724
0.012953396886587143
0.004041297361254692
0.029411975294351578
0.00951530784368515
0.022305477410554886
0.008069095201790333
0.0075110699981451035
0.0095289945602417
0.018609242513775826
0.02555036172270775
0.027495548129081726
0.013939007185399532
0.01088033989071846
0.007697708904743195
0.011363633908331394
0.021532010287046432
0.009174339473247528
0.004559896886348724
0.03067002445459366
0.024708665907382965
0.029888885095715523
0.015291807241737843
0.017720665782690048
0.002702401950955391
0.004781519994139671
0.028610197827219963
0.00021450160420499742
0.006407695822417736
0.012474330142140388
0.06329988688230515
0.0073736729100346565
0.006991511210799217
0.01548694632947445
0.03841264918446541
0.1936562955379486
0.010664322413504124
0.006209296640008688
0.023203957825899124
0.01724424585700035
0.017455091699957848
0.03371020779013634
0.15697519481182098
0.01226415392011404
0.012784648686647415
0.008074769750237465
0.02891547605395317
0.02018411085009575
0.014229902997612953
0.011174837127327919
0.0008465619757771492
0.01516343280673027
0.01467636227607727
0.004965083207935095
0.009612892754375935
0.02835807576775551
0.017686575651168823
0.013234415091574192
0.01968150958418846
0.010771309025585651
0.0033303750678896904
0.009156908839941025
0.010823081247508526
0.02724372409284115
0.021168751642107964
0.013610240072011948
0.003994356375187635
0.013452566228806973
0.011091280728578568
0.0015488220378756523
0.004138938616961241
0.003189029637724161
0.01839197799563408
0.01594112068414688
0.007289072498679161
0.010949987918138504
0.02144385129213333
0.00690112030133605
0.017736535519361496
0.00807579979300499
0.00926960539072752
0.010706445202231407
0.005078867077827454
0.012193847447633743
0.016740525141358376
0.010540086776018143
0.006997451186180115
0.008047860115766525
0.009636493399739265
0.015440220944583416
0.00488836457952857
0.021330509334802628
0.0011338351760059595
0.022926852107048035
0.006617538630962372
0.00182751240208745
0.029901454225182533
0.011020056903362274
0.02030549943447113
0.011130500584840775
0.009925631806254387
0.018096687272191048
0.0008651991956867278
0.008671518415212631
0.03170979395508766
0.021995224058628082
0.03430384770035744
0.02515997737646103
0.04473089426755905
0.0016787387430667877
0.017998244613409042
0.01348075084388256
0.009241834282875061
0.018926113843917847
0.011621474288403988
0.016761329025030136
0.013566146604716778
0.01679818704724312
0.11052273213863373
0.0194013062864542
0.016418736428022385
0.007005944848060608
0.035530172288417816
0.012444155290722847
0.014719793573021889
0.019788943231105804
0.020747367292642593
0.020454900339245796
0.027744010090827942
0.01470425445586443
0.022858045995235443
0.036236390471458435
0.01617240533232689
0.021109994500875473
0.04564584046602249
0.007135628256946802
0.008348168805241585
0.015465459786355495
0.02302725240588188
0.0010271230712532997
0.03267062082886696
0.014888362027704716
0.028271643444895744
0.025178132578730583
0.010900920256972313
0.04348614811897278
0.034483402967453
0.016283633187413216
0.008349331095814705
0.0002765989920590073
0.01647525653243065
0.012657796032726765
0.012655280530452728
0.03719518333673477
0.009501578286290169
