0.013438170775771141
0.00959767121821642
0.009638906456530094
0.011298362165689468
0.008902989327907562
0.03550984337925911
0.007133901119232178
0.014172629453241825
0.008684152737259865
0.06279675662517548
0.007049247622489929
0.018100161105394363
0.010902847163379192
0.005500633269548416
0.020203322172164917
0.011680705472826958
0.011889698915183544
0.01058982964605093
0.0024802996776998043
0.0047693559899926186
0.004756798502057791
0.0012087495997548103
0.01004272885620594
0.021990127861499786
0.04883899539709091
0.007168645970523357
0.01998235657811165
0.013041925616562366
0.019436800852417946
0.010674986056983471
0.0029397851321846247
0.043551623821258545
0.0005806713597849011
0.0013875799486413598
0.010015632957220078
0.027246015146374702
0.021642906591296196
0.034106094390153885
0.007225874811410904
0.01134137436747551
0.004257049411535263
0.0069810496643185616
0.004163249861449003
0.07147912681102753
0.008305112831294537
0.0009131390834227204
0.0008771877619437873
0.005121718160808086
0.0055255894549191
0.013545112684369087
0.008244417607784271
0.007941562682390213
0.03381434455513954
0.014423828572034836
0.0076946900226175785
0.0004631840856745839
0.005191214848309755
0.0012709349393844604
0.010189677588641644
0.013606833294034004
0.0017700990429148078
0.016046220436692238
0.016810180619359016
0.009240732528269291
0.0017011102754622698
0.010818053036928177
0.004276646766811609
0.005396196618676186
0.020344112068414688
0.010007805190980434
0.013402681797742844
0.016820019111037254
0.010876844637095928
0.009272399358451366
0.01501208171248436
0.015206987038254738
0.015583254396915436
0.007765636313706636
0.00957464799284935
0.013616122305393219
0.011052590794861317
0.011700577102601528
0.004172704182565212
0.007759644649922848
0.01984962448477745
0.010549597442150116
0.003570401342585683
0.002023880835622549
0.015013376250863075
0.001489235321059823
0.006993875373154879
0.007540046703070402
0.005693092010915279
0.011336501687765121
0.006125197745859623
0.00053736986592412
0.032115302979946136
0.03144308179616928
0.0017614475218579173
0.011984284967184067
0.02232189103960991
0.0023957265075296164
0.019765878096222878
0.011525747366249561
0.014715720899403095
0.010702818632125854
0.0004991090390831232
0.01008634828031063
0.01158965565264225
0.25054141879081726
0.0019346059998497367
0.00823136791586876
0.009998464956879616
0.00611350079998374
0.002046504756435752
0.01003294624388218
0.019817372784018517
0.027108795940876007
0.017182325944304466
0.0026202150620520115
0.022739341482520103
0.006437505595386028
0.0005716184386983514
0.006552997976541519
0.0069661689922213554
0.015522698871791363
0.0039169881492853165
0.0034232784528285265
0.017865460366010666
0.022028665989637375
0.005243783816695213
0.00846908614039421
0.009837847203016281
0.00440518232062459
0.0063266754150390625
0.007020489778369665
0.009713595733046532
0.0007383762276731431
0.009912187233567238
0.0033662314526736736
0.014665213413536549
0.010072356089949608
0.004673468880355358
0.00297259958460927
0.013617522083222866
0.006224006414413452
0.0157924834638834
0.01653575710952282
0.0060690026730299
0.017863402143120766
0.005971844308078289
0.008289785124361515
0.009018806740641594
0.0008528662729077041
0.005086322780698538
0.010852718725800514
0.00964532420039177
0.009143589064478874
0.0015948805958032608
0.007040379103273153
0.001762118423357606
0.004091762937605381
0.005093944724649191
0.007363967131823301
0.016976796090602875
0.016510479152202606
0.018668100237846375
0.013704639859497547
0.12097611278295517
0.016514061018824577
0.011964370496571064
0.010882538743317127
0.010615557432174683
0.007925543934106827
0.017011411488056183
0.0017240338493138552
0.013188989832997322
0.008025236427783966
0.039713963866233826
0.004808025900274515
0.0005837397184222937
0.02553747221827507
0.01624472253024578
0.009381705895066261
0.007936721667647362
0.01159949041903019
0.0009253428434021771
0.0038012387230992317
0.0004085280525032431
0.004273031372576952
0.0076135797426104546
0.008831009268760681
0.01588083803653717
0.0004625259607564658
0.0005865205894224346
0.004875153303146362
0.01243752334266901
0.028434574604034424
0.003869562176987529
0.012190062552690506
0.03644626960158348
0.00890631414949894
0.000795783125795424
0.005591272376477718
0.003927682526409626
0.00035199953708797693
0.01903657615184784
0.016898304224014282
0.017588291317224503
0.02866852656006813
0.018920917063951492
0.0034513738937675953
0.0091133126989007
0.011003311723470688
0.014092369936406612
0.020053697749972343
0.013510354794561863
0.04927628114819527
0.006981458514928818
0.008513316512107849
0.007454349659383297
0.01705240085721016
0.013597138226032257
0.007839151658117771
0.0063719074241817
0.03408537060022354
0.009109221398830414
0.008913817815482616
0.011185615323483944
0.01326996274292469
0.05903768539428711
0.006472980137914419
0.030255988240242004
0.007050542160868645
0.012211236171424389
0.00036245619412511587
0.006112299393862486
0.006309791933745146
0.023959841579198837
0.007462038192898035
0.008305886760354042
0.008438426069915295
0.008594251237809658
0.0059373220428824425
0.012053674086928368
0.021222086623311043
0.020528685301542282
0.003496048040688038
0.019025111570954323
0.007877051830291748
0.015448259189724922
0.00511100422590971
0.004422532860189676
0.007675164379179478
0.011095322668552399
0.006639496423304081
0.005727457348257303
0.03159842640161514
0.012930938974022865
0.023883182555437088
0.0218961164355278
0.005886885803192854
0.026658300310373306
0.00411267951130867
0.009081707336008549
0.011292075738310814
0.013289473950862885
0.0009279581718146801
0.009536603465676308
0.011506943963468075
0.011061485856771469
0.003141856286674738
0.015999896451830864
0.005916576832532883
0.004847608972340822
0.007314397022128105
0.024040207266807556
0.009129546582698822
0.006573692429810762
0.06267063319683075
0.009771143086254597
0.010631801560521126
0.1703362613916397
0.014228097163140774
0.03713192045688629
0.020391795784235
0.0029962658882141113
0.02779904380440712
0.0009716812637634575
0.0230160690844059
0.005380682181566954
0.015451774001121521
0.007231445517390966
0.0077680787071585655
0.02149646170437336
0.008018814958631992
0.019585750997066498
0.006124758627265692
0.013205261901021004
0.055806610733270645
0.015265636146068573
0.010523466393351555
0.006617012899369001
0.0077407946810126305
0.012282442301511765
0.0007159523665904999
0.009931351989507675
0.011688416823744774
0.015120716765522957
0.008532959036529064
0.008704890497028828
0.0053709764033555984
0.0006824671872891486
0.009371682070195675
0.004321154672652483
0.008053392171859741
0.0009316583746112883
0.01024659164249897
0.00783732533454895
0.016444701701402664
0.21133862435817719
0.024305714294314384
0.007414820604026318
0.011690600775182247
0.026714012026786804
0.01571759395301342
0.01605117879807949
0.008058127947151661
0.0005846780841238797
0.010484247468411922
0.02117939665913582
0.005380802787840366
0.01458667404949665
0.013929755426943302
0.010789705440402031
0.004774336703121662
0.00266877724789083
0.013902713544666767
0.019234301522374153
0.008389903232455254
0.001340848277322948
0.002357396762818098
0.012518543750047684
0.0007009192486293614
0.008565297350287437
0.0005830377922393382
0.008991939947009087
0.010805046185851097
0.003687913529574871
0.00594839034602046
0.008638782426714897
0.01290159858763218
0.0021231109276413918
0.012705382890999317
0.015179760754108429
0.008272847160696983
0.0005355100729502738
0.004845866933465004
0.008966129273176193
0.0008670713868923485
0.01303437165915966
0.017860975116491318
0.000428157567512244
0.020593736320734024
0.017044225707650185
0.0008177564013749361
0.016250649467110634
0.007365538738667965
0.007819926366209984
0.014990067109465599
0.014754071831703186
0.0027268012054264545
0.007553975097835064
0.003685769159346819
0.008795151486992836
0.020268170163035393
0.00202183541841805
0.006391407456248999
0.014852697029709816
0.012909680604934692
0.007762057241052389
0.006552884355187416
0.010673554614186287
0.0191387627273798
0.0072325607761740685
0.0045905765146017075
0.011217169463634491
0.012423427775502205
0.008847092278301716
0.01415446400642395
0.006783084012567997
0.010994909331202507
0.026541024446487427
0.00035604237928055227
0.02425345778465271
0.0101886922493577
0.0057470789179205894
0.02283567562699318
0.008342856541275978
0.007662400137633085
0.052219413220882416
0.01566782407462597
0.007670661434531212
0.0069604478776454926
0.00941997766494751
0.0003389251069165766
0.022991925477981567
0.011516334488987923
0.017559228464961052
0.015564803965389729
0.00897207111120224
0.014904328621923923
0.016245659440755844
0.0035908855497837067
0.011083655059337616
0.012121463194489479
0.0004985322011634707
0.00490242475643754
0.008545853197574615
0.004309735260903835
0.00632370775565505
0.0006235266337171197
0.010048095136880875
0.030784884467720985
0.01307677011936903
0.0130926463752985
0.014019478112459183
0.00410073809325695
0.018914882093667984
0.01718825101852417
0.02063128724694252
0.010998936370015144
0.0056307557970285416
0.0022849570959806442
0.006763674784451723
0.012786909006536007
0.0092942975461483
0.0008696640143170953
0.01404093112796545
0.0006470172666013241
0.0016634298954159021
0.0041768355295062065
0.0021361897233873606
0.0017166200559586287
0.0009033704409375787
0.000996715622022748
0.022079307585954666
0.004067849367856979
0.008318745531141758
0.0015993011184036732
0.005419953726232052
0.016226865351200104
0.008445888757705688
0.002687988569959998
0.018844403326511383
0.006304632406681776
0.020550072193145752
0.00831981934607029
0.004382126033306122
0.01371274795383215
0.005610956344753504
0.007279411423951387
0.009338896721601486
0.008025194518268108
0.005608980543911457
0.008893501944839954
0.008611664175987244
0.0056473612785339355
0.0008560746209695935
0.009828750044107437
0.005406885873526335
0.005262219347059727
0.014158790931105614
0.016171051189303398
0.014119034633040428
0.00817757286131382
0.00843221414834261
0.005562561098486185
0.004624416586011648
0.04171635955572128
0.0010090802097693086
0.021105831488966942
0.023361317813396454
0.02181694656610489
0.016838494688272476
0.011616431176662445
0.007364013232290745
0.00943166296929121
0.02238692156970501
0.004483455326408148
0.04138157516717911
0.00855256151407957
0.014979458414018154
0.006344898138195276
0.025983568280935287
0.01615922525525093
0.021926114335656166
0.0005601246957667172
0.01631254330277443
0.01189493853598833
0.0011407062411308289
0.021708890795707703
0.011420561000704765
0.01093781553208828
0.0008655921556055546
0.010634109377861023
0.010429062880575657
0.008555933833122253
0.010877146385610104
0.006720970384776592
0.021495871245861053
0.014736874960362911
0.008372937329113483
0.0232903603464365
0.007526993751525879
0.010053162463009357
0.0005229719681665301
0.008256941102445126
0.011044569313526154
0.018798744305968285
0.020395345985889435
0.012802248820662498
0.012921151705086231
0.012226670049130917
0.03414088487625122
0.010687865316867828
0.0348191112279892
0.018774230033159256
0.0384378619492054
0.02831379696726799
0.023629356175661087
0.007476779632270336
0.02106032893061638
0.01413075253367424
0.004305715672671795
0.06731592118740082
0.008073756471276283
0.000576577614992857
0.002540810965001583
0.009913329035043716
0.013814895413815975
0.006603502668440342
0.0029663825407624245
0.004983304068446159
0.006317209452390671
0.0029780645854771137
0.02563529461622238
0.010090972296893597
0.006774870213121176
0.019077854230999947
0.015314078889787197
0.008520549163222313
0.006326526403427124
0.0006835348904132843
0.001762892585247755
0.007729427423328161
0.0018000520067289472
0.015764599665999413
0.012215796858072281
0.012708792462944984
0.008612658828496933
0.004937943071126938
0.0032486417330801487
0.005411314778029919
0.0047155264765024185
0.006268797442317009
0.013461370952427387
0.004594000056385994
0.002744707278907299
0.002455767709761858
0.010462981648743153
0.013317384757101536
0.01168742310255766
0.030821064487099648
0.0009698692592792213
0.00354360556229949
0.011690403334796429
0.006983669940382242
0.010396958328783512
0.0019650280009955168
0.008614675141870975
0.009055476635694504
0.004777183756232262
0.041548699140548706
0.009872576221823692
0.0077612875029444695
0.026649057865142822
0.008643411099910736
0.007725123316049576
0.009863556362688541
0.006735134404152632
0.02782760187983513
0.013047626242041588
0.01676785945892334
0.010552101768553257
0.009168672375380993
0.004757504444569349
0.011024152860045433
0.008686963468790054
0.03216158598661423
0.008603655733168125
0.010092785581946373
0.007622058503329754
0.007097798399627209
0.01029348187148571
0.014609460718929768
0.0086908470839262
0.020735038444399834
0.00380337075330317
0.005918699316680431
0.009643303230404854
0.016999315470457077
0.011453946121037006
0.003808029927313328
0.004901533015072346
0.02048281580209732
0.00714079337194562
0.0188133642077446
0.00789929274469614
0.019546350464224815
0.01313035935163498
0.013761008158326149
0.0028278809040784836
0.011951965279877186
0.0009283211547881365
0.008844203315675259
0.014800664968788624
0.004802916198968887
0.008541535586118698
0.007987871766090393
0.004787245765328407
0.02677949145436287
0.007854118011891842
0.012025751173496246
0.014623122289776802
0.007135710678994656
0.009202252142131329
0.006743432953953743
0.0003802311257459223
0.0077890194952487946
0.015007326379418373
0.0051417481154203415
0.0006234199972823262
0.028701940551400185
0.007437456399202347
0.0025710740592330694
0.01986246556043625
0.03568827360868454
0.005308609455823898
0.006023905239999294
0.001051747240126133
0.013962393626570702
0.012362508103251457
0.009972376748919487
0.011709391139447689
0.011102598160505295
0.007248908281326294
0.017448507249355316
0.02751496434211731
0.006647129077464342
0.014343230053782463
0.008760238066315651
0.0019148371648043394
0.003222872968763113
0.019171886146068573
0.0026659686118364334
0.00944839883595705
0.001394385821186006
0.0013431739062070847
0.0004080377984791994
0.007241333369165659
0.0156965684145689
0.01411048136651516
0.007348278071731329
0.00995928980410099
0.010633192956447601
0.02079795114696026
0.00211427197791636
0.008482051081955433
0.0005968218902125955
0.018298005685210228
0.026895247399806976
0.0018283920362591743
0.010491324588656425
0.014189885929226875
0.027028145268559456
0.006234637927263975
0.034120846539735794
0.01087372750043869
0.008699607104063034
0.015155242756009102
0.002074975287541747
0.01708642765879631
0.0139052364975214
0.011377306655049324
0.009301204234361649
0.030716579407453537
0.043870583176612854
0.00572067778557539
0.016297193244099617
0.012335376814007759
0.002254327293485403
0.008437039330601692
0.01341591589152813
0.02588391676545143
0.01907956972718239
0.015242459252476692
0.008783606812357903
0.008371864445507526
0.008054913021624088
0.0007437685271725059
0.008636749349534512
0.01569645293056965
0.005658356938511133
0.010221031494438648
0.01300804316997528
0.013665924780070782
0.0875183567404747
0.014160826802253723
0.005668364465236664
0.010933514684438705
0.01746605709195137
0.001598523580469191
0.01921716146171093
0.01340349018573761
0.009023459628224373
0.014832209795713425
0.005397312808781862
0.005393359810113907
0.022415604442358017
0.0018681806977838278
0.01740274950861931
0.006738415919244289
0.016956306993961334
0.012633186765015125
0.013338478282094002
0.03508497029542923
0.01683949865400791
0.004510980099439621
0.016217533499002457
0.0003527305962052196
0.007505560293793678
0.0044367434456944466
0.0006653422024101019
0.007642719894647598
0.008445164188742638
0.006323677022010088
0.005708759184926748
0.022766202688217163
0.039938703179359436
0.013572663068771362
0.022482916712760925
0.013767821714282036
0.007561236619949341
0.008672616444528103
0.007681393995881081
0.026454471051692963
0.00560362171381712
0.009590649977326393
0.005109691526740789
0.012580405920743942
0.010805243626236916
0.01360872108489275
0.01174919679760933
0.01517665758728981
0.007339002564549446
0.00032205134630203247
0.0010712349321693182
0.0003092976985499263
0.009008541703224182
0.012337308377027512
0.0010362061439082026
0.014130458235740662
0.009349184110760689
0.007489753887057304
0.012330137193202972
0.01395940687507391
0.005618109367787838
0.012079574167728424
0.011965831741690636
0.009118425659835339
0.0014688309747725725
0.20259374380111694
0.00832311250269413
0.008027409203350544
0.01657717488706112
0.0031591057777404785
0.004854828584939241
0.008715877309441566
0.014184069819748402
0.011487944982945919
0.008901174180209637
0.007497481070458889
0.009467342868447304
0.031246591359376907
0.011728564277291298
0.020558252930641174
0.015950078144669533
0.02198357693850994
0.010564468801021576
0.01357936579734087
0.053077906370162964
0.0049645379185676575
0.0033279939088970423
0.0009148313547484577
0.00891297310590744
0.007551386021077633
0.012141612358391285
0.016635898500680923
0.007638715207576752
0.006588913965970278
0.017548952251672745
0.007345867343246937
0.003016876522451639
0.008287046104669571
0.008841847069561481
0.017678193747997284
0.010882491245865822
0.010721739381551743
0.0010235533118247986
0.00471027847379446
0.02105564810335636
0.0008241606992669404
0.008137157186865807
0.009155647829174995
0.022015631198883057
0.009664365090429783
0.00731701822951436
0.006981324404478073
0.05159411579370499
0.007348532788455486
0.016233479604125023
0.01748780533671379
0.01707872748374939
0.008095253258943558
0.004779983777552843
0.0062900735065341
0.014384491369128227
0.018401890993118286
0.016912246122956276
0.01622563786804676
0.016630373895168304
0.03746839240193367
0.00401840265840292
0.010404471307992935
0.010512430220842361
0.011955875903367996
0.009182162582874298
0.0008657678263261914
0.0008877852815203369
0.003182379761710763
0.006645991001278162
0.009828467853367329
0.004387292545288801
0.022814571857452393
0.0027469911146909
0.012727447785437107
0.007951192557811737
0.07518047839403152
0.03509688749909401
0.01918148435652256
0.0098275700584054
0.016549110412597656
0.009490075521171093
0.010272789746522903
0.012000218033790588
0.022040273994207382
0.0031646171119064093
0.006277964450418949
0.007300761993974447
0.010049495846033096
0.013088647276163101
0.010231392458081245
0.010572194121778011
0.0047613042406737804
0.010797373950481415
0.024606473743915558
0.025025196373462677
0.013807987794280052
0.0074544609524309635
0.0006035786936990917
0.00032318546436727047
0.005575231276452541
0.020224478095769882
0.00882011279463768
0.01297152228653431
0.018453137949109077
0.013063063845038414
0.005578846670687199
0.01029503159224987
0.010836536064743996
0.006035332567989826
0.001447879010811448
0.0015919061843305826
0.006652108859270811
0.017620880156755447
0.011097988113760948
0.007865751162171364
0.005841866135597229
0.002053487580269575
0.14271676540374756
0.004412570968270302
0.022183796390891075
0.008363164961338043
0.0071154749020934105
0.0007122128736227751
0.0022875024005770683
0.012985465116798878
0.010019471868872643
0.017290346324443817
0.0003028489591088146
0.007967144250869751
0.0010810496751219034
0.0029027285054326057
0.06295492500066757
0.006489172577857971
0.006268816068768501
0.007604685146361589
0.006535724736750126
0.009921065531671047
0.00480696652084589
0.029769601300358772
0.002929308917373419
0.007055861875414848
0.007236473262310028
0.0048385802656412125
0.009984757751226425
0.00657947501167655
0.015333600342273712
0.0059415847063064575
0.006312276236712933
0.002630230039358139
0.008780417032539845
0.014187967404723167
0.007877820171415806
0.008625039830803871
0.011138220317661762
0.007231391035020351
0.0017014155164361
0.019858885556459427
0.010724606923758984
0.006847699638456106
0.008282938972115517
0.031789086759090424
0.006612179800868034
0.0012590568512678146
0.00677899643778801
0.007594296708703041
0.018306942656636238
0.024343250319361687
0.024049818515777588
0.0026308069936931133
0.009901232086122036
0.016812121495604515
0.000800124544184655
0.00325170555151999
0.00987754575908184
0.021911779418587685
0.008746780455112457
0.0005779297789558768
0.010908348485827446
0.010340205393731594
0.025069337338209152
0.012047817930579185
0.000374985218513757
0.025209981948137283
0.02901408076286316
0.0036879696417599916
0.010820616036653519
0.01150433998554945
0.012201501987874508
0.016443772241473198
0.009958725422620773
0.09273283928632736
0.007542258128523827
0.0003080202150158584
0.011744976975023746
0.00913640670478344
0.006518354639410973
0.0034305276349186897
0.011324291117489338
0.013790539465844631
0.005139165557920933
0.010484294034540653
0.005216266494244337
0.0006461488083004951
0.005622616969048977
0.007141336798667908
0.026643235236406326
0.015350744128227234
0.01654248684644699
0.010566617362201214
0.03367868810892105
0.005646781995892525
0.015005065128207207
0.005142851732671261
0.012434551492333412
0.012419050559401512
0.03761088103055954
0.0009096344583667815
0.012633591890335083
0.007956446148455143
0.002715032547712326
0.08565667271614075
0.004806105978786945
0.009014236740767956
0.029622554779052734
0.007440146058797836
0.007995921187102795
0.010233447887003422
0.0051564122550189495
0.004312084522098303
0.008824478834867477
0.0004002038622274995
0.009267421439290047
0.017635660246014595
0.023450380191206932
0.006955344695597887
0.010819939896464348
0.014066866599023342
0.013786827214062214
0.009143998846411705
0.0054746042005717754
0.00991904642432928
0.008311103098094463
0.012715560384094715
0.014276165515184402
0.0017778631299734116
0.01042377483099699
0.00036055297823622823
0.0022530024871230125
0.02250494807958603
0.0010827052174136043
0.022442588582634926
0.0004483442462515086
0.019206199795007706
0.0035587274469435215
0.007190141826868057
0.024961432442069054
0.005497185979038477
0.0010086656548082829
0.008065963163971901
0.003627222031354904
0.021219797432422638
0.0227601807564497
0.007999487221240997
0.004099234472960234
0.0005884949350729585
0.0044394806027412415
0.019290871918201447
0.004729690961539745
0.012836448848247528
0.010335806757211685
0.0011765103554353118
0.016936298459768295
0.004674769472330809
0.008415725082159042
0.007010339759290218
0.013370662927627563
0.012315555475652218
0.009553180076181889
0.008812379091978073
0.02092476189136505
0.02793114259839058
0.010083913803100586
0.00670802965760231
0.02332184836268425
0.005759179592132568
0.008314532227814198
0.009297196753323078
0.0074235377833247185
0.011792466044425964
0.024111028760671616
0.0010158992372453213
0.007110597565770149
0.0009678349597379565
0.020622167736291885
0.0028221704997122288
0.0015724634286016226
0.01067061722278595
0.01217849925160408
0.011580202728509903
0.01090571004897356
0.012378426268696785
0.00923423282802105
0.006736446171998978
0.00595710938796401
0.01602862775325775
0.020014502108097076
0.005771371070295572
0.013495475053787231
0.011139161884784698
0.006797216832637787
0.016473978757858276
0.013994477689266205
0.05991887301206589
0.016111930832266808
0.008103244937956333
0.0189270731061697
0.0008835269254632294
0.014186035841703415
0.01949169673025608
0.011809279210865498
0.027839044108986855
0.0008531420025974512
0.009033925831317902
0.013567960821092129
0.03129205107688904
0.011730244383215904
0.016458280384540558
0.009265805594623089
0.008003365248441696
0.004293331876397133
0.02908305451273918
0.01072092168033123
0.0029735949356108904
0.022800588980317116
0.007121250964701176
0.005232261493802071
0.01058727502822876
0.0055763875134289265
0.015206512995064259
0.042751312255859375
0.01488173846155405
0.009660756215453148
0.009710400365293026
0.01014785934239626
0.01707591861486435
0.02718852087855339
0.009071918204426765
0.01999213919043541
0.01688810996711254
0.009662864729762077
0.005004200618714094
0.01714969053864479
0.01440935768187046
0.01257823221385479
0.0003225212567485869
0.0032247474882751703
0.019259052351117134
0.008969505317509174
0.01048074010759592
0.01100985798984766
0.020326532423496246
0.008918095380067825
0.009202217683196068
0.007017757743597031
0.006268857046961784
0.00609944574534893
0.015353825874626637
0.0041879042983055115
0.02804771438241005
0.006555731408298016
0.009055539965629578
0.02770024538040161
0.00815996527671814
0.005223878659307957
0.002219907473772764
0.022895101457834244
0.006714416667819023
0.007135588210076094
0.008018631488084793
0.0006349002942442894
0.003248840570449829
0.01306852325797081
0.03575582057237625
0.011387266218662262
0.0007954794564284384
0.007694805972278118
0.00783486943691969
0.0023471396416425705
0.02145535871386528
0.00890110619366169
0.015543668530881405
0.013482380658388138
0.016530346125364304
0.03882186859846115
0.007318239193409681
0.014072561636567116
0.060245778411626816
0.007993647828698158
0.018645482137799263
0.018118487671017647
0.0067758336663246155
0.010322063229978085
0.021216120570898056
0.01649746671319008
0.0029768706299364567
0.003749201539903879
0.003312612883746624
0.005658678710460663
0.007717134431004524
0.0075586470775306225
0.016073334962129593
0.0055080377496778965
0.007738468237221241
0.009850379079580307
0.009683673270046711
0.003560897894203663
0.014939554035663605
0.013977844268083572
0.011277354322373867
0.008369095623493195
0.00863579474389553
0.006039496045559645
0.026061564683914185
0.009141393005847931
0.01473801676183939
0.010684821754693985
0.033620014786720276
0.0013964512618258595
0.013654280453920364
0.014183216728270054
0.0057219588197767735
0.005447789561003447
0.01570039428770542
0.004135773982852697
0.006353437900543213
0.03837548941373825
0.01060168631374836
0.016074804589152336
0.06280137598514557
0.003117990680038929
0.007681532762944698
0.014358301647007465
0.006935661192983389
0.01277218759059906
0.0014144482556730509
0.019638527184724808
0.0045817079953849316
0.008638564497232437
0.038503482937812805
0.0053058285266160965
0.02106407657265663
0.00612821476534009
0.006685718894004822
0.032881733030080795
0.0005018752999603748
0.015157810412347317
0.005793391726911068
0.04409056156873703
0.011601516976952553
0.00970742292702198
0.01481795683503151
0.0006076156860217452
0.009048347361385822
0.022589759901165962
0.006378155201673508
0.0007162230904214084
0.0002564620808698237
0.010715663433074951
0.0018584458157420158
0.0074933613650500774
0.004796238616108894
0.012771949172019958
0.014524063095450401
0.013074488379061222
0.0007834197022020817
0.007020485121756792
0.014401858672499657
0.005393669940531254
0.009541484527289867
0.012987565249204636
0.007377358619123697
0.010638383217155933
0.010723781771957874
0.013439140282571316
0.01047710794955492
0.00930638238787651
0.01379324123263359
0.010036248713731766
0.007468661293387413
0.02731238678097725
0.007219030987471342
0.00997067242860794
0.006177432369440794
0.008314389735460281
0.0010507488623261452
0.0018780120881274343
0.00837904866784811
0.0076034110970795155
0.014896601438522339
0.008847606368362904
0.019728131592273712
0.003827630542218685
0.021984616294503212
0.004807275254279375
0.0052698226645588875
0.009167928248643875
0.022467317059636116
0.005275914445519447
0.004313095007091761
0.00925227627158165
0.011422615498304367
0.005608901847153902
0.003369912039488554
0.010651172138750553
0.012781955301761627
0.013605589978396893
0.014173436909914017
0.01100036222487688
0.0008284221403300762
0.007188825868070126
0.0015065268380567431
0.03438562899827957
0.0006515315035358071
0.01671409234404564
0.007211308926343918
0.03163595497608185
0.0038340911269187927
0.0064393519423902035
0.016810957342386246
0.0027363949920982122
0.007822968065738678
0.015449730679392815
0.0009209839045070112
0.0005931712221354246
0.015367323532700539
0.0016785833286121488
0.01299048401415348
0.003222779603675008
0.04845299571752548
0.001699086744338274
0.0021837716922163963
0.009913580492138863
0.007810418028384447
0.01775059476494789
0.036092568188905716
0.0018257189076393843
0.010869862511754036
0.00109081098344177
0.012285618111491203
0.009564626961946487
0.036995962262153625
0.0007914709858596325
0.007451050914824009
0.005089655518531799
0.0020756337326020002
0.0007163960835896432
0.008151127956807613
0.024259798228740692
0.006413924042135477
0.00046520805335603654
0.007676858454942703
0.016758715733885765
0.007002374157309532
0.008180622942745686
0.009239793755114079
0.0028315044473856688
0.013001211918890476
0.0077240667305886745
0.012011881917715073
0.015091000124812126
0.007691851817071438
0.016771843656897545
0.0007904675439931452
0.01581594906747341
0.008507278747856617
0.011972569860517979
0.004341524560004473
0.02715924009680748
0.0009541569743305445
0.040611982345581055
0.012139605358242989
0.01565651036798954
0.02846861630678177
0.05403818190097809
0.008229558356106281
0.0023284845519810915
0.005361401941627264
0.005802837200462818
0.005278157535940409
0.009034053422510624
0.010581382550299168
0.01908615604043007
0.017916539683938026
0.007830171845853329
0.01619292050600052
0.037721678614616394
0.0005165120819583535
0.008273566141724586
0.0189448781311512
0.010629313066601753
0.020101986825466156
0.0073125604540109634
0.014974995516240597
0.003181933192536235
0.008040170185267925
0.020702507346868515
0.005241684149950743
0.00721131544560194
0.007936405017971992
0.023835286498069763
0.002004938432946801
0.004603817127645016
0.0042548878118395805
0.004542508162558079
0.4019198417663574
0.005882955156266689
0.011113878339529037
0.007735914085060358
0.01128009520471096
0.006566772237420082
0.01485951617360115
0.0002754508750513196
0.012719126418232918
0.014347939752042294
0.00339744845405221
0.0068630194291472435
0.007539740763604641
0.006892218720167875
0.03212106600403786
0.0027055467944592237
0.12233363091945648
0.006490249186754227
0.012865838594734669
0.010858484543859959
0.007544799707829952
0.0005123242153786123
0.012478677555918694
0.004644347354769707
0.015124375000596046
0.015270009636878967
0.007222389802336693
0.015150835737586021
0.009602699428796768
0.0122924093157053
0.0032064204569905996
0.013758549466729164
0.006474969442933798
0.026410164311528206
0.004124104045331478
0.013345072977244854
0.00723038986325264
0.008196521550416946
0.004258301109075546
0.012031475082039833
0.031756214797496796
0.007067481987178326
0.003822630736976862
0.019917186349630356
0.013277603313326836
0.01152702048420906
0.02461390197277069
0.006623852998018265
0.011893723160028458
0.019192200154066086
0.008017245680093765
0.006326583679765463
0.008223950862884521
0.006786129903048277
0.0019238358363509178
0.0013047504471614957
0.010518237017095089
0.017372094094753265
0.012702669017016888
0.013433074578642845
0.013565504923462868
0.07688053697347641
0.010098098777234554
0.0018185705412179232
0.01243315264582634
0.0196966715157032
0.022225074470043182
0.008052305318415165
0.008187010884284973
0.01175308134406805
0.008030334487557411
0.0015246260445564985
0.009212571196258068
0.010359317064285278
0.01577259972691536
0.00511850556358695
0.0015094468835741282
0.11507177352905273
0.009076518006622791
0.008133821189403534
0.003554150927811861
0.002694046124815941
0.016653161495923996
0.010386928915977478
0.032694365829229355
0.011921564117074013
0.009478139691054821
0.013720903545618057
0.017680928111076355
0.02545243129134178
0.0007583813858218491
0.012913975864648819
0.003561965189874172
0.007215005345642567
0.000951878959313035
0.010714204981923103
0.03129374608397484
0.010566435754299164
0.001620516530238092
0.002910247538238764
0.00650421716272831
0.02128983475267887
0.018320318311452866
0.009111208841204643
0.024114960804581642
0.00457913801074028
0.01701064594089985
0.025094693526625633
0.004205985926091671
0.003074356820434332
0.016663599759340286
0.004206608049571514
0.004526997916400433
0.040869854390621185
0.006615340244024992
0.0142851946875453
0.0153190353885293
0.011705398559570312
0.013883240520954132
0.009417812339961529
0.023233026266098022
0.017943302169442177
0.008738675154745579
0.006939453072845936
0.010634137317538261
0.006982614751905203
0.005832302384078503
0.0008018529624678195
0.008179147727787495
0.019772334024310112
0.017099466174840927
0.0007739336579106748
0.006902790628373623
0.0009135393192991614
0.009672222658991814
0.008628135547041893
0.00044305447954684496
0.021264206618070602
0.006570674013346434
0.0028629701118916273
0.017669551074504852
0.007220178376883268
0.0008186129271052778
0.00993834063410759
0.008481462486088276
0.010573226027190685
0.011177432723343372
0.00029467325657606125
0.012000273913145065
0.009430479258298874
0.003101537935435772
0.006275556981563568
0.01502276211977005
0.020258836448192596
0.011475350707769394
0.0013236025115475059
0.05083709955215454
0.007810312323272228
0.025029826909303665
0.0067206211388111115
0.0025672554038465023
0.04533958062529564
0.0018325203564018011
0.013224543072283268
0.030269542708992958
0.010539187118411064
0.012295273132622242
0.005109142046421766
0.0031424686312675476
0.002937878714874387
0.0011815640609711409
0.008736173622310162
0.010556409135460854
0.014296221546828747
0.014423837885260582
0.008371526375412941
0.0016276921378448606
0.022615736350417137
0.005449230782687664
0.007387267891317606
0.00929255411028862
0.012786458246409893
0.01843179389834404
0.015462363138794899
0.016664860770106316
0.04482807219028473
0.0032989555038511753
0.021705444902181625
0.004703791346400976
0.020801203325390816
0.007497072219848633
0.009136555716395378
0.0233080442994833
0.011063916608691216
0.000589087838307023
0.005092476960271597
0.018452541902661324
0.0023602573201060295
0.01281250175088644
0.010100675746798515
0.01780533790588379
0.001299127470701933
0.01217581145465374
0.010967674665153027
0.007185307331383228
0.005584861151874065
0.017919890582561493
0.007669007871299982
0.004953850992023945
0.009226610884070396
0.007801947183907032
0.0054750568233430386
0.015754828229546547
0.014619052410125732
0.02015628106892109
0.01186609547585249
0.013380669988691807
0.0003978461027145386
0.010795055888593197
0.03140634670853615
0.06488549709320068
0.011410936713218689
0.018931720405817032
0.011672142893075943
0.005480972118675709
0.0114695243537426
0.00045209910604171455
0.009065886959433556
0.021274138242006302
0.014599879272282124
0.0072761946357786655
0.005478927865624428
0.009988917037844658
0.008472882211208344
0.010530717670917511
0.016264811158180237
0.016917061060667038
0.003799660364165902
0.016890712082386017
0.013621975667774677
0.01371002197265625
0.02796459011733532
0.007810778915882111
0.007309874519705772
0.0094809141010046
0.05702737718820572
0.008660875260829926
0.029717272147536278
0.01278600748628378
0.02683301456272602
0.010720458813011646
0.016215350478887558
0.008445200510323048
0.015879973769187927
0.008535458706319332
0.004074267111718655
0.002606089459732175
0.01745149865746498
0.010979153215885162
0.008458970114588737
0.020619193091988564
0.012903038412332535
0.03586259484291077
0.009573733434081078
0.00583384744822979
0.0232163704931736
0.008002247661352158
0.0006166726816445589
0.002065121429041028
0.004596722312271595
0.008317304775118828
0.0011542869033291936
0.016458654776215553
0.013598481193184853
0.019636301323771477
0.011470962315797806
0.017289448529481888
0.007465331815183163
0.02200867421925068
0.007243447471410036
0.012497037649154663
0.012585241347551346
0.01284126378595829
0.000499210087582469
0.01767059788107872
0.018754050135612488
0.005046104080975056
0.0030304468236863613
0.0075267162173986435
0.03659997880458832
0.023500245064496994
0.014083629474043846
0.037970349192619324
0.01857912354171276
0.004621105268597603
0.010603808797895908
0.014737331308424473
0.012782791629433632
0.002185154240578413
0.008683647960424423
0.008825990371406078
0.009040811099112034
0.0029186843894422054
0.0017575436504557729
0.014923269860446453
0.013250354677438736
0.01819632202386856
0.007482009008526802
0.008500147610902786
0.008168884553015232
0.021449491381645203
0.006299988366663456
0.011685322970151901
0.011538809165358543
0.010017018765211105
0.008708225563168526
0.00619161780923605
0.014609496109187603
0.007938339374959469
0.004144099075347185
0.015742357820272446
0.012559818103909492
0.006364582106471062
0.00036236451705917716
0.005723109934478998
0.052229806780815125
0.02254239097237587
0.0085285734385252
0.008964425884187222
0.020560691133141518
0.0027109957300126553
0.0014544696314260364
0.0034929553512483835
0.006897364743053913
0.0049409582279622555
0.0057861292734742165
0.0012095560086891055
0.005916415248066187
0.01842387393116951
0.012176331132650375
0.020641645416617393
0.0067454553209245205
0.007676331326365471
0.0027399486862123013
0.009325572289526463
0.0032273647375404835
0.0038300608284771442
0.015004124492406845
0.01858740672469139
0.01077995728701353
0.008688020519912243
0.010887183248996735
0.011645093560218811
0.004343034699559212
0.011624105274677277
0.00335803534835577
0.005791779607534409
0.009594355709850788
0.0060279276221990585
0.0005811415612697601
0.003010891145095229
0.037802454084157944
0.010116158053278923
0.018659809604287148
0.006612565368413925
0.0062081641517579556
0.0016216917429119349
0.005940556526184082
0.038100384175777435
0.007243830244988203
0.005950655788183212
0.012161530554294586
0.0017140954732894897
0.012121457606554031
0.012259342707693577
0.005383002106100321
0.015312910079956055
0.01446442399173975
0.009974882937967777
0.003502829233184457
0.008440440520644188
0.020062070339918137
0.011820441111922264
0.0070076375268399715
0.01533324271440506
0.0042109061032533646
0.01034223660826683
0.004888610448688269
0.01852922886610031
0.0057765343226492405
0.010247287340462208
0.0006789640174247324
0.004312893375754356
0.052225083112716675
0.0026548579335212708
0.008361845277249813
0.01891258917748928
0.0008710530819371343
0.007521527353674173
0.013547479175031185
0.013582764193415642
0.005582010839134455
0.011966087855398655
0.004143371246755123
0.018539726734161377
0.0605585016310215
0.0005362507072277367
0.0017191215883940458
0.00326260132715106
0.010542459785938263
0.1072646826505661
0.009844627231359482
0.000995064852759242
0.00982937403023243
0.0029405641835182905
0.014663482084870338
0.009096683003008366
0.006581079214811325
0.011045325547456741
0.006407984998077154
0.017882375046610832
0.007234291639178991
0.016282010823488235
0.010155772790312767
0.01670195907354355
0.008332193829119205
0.0200080294162035
0.009043612517416477
0.0044489516876637936
0.00823138002306223
0.0008480019751004875
0.01013216096907854
0.002970086643472314
0.03878863900899887
0.007491996977478266
0.006158980540931225
0.007801933214068413
0.0005801401566714048
0.011506900191307068
0.0003694519109558314
0.005375480279326439
0.014750238507986069
0.007053480017930269
0.010757287964224815
0.023968884721398354
0.004443826153874397
0.00015987218648660928
0.003939961548894644
0.0005753469304181635
0.00023465696722269058
0.010959691368043423
0.009412581101059914
0.007640321739017963
0.010775787755846977
0.043518148362636566
0.003409450640901923
0.030313551425933838
0.006750355940312147
0.022192735224962234
0.0029835188761353493
0.009961217641830444
0.012059970758855343
0.034223541617393494
0.014184242114424706
0.009829465299844742
0.012375288642942905
0.006833432242274284
0.011105462908744812
0.0016740127466619015
0.013629328459501266
0.016442693769931793
0.004828307777643204
0.02079141139984131
0.0004160915268585086
0.020745227113366127
0.007785259746015072
0.01295504905283451
0.01209620013833046
0.012051927857100964
0.006714199669659138
0.01755344122648239
0.007356457412242889
0.020315054804086685
0.008642389439046383
0.015925956889986992
0.0043442510068416595
0.0071993195451796055
0.007442828733474016
0.006999195087701082
0.004911603406071663
0.001514953444711864
0.017224516719579697
0.009165272116661072
0.0056082019582390785
0.011319221928715706
0.01979384943842888
0.0054184868931770325
0.06706502288579941
0.011784587055444717
0.01470023300498724
0.004497963935136795
0.03426054120063782
0.006417127326130867
0.00937913078814745
0.004531741142272949
0.009151596575975418
0.007518415339291096
0.03912321478128433
0.008342652581632137
0.009599154815077782
0.009026989340782166
0.0010921607026830316
0.00024339486844837666
0.01175819244235754
0.0057238321751356125
0.0003472832031548023
0.0007943228119984269
0.010400095954537392
0.01336064375936985
0.01823543757200241
0.001544159953482449
0.0013729966012760997
0.0013907739194110036
0.011407846584916115
0.007966013625264168
0.00607472425326705
0.007416127249598503
0.006013635080307722
0.015572658739984035
0.018877314403653145
0.0019516237080097198
0.004021859262138605
0.009624868631362915
0.006930441129952669
0.0009212442673742771
0.015098011121153831
0.04919461905956268
0.006803378462791443
0.007148474454879761
0.01664162427186966
0.03197893500328064
0.0077618882060050964
0.0014094091020524502
0.016475824639201164
0.01764954999089241
0.013200217857956886
0.011120136827230453
0.029683545231819153
0.006173068657517433
0.027375999838113785
0.006897276733070612
0.045765072107315063
0.010869430378079414
0.010566312819719315
0.00525458250194788
0.010108481161296368
0.02843337506055832
0.002988889580592513
0.013819735497236252
0.03473464772105217
0.02255416102707386
0.0035467029083520174
0.009509336203336716
0.006213115528225899
0.005367383826524019
0.011735109612345695
0.003309943713247776
0.02333688735961914
0.0068542808294296265
0.027183987200260162
0.0009272909956052899
0.009552711620926857
0.004784052260220051
0.008148053660988808
0.007734043523669243
0.019618259742856026
0.009017253294587135
0.018203940242528915
0.019161861389875412
0.012689902447164059
0.006352166645228863
0.0018050494836643338
0.00041820635669864714
0.009160425513982773
0.007598336320370436
0.00887758657336235
0.022327465936541557
0.006870951969176531
0.0019326650071889162
0.014922047033905983
0.008136868476867676
0.0365934893488884
0.008614998310804367
0.007936323061585426
0.011382625438272953
0.00889774039387703
0.03264288976788521
0.0003467972273938358
0.015411206521093845
0.02503027208149433
0.005414555314928293
0.011044520884752274
0.004221259616315365
0.005901004187762737
0.0032867605332285166
0.014741282910108566
0.008860954083502293
0.014455417171120644
0.05553433671593666
0.000880630686879158
0.012705452740192413
0.005785001907497644
0.011367869563400745
0.012948662973940372
0.01980762928724289
0.04922296479344368
0.005831762216985226
0.020557109266519547
0.01104753278195858
0.004549815319478512
0.01416977308690548
0.0074245622381567955
0.02197219803929329
0.007543771993368864
0.01910783350467682
0.01999913528561592
0.009085518307983875
0.030870303511619568
0.005701422691345215
0.009692682884633541
0.0008858696673996747
0.009400994516909122
0.014878001064062119
0.019005564972758293
0.005165973678231239
0.022693252190947533
0.0060607679188251495
0.010655345395207405
0.00844578817486763
0.007941607385873795
0.00763839203864336
0.00825022254139185
0.006890962831676006
0.004404583480209112
0.003338643815368414
0.0009603862417861819
0.016111360862851143
0.01950988918542862
0.054933756589889526
0.01306268759071827
0.007118090521544218
0.005660546012222767
0.007814045064151287
0.02289632521569729
0.013386719860136509
0.015390317887067795
0.011414369568228722
0.011396465823054314
0.013124189339578152
0.008369149640202522
0.005747009534388781
0.010131499730050564
0.02843899466097355
0.06054811179637909
0.018428731709718704
0.03055723011493683
0.006381518207490444
0.0007795143174007535
0.007631932385265827
0.007376275956630707
0.013221794739365578
0.0006145073566585779
0.014284531585872173
0.01757168211042881
0.0120445117354393
0.006969536654651165
0.004270092584192753
0.010286922566592693
0.0046562310308218
0.012727875262498856
0.009800908155739307
0.012026650831103325
0.007525687105953693
0.000890713999979198
0.0010390281677246094
0.018030771985650063
0.0008137271506711841
0.015352284535765648
0.005084620323032141
0.012529678642749786
0.002888851333409548
0.02024323306977749
0.006752544082701206
0.014769116416573524
0.028597785159945488
0.01912495121359825
0.012191100046038628
0.00590643472969532
0.011680454015731812
0.011982046067714691
0.010402891784906387
0.0063016354106366634
0.010939216241240501
0.0031439452432096004
0.01273827813565731
0.01259551476687193
0.016911882907152176
0.1430487334728241
0.009579507634043694
0.019358351826667786
0.016992833465337753
0.02407071180641651
0.017004195600748062
0.07566206157207489
0.009879346936941147
0.0055184392258524895
0.02828552946448326
0.03027353435754776
0.012771383859217167
0.008557050488889217
0.03950294852256775
0.009397728368639946
0.003612745087593794
0.007976425811648369
0.01325500663369894
0.01475277915596962
0.0006689932197332382
0.014483261853456497
0.011519829742610455
0.00018797865777742118
0.0009085883502848446
0.045165762305259705
0.010035235434770584
0.00472469674423337
0.004374064039438963
0.0036144149489700794
0.009840679354965687
0.004383019171655178
0.010260130278766155
0.009739875793457031
0.0035684010945260525
0.01513851247727871
0.007505073212087154
0.009122218936681747
0.014040425419807434
0.013507946394383907
0.0014632213860750198
0.004019542131572962
0.016150759533047676
0.007136174943298101
0.014519261196255684
0.03793656826019287
0.006935489363968372
0.025463765487074852
0.009102314710617065
0.025940313935279846
0.001988738076761365
0.005024428479373455
0.0013135100016370416
0.04125172644853592
0.007273415103554726
0.03505899757146835
0.007161908783018589
0.009644110687077045
0.04801870509982109
0.010460667312145233
0.008160648867487907
0.0016780993901193142
0.0020878370851278305
0.0017343139043077826
0.02134348265826702
0.02041301690042019
0.0006626505637541413
0.010036000981926918
0.046084560453891754
0.007029639557003975
0.006079704500734806
0.0057412367314100266
0.025894757360219955
0.010713671334087849
0.007165193557739258
0.0036983988247811794
0.0065353685058653355
0.012181186117231846
0.010022539645433426
0.006224155426025391
0.0046224938705563545
0.01877642422914505
0.007200661115348339
0.009000173769891262
0.012610827572643757
0.0023560868576169014
0.017365260049700737
0.005694420076906681
0.03703510761260986
0.006984199397265911
0.026730358600616455
0.020319385454058647
0.03014380857348442
0.011510830372571945
0.012758379802107811
0.011158186011016369
0.0005161956651136279
0.012993617914617062
0.027436120435595512
0.01536278985440731
0.00820394791662693
0.00858499389141798
0.0007768570212647319
0.01467135176062584
0.02276856079697609
0.01491834782063961
0.012648258358240128
0.00046751502668485045
0.006340296473354101
0.008024175651371479
0.014199545606970787
0.009450899437069893
0.03151093050837517
0.009800855070352554
0.004209163598716259
0.04750271141529083
0.014070119708776474
0.025597432628273964
0.0037195077165961266
0.006558022927492857
0.009721658192574978
0.016621585935354233
0.0133693041279912
0.0027672413270920515
0.00900367833673954
0.014128407463431358
0.08103156089782715
0.006628990173339844
0.011286371387541294
0.06677123159170151
0.00895688310265541
0.019880007952451706
0.01221177726984024
0.01634211093187332
0.012268265709280968
0.015225292183458805
0.010396018624305725
0.007468934170901775
0.004284249152988195
0.06610345095396042
0.014908978715538979
0.001314049120992422
0.009430586360394955
0.00820096954703331
0.02920960821211338
0.006630985997617245
0.014067482203245163
0.010435255244374275
0.0313820019364357
0.0002596944977995008
0.015864798799157143
0.012742817401885986
0.006462080404162407
0.011132474057376385
0.005356819834560156
0.02206447906792164
0.03228923678398132
0.008952505886554718
0.008305097930133343
0.00723479688167572
0.008379713632166386
0.006962146610021591
0.00960422120988369
0.009091375395655632
0.00356395379640162
0.0008191335946321487
0.006873533129692078
0.0086546391248703
0.018268417567014694
0.02108835056424141
0.009812375530600548
0.011461668647825718
0.013263123109936714
0.005562624428421259
0.013078073970973492
0.01245610136538744
0.009685146622359753
0.014074103906750679
0.003940469119697809
0.017069876194000244
0.007855379953980446
0.013230688869953156
0.00368270231410861
0.01568552479147911
0.020984729751944542
0.008624579757452011
0.004241535440087318
0.021554801613092422
0.0008895712671801448
0.01177334412932396
0.023897269740700722
0.011229951865971088
0.010387454181909561
0.0033619478344917297
0.004548029042780399
0.006856944411993027
0.007653693202883005
0.0010853667045012116
0.014711068943142891
0.008856484666466713
0.004400826990604401
0.011953442357480526
0.010305346921086311
0.00034061423502862453
0.006468636449426413
0.0049458895809948444
0.08032338321208954
0.02848990634083748
0.005196502897888422
0.004972316790372133
0.01707031950354576
0.02862437814474106
0.009263711981475353
0.005393571220338345
0.0073356530629098415
0.006578133441507816
0.0074055870063602924
0.014256015419960022
0.03312808275222778
0.0009374250657856464
0.008944789879024029
0.0020748497918248177
0.005332971923053265
0.010975414887070656
0.006370559334754944
0.01812371239066124
0.015552017837762833
0.00865409430116415
0.0037879841402173042
0.0017032802570611238
0.008721789345145226
0.05204324424266815
0.0012155978474766016
0.010343071073293686
0.02962847240269184
0.0037337355315685272
0.005455179139971733
0.002531650708988309
0.062017813324928284
0.023942410945892334
0.009830405004322529
0.015328990295529366
0.003654755186289549
0.011526972986757755
0.0011804243549704552
0.005449250806123018
0.06278771162033081
0.0115568982437253
0.015943782404065132
0.00047940824879333377
0.02318965084850788
0.006614480167627335
0.0018653238657861948
0.00945427268743515
0.024444762617349625
0.005077045876532793
0.013237260282039642
0.00804744940251112
0.0759957879781723
0.04519012197852135
0.009134238585829735
0.01583521068096161
0.007469290401786566
0.0010362728498876095
0.0056435586884617805
0.013336717151105404
0.009724416770040989
0.007780871354043484
0.019843555986881256
0.0024480046704411507
0.0013738806592300534
0.009243827313184738
0.018884634599089622
0.0030661122873425484
0.005599726922810078
0.008509267121553421
0.011071572080254555
0.010928701609373093
0.02037057839334011
0.026534508913755417
0.008025802671909332
0.013489184901118279
0.005559844430536032
0.004980848170816898
0.009800774976611137
0.03657921403646469
0.00048749419511295855
0.010522809810936451
0.00854612048715353
0.0007597967050969601
0.0003332175547257066
0.007207829505205154
0.02297162637114525
0.010352346114814281
0.005699628032743931
0.0269228033721447
0.01645611971616745
0.00904116965830326
0.014389533549547195
0.001962010283023119
0.0074460385367274284
0.0029665236361324787
0.005786635912954807
0.02826029062271118
0.00704543199390173
0.008890843950212002
0.009609613567590714
0.004597358405590057
0.012070447206497192
0.02142573520541191
0.013430474326014519
0.010893819853663445
0.010710380971431732
0.003210244234651327
0.004440976306796074
0.01294495165348053
0.01552851777523756
0.0005504724103957415
0.020291566848754883
0.002508479403331876
0.008316283114254475
0.00795489177107811
0.017096204683184624
0.028615187853574753
0.009378316812217236
0.005785020068287849
0.030319754034280777
0.009364763274788857
0.005635032430291176
0.011544871143996716
0.018106650561094284
0.02220647595822811
0.011221632361412048
0.013509565964341164
0.00031549044069834054
0.018875546753406525
0.011700673960149288
0.011356668546795845
0.02631358802318573
0.013544815592467785
0.004562521353363991
0.008409528061747551
0.01027289405465126
0.01492331549525261
0.008893268182873726
0.014746461063623428
0.010282967239618301
0.04786886274814606
0.0075522963888943195
0.01639590598642826
0.03119106963276863
0.016520453616976738
0.029996037483215332
0.006998135708272457
0.005391613580286503
0.012451560236513615
0.002078060992062092
0.012461512349545956
0.007362019270658493
0.016026262193918228
0.026394503191113472
0.005749979987740517
0.0074637699872255325
0.009844306856393814
0.004774254281073809
0.008939618244767189
0.03088725358247757
0.000462631753180176
0.010829534381628036
0.0019097927724942565
0.010411316528916359
0.005326801910996437
0.0011182765010744333
0.025566499680280685
0.02799662947654724
0.005253571085631847
0.012989979237318039
0.0294448621571064
0.00452353386208415
0.00554610975086689
0.007572832517325878
0.00881761685013771
0.009205814450979233
0.011228514835238457
0.0007854144205339253
0.008428126573562622
0.018338942900300026
0.025359131395816803
0.007940704002976418
0.0005464315181598067
0.0738443061709404
0.014442337676882744
0.00675002858042717
0.00022653842461295426
0.007757558487355709
0.0169856958091259
0.0005292509449645877
0.003661156864836812
0.0016281998250633478
0.0023845313116908073
0.016855059191584587
0.017314573749899864
0.0013761235168203712
0.0030619732569903135
0.022083532065153122
0.010198882780969143
0.009197104722261429
0.04756251722574234
0.007600423879921436
0.0006147612584754825
0.005214083474129438
0.0006689869915135205
0.009667739272117615
0.015195878222584724
0.005035118665546179
0.08059675991535187
0.014434176497161388
0.016104215756058693
0.0007693485240451992
0.029139792546629906
0.014431641437113285
0.003297025104984641
0.008096595294773579
0.007525439374148846
0.011935164220631123
0.029052916914224625
0.0038972878828644753
0.005464637652039528
0.026489626616239548
0.004023539833724499
0.005936210043728352
0.006479241885244846
0.037690069526433945
0.011797799728810787
0.01620837301015854
0.0036415548529475927
0.005926698446273804
0.0005020649987272918
0.0029109646566212177
0.01251402497291565
0.008557727560400963
0.019555021077394485
0.013539658859372139
0.003927194979041815
0.04528968408703804
0.007184802554547787
0.013144639320671558
0.0006029574433341622
0.031098810955882072
0.0011897535296157002
0.004941237159073353
0.002620917512103915
0.009834490716457367
0.0006006794865243137
0.0073642306961119175
0.011869239620864391
0.01032174937427044
0.004158968571573496
0.008396422490477562
0.015653148293495178
0.02965249866247177
0.0025802073068916798
0.011116573587059975
0.0025517502799630165
0.0126016391441226
0.006194913759827614
0.0014962221030145884
0.012313787825405598
0.018291572108864784
0.025283735245466232
0.007381304167211056
0.014080915600061417
0.001466419198550284
0.001216170028783381
0.008064244873821735
0.001844337792135775
0.022670911625027657
0.009303166531026363
0.015296682715415955
0.006609840784221888
0.003457857295870781
0.011275983415544033
0.0060007753781974316
0.00619654031470418
0.01166766881942749
0.006645411252975464
0.007929155603051186
0.002354774158447981
0.016800329089164734
0.0006564229843206704
0.00988155510276556
0.0072018601931631565
0.010103605687618256
0.018135644495487213
0.003912553656846285
0.01090778224170208
0.0011132380459457636
0.009174874052405357
0.23835617303848267
0.01585186831653118
0.000762236537411809
0.00583911407738924
0.010928630828857422
0.003398119006305933
0.0065672751516103745
0.02197626233100891
0.012339267879724503
0.008296576328575611
0.01597036048769951
0.00914863683283329
0.0010162184480577707
0.005539781413972378
0.014947975054383278
0.008092068135738373
0.005226699635386467
0.014107435010373592
0.0011126662138849497
0.009768515825271606
0.0010999079095199704
0.041519567370414734
0.007993892766535282
0.0103707080706954
0.0627460777759552
0.009277984499931335
0.007605651393532753
0.010997917503118515
0.0015551191754639149
0.005616004578769207
0.01604299619793892
0.020785685628652573
0.00621555931866169
0.010631352663040161
0.01866193860769272
0.007499700412154198
0.024284938350319862
0.006770114880055189
0.012819860130548477
0.004941130522638559
0.009916294366121292
0.011906372383236885
0.007941252551972866
0.002611679956316948
0.024195384234189987
0.012143854983150959
0.029616504907608032
0.003951892722398043
0.009807407855987549
0.01099514402449131
0.00804159790277481
0.007663409225642681
0.0007306939223781228
0.006516788154840469
0.010926147922873497
0.006635299883782864
0.005980013869702816
0.020650548860430717
0.005111481063067913
0.006907015107572079
0.018926940858364105
0.0006410367204807699
0.012029070407152176
0.0027863315772265196
0.007944428361952305
0.0016659086104482412
0.007925225421786308
0.008313912898302078
0.010097475722432137
0.025355875492095947
0.0002831568708643317
0.024039505049586296
0.0058587887324392796
0.5396296977996826
0.0161589328199625
0.008153440430760384
0.0008380283834412694
0.018462199717760086
0.0006542234914377332
0.009312175214290619
0.016616346314549446
0.023704268038272858
0.031724873930215836
0.013682113960385323
0.012827783823013306
0.0011541744461283088
0.0077326358295977116
0.01149498950690031
0.0004909875569865108
0.013987874612212181
0.02364835888147354
0.01504107192158699
0.00837981328368187
0.003652215236797929
0.005732657387852669
0.052283454686403275
0.006893903017044067
0.0031811227090656757
0.0072865961119532585
0.008435574360191822
0.004409424029290676
0.0052640861831605434
0.011164788156747818
0.009657922200858593
0.020230982452630997
0.028602156788110733
0.020224153995513916
0.010205147787928581
0.007413805462419987
0.023892225697636604
0.011893765069544315
0.01075664721429348
0.013529809191823006
0.018811563029885292
0.01579844392836094
0.003727208822965622
0.006771390326321125
0.013426671735942364
0.009909197688102722
0.01504446379840374
0.012525995261967182
0.013752050697803497
0.009539535269141197
0.022456565871834755
0.0005400121444836259
0.027981657534837723
0.015259512700140476
0.0035362686030566692
0.023069046437740326
0.011638076975941658
0.0018405455630272627
0.0007376844878308475
0.009154676459729671
0.013219421729445457
0.011678455397486687
0.017956506460905075
0.014741702005267143
0.01522035337984562
0.007062728516757488
0.007747884839773178
0.019714821130037308
0.02661770209670067
0.0229042898863554
0.006795271299779415
0.0012823492288589478
0.0022253836505115032
0.0008506261510774493
0.0034234547056257725
0.011484064161777496
0.004432884510606527
0.013575714081525803
0.013867915607988834
0.014063463546335697
0.009119890630245209
0.0059592230245471
0.015560422092676163
0.007730717770755291
0.18887893855571747
0.002045941771939397
0.000897177669685334
0.05361577868461609
0.013022040016949177
0.011029057204723358
0.00029916747007519007
0.0018339528469368815
0.014016211964190006
0.005840062629431486
0.001216809032484889
0.007820135913789272
0.006953345611691475
0.002978934207931161
0.005888090468943119
0.0033024176955223083
0.026267360895872116
0.009058988653123379
0.004398250486701727
0.01122383400797844
0.07625352591276169
0.016751445829868317
0.007432090118527412
0.0008146311156451702
0.00967710092663765
0.005752424709498882
0.009316369891166687
0.012429454363882542
0.009181438013911247
0.021154098212718964
0.007493576966226101
0.009579894132912159
0.009827245026826859
0.008960219100117683
0.013872593641281128
0.017601801082491875
0.019698191434144974
0.019285501912236214
0.011469787918031216
0.01632879488170147
0.021640397608280182
0.011987571604549885
0.014700839295983315
0.01178600825369358
0.00791047140955925
0.006733959540724754
0.00791149027645588
0.007680409587919712
0.010447113774716854
0.015716135501861572
0.004685667343437672
0.0031288377940654755
0.01876087486743927
0.0013439307222142816
0.007922439835965633
0.012651748955249786
0.008329195901751518
0.00569910230115056
0.009735045954585075
0.01022962387651205
0.0050874087028205395
0.0085249999538064
0.0018535535782575607
0.009958751499652863
0.009263282641768456
0.002160114236176014
0.010152997449040413
0.017834652215242386
0.0002240401809103787
0.01917717605829239
0.011961502954363823
0.015010898932814598
0.0013735974207520485
0.004889125004410744
0.007033529691398144
0.004933810327202082
0.012536095455288887
0.008821127936244011
0.0021130829118192196
0.01485440693795681
0.006134267430752516
0.022529471665620804
0.0019142467062920332
0.0029159649275243282
0.008623376488685608
0.01299780048429966
0.02108011581003666
0.014056269079446793
0.011501744389533997
0.016098815947771072
0.007860448211431503
0.006588999181985855
0.0027045500464737415
0.0027700006030499935
0.0077199689112603664
0.010578636080026627
0.00043346890015527606
0.03501236438751221
0.006918883416801691
0.016634810715913773
0.014120586216449738
0.05563997104763985
0.00890719797462225
0.021603334695100784
0.011894621886312962
0.012339618057012558
0.007629605010151863
0.0011587308254092932
0.006843976676464081
0.0017664589686319232
0.0005062023410573602
0.007524882908910513
0.001190638286061585
0.013527629896998405
0.00046490231761708856
0.015536528080701828
0.007418944500386715
0.009767322801053524
0.03284916281700134
0.010911736637353897
0.009095145389437675
0.005500109866261482
0.010406775400042534
0.012156924232840538
0.006514459848403931
0.022743545472621918
0.007324265316128731
0.014377952553331852
0.0014315085718408227
0.007129997946321964
0.010871431790292263
0.031387243419885635
0.0032047186978161335
0.01943032629787922
0.010394381359219551
0.0437447763979435
0.02830619364976883
0.018631353974342346
0.011329573579132557
0.011819344945251942
0.00894337147474289
0.00342228589579463
0.008923355489969254
0.01203770563006401
0.015797177329659462
0.00798872858285904
0.012888697907328606
0.011279871687293053
0.011572998017072678
0.006772066932171583
0.007643003948032856
0.0021935496479272842
0.008322048932313919
0.04146812483668327
0.004360510502010584
0.00908381212502718
0.009698186069726944
0.009559759870171547
0.010308890603482723
0.00787166878581047
0.06875656545162201
0.008738593198359013
0.008895350620150566
0.004295432940125465
0.016915250569581985
0.030034299939870834
0.004521846771240234
0.0053155869245529175
0.006472503300756216
0.06044177711009979
0.007152012549340725
0.0013351936358958483
0.03898177295923233
0.009100927039980888
0.017990512773394585
0.020293213427066803
0.0018159491010010242
0.007606679107993841
0.019344713538885117
0.0016504968516528606
0.002224638592451811
0.015269370749592781
0.003889474319294095
0.008474010042846203
0.012923235073685646
0.012756471522152424
0.017281033098697662
0.06405424326658249
0.004357694182544947
0.008684535510838032
0.017041686922311783
0.011999519541859627
0.011607633903622627
0.015393940731883049
0.006965062115341425
0.007387909106910229
0.0016964408569037914
0.000708595325704664
0.01853448525071144
0.006790430750697851
0.003549788845703006
0.006925174966454506
0.007157393731176853
0.0038916163612157106
0.006739037577062845
0.00357892457395792
0.01138669066131115
0.007993507198989391
0.011698698624968529
0.0008054867503233254
0.02785823494195938
0.007325083017349243
0.009799925610423088
0.009563198313117027
0.0160476453602314
0.00953101646155119
0.007951182313263416
0.01600005105137825
0.009693222120404243
0.014429780654609203
0.009426253847777843
0.0031676178332418203
0.009845043532550335
0.010736402124166489
0.008244612254202366
0.011639473959803581
0.027387958019971848
0.0005522773135453463
0.0071967653930187225
0.0004861295747105032
0.019834274426102638
0.008404899388551712
0.014903843402862549
0.013879116624593735
0.00414671003818512
0.008684860542416573
0.006009342614561319
0.013553356751799583
0.05022212490439415
0.005198589060455561
0.008774107322096825
0.0070571559481322765
0.00886534620076418
0.020257633179426193
0.0010073089506477118
0.006247261539101601
0.012099175713956356
0.007834859192371368
0.0035522812977433205
0.018786106258630753
0.030924605205655098
0.010221491567790508
0.010520605370402336
0.007810081820935011
0.002635807264596224
0.012512202374637127
0.009178717620670795
0.023767627775669098
0.02920309640467167
0.005812181159853935
0.004700141958892345
0.007557854056358337
0.00661354698240757
0.008153768256306648
0.036371778696775436
0.013487165793776512
0.006780650466680527
0.009742534719407558
0.010830512270331383
0.017807716503739357
0.009741406887769699
0.007443465292453766
0.009561375714838505
0.007684639655053616
0.015282642096281052
0.004324675537645817
0.003389746882021427
0.018617190420627594
0.0581650584936142
0.050740230828523636
0.006585956085473299
0.010226023383438587
0.0006600181222893298
0.00824183039367199
0.005681008566170931
0.010366285219788551
0.024275992065668106
0.011252010241150856
0.008187572471797466
0.017689237371087074
0.0090873334556818
0.016175303608179092
0.006567653734236956
0.001427047303877771
0.004999792668968439
0.013341536745429039
0.007289041765034199
0.013420408591628075
0.007288236171007156
0.004660196602344513
0.026073453947901726
0.006597669795155525
0.005835372023284435
0.002435224363580346
0.011942064389586449
0.025249607861042023
0.004579309374094009
0.011135362088680267
0.004136028699576855
0.003814249997958541
0.008196240290999413
0.007564336992800236
0.010884582065045834
0.009449454955756664
