0.19679813086986542
0.175734743475914
0.13418792188167572
0.1666344702243805
0.14926666021347046
0.15572196245193481
0.17055819928646088
0.1450580358505249
0.13358519971370697
0.12861493229866028
0.21951094269752502
0.1424189954996109
0.15195095539093018
0.17846395075321198
0.15785735845565796
0.1670283079147339
0.18577207624912262
0.13869597017765045
0.18007299304008484
0.17779813706874847
0.11692790687084198
0.15748336911201477
0.17904698848724365
0.1574348360300064
0.13548648357391357
0.18098413944244385
0.16541741788387299
0.1525726467370987
0.17608512938022614
0.20502670109272003
0.17987579107284546
1.6805368661880493
0.17186130583286285
0.19266827404499054
0.15544705092906952
0.20494025945663452
0.2013094425201416
1.819616675376892
0.17252542078495026
0.17011506855487823
0.16343720257282257
0.1944921910762787
0.2478552758693695
0.1660478711128235
0.16181424260139465
0.18740566074848175
0.1766865998506546
0.1559862643480301
0.13048528134822845
0.13398632407188416
0.17444691061973572
0.11643517762422562
0.2223316878080368
0.18575003743171692
0.17091229557991028
0.16505581140518188
0.1530507653951645
0.25971823930740356
0.2290574163198471
0.15899871289730072
0.2117033302783966
0.15435755252838135
0.1343766152858734
0.15770862996578217
0.1291608363389969
0.15442001819610596
0.14040504395961761
0.1906389594078064
0.16050797700881958
0.38953670859336853
0.20715467631816864
0.1543792486190796
0.20087243616580963
0.1424735188484192
0.17572736740112305
2.8342185020446777
0.16776202619075775
0.14891624450683594
0.16195757687091827
0.16366322338581085
0.16165557503700256
0.13423141837120056
0.12393650412559509
0.24343514442443848
0.16594164073467255
0.3498011529445648
0.16521282494068146
0.1636248081922531
0.18987490236759186
0.14474500715732574
0.15259304642677307
0.1765197217464447
0.1712152063846588
0.15178124606609344
0.15804746747016907
0.181095153093338
0.16189201176166534
0.176777184009552
0.14884421229362488
0.26829785108566284
0.1599128544330597
0.15501411259174347
0.18333479762077332
0.17064149677753448
0.14196616411209106
0.1643420308828354
0.152825728058815
0.15657749772071838
0.16571953892707825
0.13583186268806458
0.15605300664901733
0.15862667560577393
0.15649667382240295
0.15834742784500122
0.17541418969631195
0.13723325729370117
0.1660981923341751
0.1542709469795227
0.17250069975852966
1.0817134380340576
0.15265007317066193
0.22518271207809448
0.1482570618391037
0.15761809051036835
0.17245544493198395
0.13447462022304535
0.19424037635326385
0.17644774913787842
0.19287197291851044
0.17485977709293365
0.1841444969177246
0.21804296970367432
0.18110588192939758
0.194871723651886
0.23410889506340027
0.23706243932247162
0.14879444241523743
0.16584308445453644
0.18699906766414642
2.942960739135742
0.15852509438991547
0.13771426677703857
0.34333837032318115
0.28696903586387634
0.24851584434509277
0.2319902926683426
0.27525338530540466
0.16887108981609344
0.27432626485824585
0.21497754752635956
0.17866484820842743
0.24225957691669464
0.14715039730072021
0.17458845674991608
0.16381870210170746
0.19160525500774384
0.17014360427856445
0.21478453278541565
0.1719115972518921
0.20884892344474792
0.16494004428386688
0.26983729004859924
0.17262616753578186
0.18607231974601746
2.4828646183013916
0.3148949444293976
0.2208840548992157
0.22204160690307617
0.20115278661251068
0.2134070247411728
0.1845727115869522
0.17808739840984344
0.20832936465740204
0.16417203843593597
0.26864442229270935
0.18942922353744507
0.19161655008792877
0.23861776292324066
0.1942541003227234
0.1804184764623642
0.22097347676753998
0.20119790732860565
0.2007913589477539
0.18640314042568207
0.19557389616966248
0.21232670545578003
0.18052509427070618
0.2243325412273407
0.18406088650226593
0.14145909249782562
0.18492230772972107
0.17716853320598602
0.24048563838005066
0.17710399627685547
0.17398861050605774
0.16556930541992188
0.1800984889268875
0.20319758355617523
0.1651466190814972
0.17246584594249725
0.1961906999349594
0.20490005612373352
0.19029784202575684
0.17238259315490723
0.17397238314151764
0.1774887591600418
0.18923364579677582
0.2326255440711975
0.18712545931339264
0.13381558656692505
0.16472962498664856
0.1639963686466217
0.13584508001804352
0.15866096317768097
0.1587555706501007
0.1668117344379425
0.2143736332654953
0.14479048550128937
0.4194629490375519
0.17892813682556152
0.14659009873867035
0.1384297013282776
0.23718346655368805
0.22746701538562775
0.14167337119579315
0.18270091712474823
0.1595841646194458
0.23453477025032043
1.310049295425415
0.188780277967453
0.1641310751438141
0.17397832870483398
0.17326675355434418
0.1762661635875702
0.16007955372333527
0.17320570349693298
0.1631932407617569
0.15310153365135193
1.7186098098754883
0.19799411296844482
0.1490001380443573
0.143691286444664
0.20974567532539368
0.12576834857463837
0.15081684291362762
0.19014662504196167
0.4239826798439026
0.18097613751888275
0.15259291231632233
0.15236297249794006
0.19884628057479858
0.23927754163742065
0.212676003575325
0.1760735660791397
0.15025033056735992
0.17428439855575562
0.18415987491607666
0.179117813706398
0.13170549273490906
0.8734760880470276
0.14324864745140076
0.1717943698167801
0.14141018688678741
0.14454114437103271
0.16811883449554443
0.1814519613981247
0.2128409743309021
0.15565010905265808
0.17605151236057281
0.16844607889652252
0.19259487092494965
0.1400861293077469
0.1730162799358368
0.14320625364780426
0.1432095766067505
1.662767767906189
0.3016623854637146
0.19063471257686615
0.23246830701828003
0.1376594603061676
0.16509313881397247
0.16715475916862488
0.14205941557884216
0.16121907532215118
0.12508445978164673
0.2357923537492752
0.14520932734012604
0.13353458046913147
0.167958065867424
0.14043347537517548
0.20931804180145264
0.13002847135066986
0.11991852521896362
0.15054737031459808
0.17697091400623322
0.14389508962631226
0.20568595826625824
0.16249613463878632
0.1603531837463379
0.1738927662372589
0.16223977506160736
0.1525821089744568
0.16673403978347778
0.14492876827716827
0.18333472311496735
0.19893762469291687
0.13929904997348785
0.19398455321788788
0.17294785380363464
0.1251031905412674
0.14515075087547302
0.13695648312568665
0.142427459359169
0.148276224732399
0.16040895879268646
0.13633610308170319
0.10917533189058304
0.1800501048564911
2.7478084564208984
0.1906302273273468
0.09526322036981583
0.10456151515245438
0.09834793955087662
0.08763381838798523
0.10755560547113419
0.11070316284894943
0.10777191072702408
0.1244526207447052
0.10766830295324326
0.09904622286558151
0.12889787554740906
0.12947115302085876
0.11846017092466354
0.11696744710206985
0.12419164925813675
0.5269677639007568
0.11580301821231842
0.12659217417240143
0.11014625430107117
0.12749546766281128
0.10093051195144653
0.11929234117269516
0.09226838499307632
0.10402536392211914
0.1850374937057495
0.12077727168798447
0.1305888444185257
0.10386177152395248
0.13950785994529724
0.10887929052114487
0.13726243376731873
0.10720059275627136
0.13679438829421997
0.13109435141086578
0.13298490643501282
0.12962552905082703
0.1221628189086914
0.1206524521112442
0.20359154045581818
0.11183423548936844
0.091828852891922
0.12767158448696136
0.09284168481826782
0.10843726247549057
0.12307906150817871
0.11575981229543686
0.15010783076286316
0.11438234150409698
0.09877155721187592
0.10590238124132156
0.09023042768239975
0.12580537796020508
0.09828447550535202
0.15345776081085205
0.1663944572210312
0.11782201379537582
0.08983214944601059
0.12813077867031097
0.10856892913579941
0.11256206780672073
0.12343302369117737
1.1598948240280151
1.0278382301330566
0.1320333331823349
0.2477865368127823
0.2108452320098877
0.20517133176326752
0.1864655613899231
0.33055445551872253
0.22132007777690887
0.25458332896232605
0.23701898753643036
0.227401003241539
0.2733670771121979
0.301384299993515
0.2422751933336258
0.3032594919204712
0.25189629197120667
0.24599143862724304
0.20473313331604004
0.23886242508888245
0.29854750633239746
0.2615891396999359
0.28453686833381653
0.25929024815559387
0.20291364192962646
0.2961636185646057
0.23046116530895233
0.24492867290973663
0.23621614277362823
0.34418895840644836
0.3580530881881714
0.22251121699810028
0.23169788718223572
0.23252539336681366
0.25364482402801514
0.21316097676753998
0.18410198390483856
2.5228192806243896
0.21297022700309753
0.17392319440841675
0.2533014714717865
0.19014273583889008
0.273518443107605
0.2020305097103119
0.22943387925624847
0.3088279962539673
0.23871290683746338
0.25230473279953003
0.17973190546035767
0.26508045196533203
0.2814250588417053
0.3354083299636841
0.2525918483734131
0.2538009583950043
0.21375921368598938
0.22424854338169098
0.2519146203994751
0.3005259037017822
0.2610003352165222
0.2423686534166336
0.2111586034297943
0.3191363513469696
0.21764539182186127
0.22050981223583221
0.24938814342021942
1.1850494146347046
0.22478817403316498
0.1556035876274109
0.2535903751850128
0.19268357753753662
0.15722735226154327
0.24304889142513275
0.15302875638008118
0.19626127183437347
0.15334731340408325
0.18087926506996155
0.2428586483001709
1.411447286605835
0.15280745923519135
0.15797679126262665
0.17647165060043335
0.21063892543315887
0.1963942050933838
0.19045224785804749
0.13875655829906464
0.3178982138633728
1.4005478620529175
0.17171026766300201
0.14053769409656525
0.21909558773040771
0.1489904522895813
0.16365085542201996
0.13661649823188782
0.16973046958446503
0.15663768351078033
0.1481148898601532
0.2466646283864975
0.17489883303642273
0.31866756081581116
0.16356338560581207
0.19275373220443726
0.17892412841320038
0.1669885218143463
0.2629281282424927
0.19474080204963684
0.13191606104373932
0.19743883609771729
0.26119837164878845
0.3367847204208374
0.15624940395355225
0.18238788843154907
0.17915309965610504
0.17128632962703705
0.15316185355186462
0.14863428473472595
0.15626206994056702
0.2247844636440277
0.13625667989253998
0.18182629346847534
0.19997543096542358
0.21319422125816345
0.1826239973306656
0.1493396759033203
0.1467292308807373
0.15382902324199677
0.15879009664058685
0.14197435975074768
0.16976065933704376
0.1552477329969406
0.2230674922466278
0.16953888535499573
0.30190518498420715
0.21542346477508545
0.2694037854671478
0.18648529052734375
0.18286313116550446
0.20164227485656738
0.16397014260292053
0.15378506481647491
0.19980046153068542
0.2634551227092743
0.18147902190685272
0.21913890540599823
2.729154109954834
0.1895999163389206
0.1853993535041809
0.20953451097011566
0.17120356857776642
0.18290306627750397
0.21224161982536316
0.3103305697441101
0.21112634241580963
0.1781228482723236
0.1941445767879486
0.22979533672332764
0.21519248187541962
0.21183183789253235
0.15254275500774384
0.1893380582332611
0.1836177557706833
0.1928618997335434
0.1917441040277481
0.21059855818748474
0.20037510991096497
0.30990901589393616
0.18640035390853882
0.13815604150295258
0.20425811409950256
0.19948306679725647
0.21265722811222076
0.2312057614326477
0.15580864250659943
0.22652174532413483
0.20853354036808014
0.162865549325943
0.2664971351623535
0.24190673232078552
0.16186125576496124
0.15410728752613068
0.24643293023109436
0.21721552312374115
0.2220776379108429
0.1839848905801773
0.16789689660072327
0.17564083635807037
0.21471741795539856
0.1754346787929535
2.2495920658111572
0.22524704039096832
0.2803877294063568
0.16916821897029877
0.2463715374469757
0.18460823595523834
0.20551341772079468
0.210443913936615
0.19840238988399506
0.30745625495910645
0.24863222241401672
0.3013550043106079
0.31779563426971436
0.21953272819519043
0.22814056277275085
0.2228211611509323
0.20447620749473572
0.24337764084339142
0.2395879179239273
0.21909257769584656
0.2187328338623047
0.2548307478427887
0.30793479084968567
0.21800723671913147
0.24909453094005585
0.21007966995239258
0.2349364012479782
0.26171866059303284
0.2670285999774933
0.20277495682239532
0.3034024238586426
0.23053012788295746
0.3067241907119751
0.22485557198524475
1.4575990438461304
0.27113404870033264
0.298284113407135
0.22030481696128845
0.305740624666214
0.28265443444252014
0.24690327048301697
0.3774730861186981
0.27963241934776306
0.2759462893009186
0.26850616931915283
0.2623692452907562
0.21249818801879883
0.23450380563735962
0.3266964554786682
0.21563397347927094
0.2893791198730469
4.075843811035156
0.29342731833457947
0.295554518699646
0.24705557525157928
0.23206163942813873
0.26195430755615234
0.228463813662529
0.27245721220970154
0.22552038729190826
1.380998134613037
0.2486405223608017
0.22939293086528778
0.20733191072940826
0.20524652302265167
0.20024824142456055
0.28896939754486084
0.22726692259311676
0.2315133810043335
0.20874586701393127
0.2351333051919937
0.21225063502788544
0.1827401965856552
0.143372043967247
0.1682291179895401
0.17424052953720093
0.15213643014431
1.3436468839645386
0.12872785329818726
0.1694822758436203
0.1677556037902832
0.14986638724803925
0.1745063066482544
0.18969985842704773
0.22886210680007935
0.21761977672576904
0.22678811848163605
0.23094886541366577
0.14246977865695953
0.14517319202423096
0.157860666513443
0.16364002227783203
0.15962080657482147
0.18105754256248474
0.20626112818717957
0.18419837951660156
0.20453579723834991
0.1267303228378296
0.1614297777414322
0.18627382814884186
0.16333329677581787
0.1713029444217682
0.17784489691257477
0.16047607362270355
0.1946982890367508
0.18850550055503845
0.16506463289260864
0.1633831113576889
0.2034355103969574
0.18092043697834015
0.17312923073768616
0.15082301199436188
0.1572692096233368
1.9051845073699951
0.17617475986480713
0.13838349282741547
0.3134569823741913
0.3783096969127655
0.1496201753616333
0.14119264483451843
0.18740135431289673
0.16573387384414673
0.18662865459918976
0.2176019847393036
0.1685754358768463
0.18927519023418427
0.16424860060214996
0.17269200086593628
0.1417093127965927
0.16410085558891296
0.1637798696756363
0.2421128898859024
0.1610080748796463
0.14108015596866608
0.19141431152820587
0.1528020054101944
0.21707923710346222
0.1720055639743805
0.277665376663208
0.2132159322500229
0.17983213067054749
0.3085300624370575
0.1645563691854477
0.1878734529018402
0.19851139187812805
0.20856286585330963
0.2473689615726471
0.2077961266040802
0.15633323788642883
0.19885072112083435
0.17458707094192505
0.16192859411239624
0.20417000353336334
0.19114257395267487
0.20033130049705505
0.23269835114479065
0.1862792670726776
1.9904228448867798
0.19644227623939514
0.1429046243429184
0.15559127926826477
0.20485340058803558
0.20452214777469635
0.22446440160274506
0.2799220085144043
0.2090933918952942
0.20216718316078186
0.19699688255786896
0.30364158749580383
0.26033473014831543
0.2536218464374542
0.21457332372665405
0.1594994068145752
0.13110338151454926
0.2004232555627823
0.1687709093093872
0.22250516712665558
0.20280525088310242
0.22318430244922638
0.2300635576248169
0.21672943234443665
0.21714472770690918
0.18053816258907318
0.1638336032629013
0.22140616178512573
0.1866830587387085
0.1826726347208023
0.17750586569309235
0.2217850685119629
2.0245492458343506
0.16902844607830048
0.17581991851329803
0.23192653059959412
0.21438759565353394
0.1749044954776764
0.1612955927848816
0.20418955385684967
0.19358591735363007
0.19868996739387512
0.1621188521385193
