0.004946878645569086
0.14384059607982635
0.11738553643226624
0.029490876942873
0.1347409039735794
0.010513192974030972
0.22294369339942932
0.09972235560417175
0.021781189367175102
0.0617612861096859
0.06691118329763412
0.40381166338920593
0.4579112231731415
1.7171080112457275
0.14087627828121185
0.050738394260406494
0.23139223456382751
0.05141351372003555
0.34109410643577576
0.06978050619363785
0.011490900069475174
0.022025255486369133
0.8940733671188354
0.012746279127895832
0.019227927550673485
0.0673343762755394
0.17897218465805054
0.40770578384399414
0.10521697252988815
0.03916072100400925
0.04131017625331879
0.09732598811388016
0.6809673309326172
2.6288535594940186
0.023116126656532288
0.10343405604362488
0.6679226756095886
0.004866968374699354
0.050133612006902695
0.6749343872070312
0.016793040558695793
0.02289644069969654
0.2145984023809433
0.042961977422237396
0.22267970442771912
0.23972071707248688
0.3355017900466919
0.25915518403053284
0.023002218455076218
0.8481088280677795
0.11560774594545364
0.0915353000164032
0.2616468667984009
0.5932356715202332
0.1296139359474182
0.017061294987797737
0.1798868477344513
0.04018086940050125
0.033922988921403885
0.03247819468379021
0.047487836331129074
0.23802892863750458
0.03492532670497894
0.042463142424821854
0.024822898209095
0.12424948066473007
0.09078281372785568
0.061145681887865067
0.07697608321905136
0.018177984282374382
0.1724167764186859
0.031453486531972885
0.1819830983877182
0.024059193208813667
0.14931105077266693
0.05552253872156143
0.010430797003209591
0.01938275434076786
0.17526453733444214
0.02514362893998623
1.6311067342758179
0.00015577922749798745
0.004757298156619072
0.14561228454113007
0.1987779438495636
0.01872251182794571
0.14592063426971436
0.08776221424341202
0.09200543165206909
0.010761314071714878
0.11133871972560883
0.005972312763333321
0.11143437772989273
0.21055252850055695
0.010166087187826633
0.021976890042424202
0.05069415643811226
0.08705298602581024
0.029834585264325142
0.043724022805690765
0.05540741607546806
0.0300764050334692
0.01599501632153988
1.095829725265503
0.20922572910785675
0.1769832968711853
0.04831951484084129
0.046782977879047394
0.01503003016114235
0.5412037968635559
0.019655127078294754
0.024690184742212296
0.13895957171916962
0.009149204939603806
0.14167729020118713
0.37539464235305786
0.04562941938638687
0.002049171132966876
0.013025525957345963
0.22221137583255768
0.016735170036554337
0.005711726378649473
0.02661116048693657
0.09521809220314026
0.03277385234832764
0.1378718763589859
0.02221899852156639
0.05226851627230644
0.11899155378341675
0.013997910544276237
0.21014778316020966
0.00285983644425869
0.008984066545963287
0.11003360152244568
0.042852964252233505
0.0466751903295517
0.02052442729473114
0.07098361104726791
0.011548918671905994
0.39230042695999146
0.00928478967398405
0.3307608664035797
0.006690217647701502
0.029580701142549515
0.04167689383029938
0.18690966069698334
0.07442034780979156
0.35136324167251587
0.1694849729537964
0.014215383678674698
0.04279050976037979
0.5482470989227295
0.06238564848899841
0.029382815584540367
0.13173922896385193
0.07667245715856552
0.14008647203445435
0.04322284832596779
0.029984109103679657
0.05305371806025505
0.3423185348510742
0.008510899730026722
0.04053133726119995
0.2617330253124237
0.28284668922424316
0.04223696514964104
0.03502947464585304
0.36625736951828003
0.0241809394210577
0.27217352390289307
0.02446235716342926
0.052727047353982925
0.028621317818760872
0.4890490770339966
0.0478723980486393
0.004419809672981501
0.22583027184009552
0.22762025892734528
0.09337298572063446
0.03628596290946007
0.1357145607471466
0.007210026495158672
0.20522542297840118
0.15954458713531494
0.8535913825035095
0.06704425066709518
0.03346150740981102
0.6547533273696899
0.03789433091878891
0.01332009956240654
0.010246837511658669
0.01746439002454281
0.16929902136325836
0.020601686090230942
0.3225913643836975
0.011096392758190632
0.059464335441589355
0.013666480779647827
0.09833557903766632
0.18457932770252228
0.2749336063861847
0.4449317753314972
0.2490265965461731
0.01540006510913372
0.10236959159374237
0.2845717668533325
0.39124220609664917
0.013124000281095505
0.0015671395231038332
0.27258533239364624
0.04823390394449234
0.027932310476899147
0.030996862798929214
0.04204793646931648
0.06495814770460129
0.18958985805511475
0.11415892839431763
0.22583749890327454
0.1199604868888855
0.06380573660135269
0.25448375940322876
0.09176581352949142
0.306088387966156
0.18999533355236053
0.6933539509773254
0.01630548946559429
0.010706687346100807
0.01564820297062397
0.5860128998756409
0.008442660793662071
0.0904746949672699
0.021347487345337868
0.013453572057187557
0.07982907444238663
0.3274482786655426
0.10006452351808548
0.04254160076379776
0.9625239372253418
0.5410138964653015
0.539490282535553
0.31552135944366455
0.03407690301537514
0.029561707749962807
0.01133433822542429
0.05939558520913124
0.33163022994995117
0.35146787762641907
0.20390693843364716
0.3903760313987732
0.3620975911617279
0.28642964363098145
0.041752830147743225
0.1908005326986313
0.056846410036087036
0.12778206169605255
0.2897440195083618
0.01574205793440342
0.014322182163596153
0.10543409734964371
0.01971120946109295
0.012644737958908081
0.013558309525251389
0.7583664655685425
0.005974599160254002
0.13445785641670227
0.018371768295764923
0.005015707574784756
0.08735179156064987
0.08326207846403122
0.013909436762332916
0.022753208875656128
0.20318332314491272
0.033631909638643265
0.0168843325227499
0.03476174548268318
0.05617431923747063
0.04327404499053955
0.052315592765808105
0.12463003396987915
0.3352278769016266
0.14796869456768036
0.06806835532188416
0.01660502515733242
0.04653076454997063
0.22838439047336578
0.01614859327673912
0.20382793247699738
0.01114693470299244
0.05323939770460129
0.05243375897407532
0.013995195738971233
0.05323394387960434
0.002899757120758295
0.0047043184749782085
0.8803145885467529
0.7858868837356567
0.13406239449977875
0.01029166579246521
0.011223741807043552
0.47351354360580444
0.035832058638334274
0.2925289273262024
0.009594704024493694
0.011918800882995129
0.019193343818187714
0.2584475874900818
0.19268013536930084
0.2910063564777374
0.029452502727508545
0.3980518579483032
0.0005396816413849592
0.01990332268178463
0.08069808036088943
0.028783416375517845
0.16662825644016266
0.3569720387458801
0.6068602800369263
0.23899883031845093
0.08780868351459503
0.2245916724205017
0.02516455389559269
0.059401530772447586
0.07650456577539444
0.1303587704896927
0.17815570533275604
0.4142609238624573
0.018073244020342827
0.22217831015586853
0.07552377134561539
0.21147520840168
0.11313609778881073
0.10248703509569168
0.0268658846616745
0.31271663308143616
0.06335127353668213
0.005942145362496376
0.01822885498404503
0.30103108286857605
0.02370181307196617
0.034279562532901764
0.017970452085137367
0.1579289585351944
0.25251689553260803
0.07111299782991409
0.20877616107463837
0.0053060478530824184
0.27012357115745544
0.02691313438117504
0.05419470742344856
0.24379445612430573
0.02005695179104805
0.04548144340515137
0.4165506958961487
0.03823857381939888
0.3021544814109802
0.3114323616027832
0.1346055418252945
0.20344069600105286
0.22852715849876404
0.038624491542577744
0.2150665521621704
0.008086870424449444
0.18732969462871552
1.01777982711792
0.20969249308109283
0.18417008221149445
0.028478974476456642
0.1367664933204651
0.22713422775268555
0.20350608229637146
0.058685604482889175
0.35944339632987976
0.02284516952931881
0.011654805392026901
0.196775883436203
0.038833554834127426
0.035441458225250244
0.19520442187786102
0.024071354418992996
0.1021222323179245
0.15631650388240814
0.04869920015335083
0.11869567632675171
0.027964547276496887
0.011722231283783913
0.023183295503258705
0.06721632927656174
0.3704998195171356
0.22574841976165771
0.3782203793525696
0.10185326635837555
0.0773073136806488
0.05947975069284439
0.21948909759521484
0.1666608601808548
0.11624176800251007
0.33151453733444214
0.02947165071964264
0.0625135749578476
0.13711312413215637
0.657120406627655
0.021177418529987335
0.12050732225179672
0.11771121621131897
0.010943683795630932
0.1439799964427948
0.38148951530456543
0.32753750681877136
0.05894074961543083
0.0047045182436704636
0.04437655955553055
0.24762846529483795
0.17369920015335083
0.055397629737854004
0.030597181990742683
0.013346927240490913
0.18487229943275452
0.09591910243034363
0.18475766479969025
0.04150460287928581
0.1713067591190338
0.3758467435836792
0.5415078401565552
0.04040589556097984
0.010426989756524563
0.007608768995851278
0.35344627499580383
0.057865291833877563
0.5032401084899902
0.20046795904636383
0.0384855680167675
0.023374903947114944
0.037930626422166824
0.29397425055503845
0.002393354894593358
0.11811157315969467
0.033957067877054214
0.3074890673160553
0.08307895064353943
0.002579871565103531
0.2343718260526657
0.04588184505701065
0.018089011311531067
0.007168692070990801
0.027611976489424706
0.10382278263568878
0.1290101706981659
0.019018178805708885
0.013535586185753345
0.012282973155379295
0.1183759793639183
0.18693307042121887
0.011370585300028324
0.04400049149990082
0.24450545012950897
0.12175048142671585
0.015554402023553848
0.6292447447776794
0.03877779096364975
0.017207704484462738
0.04309450089931488
0.022538652643561363
0.3647244870662689
0.16319744288921356
0.0719403401017189
0.23454323410987854
0.05534867197275162
0.05849473178386688
0.12173578143119812
0.049023181200027466
0.047051481902599335
0.04360068216919899
0.290531724691391
0.4025486707687378
0.007445875089615583
0.2048468142747879
0.03875814750790596
0.022195162251591682
0.34258633852005005
0.03974314033985138
0.047595471143722534
0.01505380216985941
0.022975413128733635
0.27201104164123535
0.03467199578881264
0.23361176252365112
0.0766947939991951
0.049567125737667084
0.0003620932693593204
0.028835197910666466
0.048567209392786026
0.19786305725574493
0.15854650735855103
0.02499283105134964
0.14698034524917603
0.5250604748725891
0.09788741916418076
2.699836254119873
0.4855780601501465
0.011331361718475819
0.034945227205753326
0.010351167060434818
0.1697169840335846
0.031100589781999588
0.3912726044654846
0.01794246770441532
0.06339815258979797
0.25747665762901306
0.01313858013600111
0.21055272221565247
0.016532812267541885
0.29203706979751587
0.06211140379309654
0.02661663107573986
0.02893698401749134
0.020697088912129402
0.019237440079450607
0.3102377653121948
0.23641903698444366
0.2774697244167328
0.1899777501821518
0.013929404318332672
0.016183478757739067
0.04234398901462555
0.021200360730290413
0.03699184209108353
0.4213191568851471
0.010370694100856781
0.022997668012976646
0.041786663234233856
0.06444226205348969
0.01492050476372242
1.0402801036834717
0.018768368288874626
0.05535520613193512
0.03936196491122246
0.11632464081048965
0.013598514720797539
0.042582690715789795
0.020797094330191612
0.015272794291377068
0.18205061554908752
0.058765050023794174
0.3510458171367645
0.011182144284248352
0.04560120776295662
0.026467157527804375
0.26599961519241333
0.012892654165625572
0.2691144645214081
0.31669503450393677
0.03284015879034996
0.062174055725336075
0.11919964849948883
0.014891300350427628
0.12182043492794037
0.017983263358473778
0.08881756663322449
0.1582598090171814
0.00014738707977812737
0.020573778077960014
0.0459669828414917
0.04497942328453064
0.022463640198111534
0.021882392466068268
0.057223815470933914
0.039119232445955276
0.047869086265563965
0.8366557359695435
0.06621173769235611
0.10272495448589325
0.11560268700122833
0.0214981846511364
0.09304402023553848
0.06428628414869308
0.2069786638021469
0.014081685803830624
0.09785640239715576
0.23917905986309052
0.01592816412448883
1.0932250022888184
0.02747293747961521
0.13495458662509918
0.06578149646520615
0.10297425836324692
0.017972921952605247
0.6181939244270325
1.2338135242462158
0.03325731307268143
0.05092182382941246
2.5778660774230957
1.0779671669006348
0.19299419224262238
0.18352864682674408
0.03531801328063011
0.07502766698598862
0.3035738468170166
0.2616068124771118
0.01279496494680643
0.03922029212117195
0.18374544382095337
0.14945539832115173
0.03437116742134094
0.021664457395672798
0.32111528515815735
0.26295730471611023
0.14512145519256592
0.010150905698537827
1.0824369192123413
0.13987305760383606
0.058637507259845734
0.2794782817363739
0.019413750618696213
0.07665140926837921
0.031118538230657578
0.04425308108329773
0.011465509422123432
0.2540224492549896
0.24045996367931366
0.0035426910035312176
0.034865669906139374
0.018852872774004936
0.015971144661307335
0.015548951923847198
0.03275562450289726
0.015294394455850124
0.472881555557251
0.18180333077907562
0.2673346698284149
0.15632732212543488
0.008893541060388088
0.06765633076429367
0.15551428496837616
0.4465220868587494
0.07262705266475677
0.03124649077653885
0.09284275770187378
0.0878593847155571
0.4511697292327881
0.009501837193965912
0.29890137910842896
0.014641095884144306
0.10959813743829727
0.01031925342977047
0.37346169352531433
0.0438692532479763
0.24295717477798462
0.13351283967494965
0.03510574251413345
0.0753670409321785
0.5555328130722046
0.044347938150167465
0.015078816562891006
0.130370631814003
2.8853793144226074
0.2997809052467346
0.661831259727478
0.04901306331157684
0.20205511152744293
0.020612433552742004
0.12634125351905823
0.26353466510772705
0.30656248331069946
0.027373988181352615
0.0165201798081398
0.15152768790721893
0.06090722233057022
0.08881355822086334
0.09523680061101913
0.06662701815366745
0.18701671063899994
0.30884692072868347
0.023113949224352837
0.007888482883572578
0.09894660860300064
0.02436644583940506
0.020856749266386032
0.09891101717948914
0.05312898010015488
0.16985251009464264
0.017734277993440628
0.033811140805482864
0.07634229958057404
0.032258499413728714
0.02531149797141552
0.4368630349636078
0.044344548135995865
0.04048765078186989
0.024408528581261635
0.005490588955581188
0.16594089567661285
0.017103927209973335
0.054288603365421295
0.135096937417984
0.024984151124954224
0.14809301495552063
0.02094828523695469
0.19892264902591705
0.036321572959423065
0.01832878217101097
0.0442170612514019
0.29708942770957947
0.30288052558898926
0.02734174020588398
0.02440303936600685
0.07491327822208405
0.11080846190452576
0.4967469573020935
0.0320563018321991
0.007224196568131447
0.17448188364505768
0.06515220552682877
0.24671682715415955
0.010159078985452652
0.011685678735375404
0.0004602351109497249
0.171360582113266
0.040361516177654266
0.002674634801223874
0.011547712609171867
0.014178295619785786
0.11431515961885452
0.509190559387207
0.08101814240217209
0.2967207729816437
0.18624722957611084
0.02296566404402256
0.05033831670880318
0.10936222225427628
0.16813576221466064
0.0350683256983757
0.09537036716938019
0.04866401478648186
0.14981374144554138
0.08796051889657974
0.1066761314868927
0.06860952079296112
0.0036414675414562225
0.042434997856616974
0.035964760929346085
0.00833225343376398
0.011512642726302147
0.058384474366903305
0.042632292956113815
0.11226946860551834
0.2629542946815491
0.2057439535856247
0.16818787157535553
0.07348407804965973
0.02895442023873329
0.04804043099284172
0.03283907100558281
0.013290468603372574
0.03012937121093273
0.03658051788806915
0.021455813199281693
0.008102315478026867
0.018530840054154396
0.016588978469371796
0.008793807588517666
0.038863856345415115
0.0015469385543838143
0.026479607447981834
0.11367446184158325
0.01725197210907936
0.030231697484850883
0.009169544093310833
0.04777049645781517
0.042741142213344574
0.011124185286462307
0.06826059520244598
0.02799970842897892
0.13686978816986084
0.051210153847932816
0.16761480271816254
0.23244065046310425
0.04435769096016884
0.22584864497184753
0.14335548877716064
0.5117302536964417
0.03938250243663788
0.32328420877456665
0.12566103041172028
0.4681048095226288
0.14406566321849823
0.15442052483558655
0.3174181580543518
0.04720129072666168
0.2759689688682556
0.023703046143054962
0.047637440264225006
0.16199421882629395
0.4837475121021271
0.025660919025540352
0.4154036045074463
0.06694379448890686
0.007664756383746862
0.02238781563937664
0.02107575349509716
0.04069370776414871
0.11955084651708603
0.2887142598628998
0.04232200235128403
0.024527419358491898
0.03252743184566498
0.211537703871727
0.023450976237654686
0.07156399637460709
0.2428983747959137
0.14097346365451813
0.011495050974190235
0.018945638090372086
0.01995353028178215
0.005981644615530968
0.006032856181263924
0.019124925136566162
0.05852488428354263
0.0018831458874046803
0.07036695629358292
0.007330016698688269
0.02856859192252159
0.035697538405656815
0.09823131561279297
0.04400406405329704
0.24253639578819275
0.012242504395544529
0.03382987156510353
0.037332192063331604
0.005801354069262743
0.3290847837924957
0.04084261879324913
0.038550786674022675
0.3178529143333435
0.023791197687387466
0.0772414356470108
0.05808545649051666
0.10896207392215729
0.021897725760936737
0.09195928275585175
0.2648548185825348
0.041180986911058426
0.16775554418563843
1.9366650581359863
0.03602675348520279
0.0064396015368402
0.34295326471328735
0.014415042474865913
0.0169756468385458
0.12686669826507568
0.032315999269485474
0.2978912591934204
0.0298442505300045
0.23427638411521912
0.04760188236832619
0.033169928938150406
0.004745603073388338
0.14566589891910553
0.18465019762516022
0.41225099563598633
0.06049630418419838
0.1912936121225357
0.08140668272972107
0.15985776484012604
0.124984011054039
0.06902861595153809
0.36400306224823
0.1266070455312729
0.00915735587477684
0.04189090058207512
0.07393717765808105
0.008981536142528057
0.23180030286312103
0.01758662797510624
0.10279268771409988
0.24302232265472412
0.2825566232204437
0.03114871121942997
0.009773734956979752
0.0740712359547615
0.07978270202875137
0.04409710317850113
0.1410442739725113
0.02205413393676281
0.008470883592963219
0.022782493382692337
0.04135863482952118
0.21533793210983276
0.2461075484752655
0.4589304029941559
0.01947924494743347
0.12033747136592865
0.027228200808167458
0.014558536931872368
0.3865165114402771
0.057889435440301895
0.4629310071468353
0.20573453605175018
0.20383717119693756
0.03936053439974785
0.04565572738647461
0.08418998122215271
0.09669981896877289
0.08130283653736115
0.4166174530982971
0.19160382449626923
0.1381245255470276
0.10487401485443115
0.16722704470157623
0.023648805916309357
0.025235937908291817
0.027879051864147186
0.06983832269906998
0.033196620643138885
0.2293514758348465
0.2602655291557312
0.03987685963511467
0.14030222594738007
0.01116055715829134
0.022312097251415253
0.022081052884459496
0.06311459094285965
0.028073711320757866
0.07351414114236832
0.058072529733181
0.013643231242895126
0.18042805790901184
0.13475626707077026
0.018783248960971832
0.041395336389541626
0.13804912567138672
0.16584166884422302
0.021449608728289604
0.010691948235034943
0.0109341936185956
0.010508890263736248
0.6369031071662903
0.05116235837340355
0.20514574646949768
0.581189751625061
0.023688577115535736
0.05523098632693291
0.042641859501600266
0.013460682705044746
0.3306557834148407
0.15494610369205475
0.019643329083919525
0.03574405238032341
0.057187069207429886
0.2517034113407135
0.4424683153629303
0.17024672031402588
0.02320077456533909
0.3394773006439209
0.08306322991847992
0.25477415323257446
0.020259547978639603
0.06399258971214294
0.44589778780937195
0.05861058458685875
0.025210877880454063
0.03256164491176605
0.01882236823439598
0.026851629838347435
0.3835126757621765
0.20681023597717285
0.27214315533638
0.16117486357688904
0.39346563816070557
0.17420192062854767
0.2203087955713272
0.0404772087931633
0.30631741881370544
0.009288938716053963
0.09044232964515686
0.004064270295202732
0.0059845345094799995
0.0944637805223465
0.012759292498230934
0.35708609223365784
0.2290593981742859
0.033627934753894806
0.006119880359619856
0.18688638508319855
0.3578052520751953
0.21098262071609497
0.023139750584959984
0.22469647228717804
0.5450080633163452
0.061373766511678696
0.11529763042926788
0.010588768869638443
0.1485079973936081
0.06837467104196548
0.01640329323709011
0.13682109117507935
0.053863123059272766
0.15588656067848206
0.3352859318256378
0.2287481278181076
0.3525528013706207
0.026628270745277405
0.011334988288581371
0.06514669209718704
0.16882053017616272
0.013008441776037216
0.009969891048967838
0.2541646659374237
0.247717022895813
0.10323631763458252
0.32609039545059204
0.028325973078608513
0.06485377252101898
0.0051049101166427135
0.2691081464290619
0.19618061184883118
0.0714154839515686
1.8361822366714478
0.07602056115865707
0.1679873764514923
0.011563763953745365
0.01345622818917036
0.023232929408550262
0.22978843748569489
0.01552084181457758
0.288350909948349
0.02633514627814293
0.14217981696128845
0.04524265602231026
0.014675258658826351
0.26165518164634705
0.12028396129608154
0.7056245803833008
0.7872421741485596
0.029001446440815926
0.04574894532561302
0.05478191748261452
0.04001051187515259
0.018971990793943405
0.02797253243625164
0.11750229448080063
0.0022227938752621412
0.03148115798830986
0.003696034662425518
0.13871504366397858
0.14217321574687958
0.25899672508239746
0.027787644416093826
0.04018081724643707
0.1940343827009201
0.024548085406422615
0.7598391175270081
0.22923876345157623
0.021832944825291634
0.009017657488584518
0.2487736940383911
0.021556703373789787
0.09722942858934402
0.0011484787100926042
0.051116254180669785
0.019410988315939903
0.013693388551473618
0.005724815651774406
0.26395052671432495
0.006311072502285242
0.03144703805446625
0.23632009327411652
0.03248945251107216
0.01651538908481598
0.06442657113075256
0.0365113690495491
0.4399033486843109
0.2440299540758133
0.03198406100273132
0.25803548097610474
0.011952025815844536
0.027177907526493073
0.13550809025764465
0.045836009085178375
0.10729426890611649
0.02611885964870453
0.0034059970639646053
0.18267381191253662
0.035206105560064316
0.0884973406791687
0.1307167261838913
0.04754624888300896
0.03350759670138359
0.02217276766896248
0.1794486939907074
0.004489031620323658
0.22788643836975098
0.02923445776104927
0.03324158489704132
0.023113951086997986
0.040319789201021194
0.2665437161922455
0.0266275554895401
0.09840462356805801
0.051125187426805496
0.09415315091609955
0.10106486827135086
0.016916707158088684
0.07731834799051285
0.013314931653439999
0.8909144401550293
0.025405533611774445
0.027929410338401794
0.08964532613754272
0.16171292960643768
0.19968196749687195
0.12556131184101105
0.1744636595249176
0.014820889569818974
0.15832319855690002
0.0862526074051857
0.05110986903309822
0.021389653906226158
0.1275462657213211
0.023232223466038704
0.27273207902908325
0.018097739666700363
0.2446318119764328
0.20193277299404144
0.1451987475156784
0.023242339491844177
0.0981515645980835
0.020667729899287224
0.029146594926714897
0.0007998458459042013
0.23744048178195953
0.06871338188648224
0.010506714694201946
0.004541387781500816
0.13812917470932007
0.005876240786164999
0.39779067039489746
0.03535914793610573
0.20806102454662323
0.013217613101005554
0.06294821947813034
0.157572939991951
0.011904626153409481
0.0019659344106912613
0.010181069374084473
0.21960054337978363
0.0035656506661325693
0.23572011291980743
0.2412257343530655
0.06616607308387756
0.011948497965931892
0.11800308525562286
0.3034854829311371
0.3430391848087311
0.016888055950403214
0.11262522637844086
0.014616134576499462
0.2772195637226105
0.10824239253997803
0.023143963888287544
0.05923305079340935
0.021722225472331047
0.1354171335697174
0.020112818107008934
0.011594327166676521
0.022724492475390434
0.011292671784758568
0.28789958357810974
0.26608753204345703
0.04562599956989288
0.06814585626125336
0.006806725636124611
0.016107888892292976
0.0202440544962883
0.5558894872665405
0.01139606162905693
0.018915794789791107
0.07998417317867279
0.03758026659488678
0.024956436827778816
0.17031025886535645
0.06144382432103157
0.03081352449953556
0.17378883063793182
0.23566573858261108
0.038649655878543854
0.029554538428783417
0.035937171429395676
0.024149922654032707
0.028307894244790077
0.01918468065559864
0.4080027639865875
0.07084865123033524
0.008185616694390774
0.07247807085514069
0.02577122487127781
0.09488008171319962
0.00019018718739971519
0.012313002720475197
0.012154323048889637
0.022526880726218224
0.009822282940149307
0.01914520189166069
0.01976253278553486
0.15772144496440887
0.24212299287319183
0.06815547496080399
0.04984471946954727
0.296606183052063
0.14602519571781158
0.006486648228019476
0.12192471325397491
0.5224176049232483
0.2891511023044586
0.24485749006271362
0.233761727809906
0.4966263175010681
0.04492224380373955
0.07416503131389618
0.03954659774899483
0.016940711066126823
0.09737060219049454
0.026439042761921883
0.04119241610169411
0.07041852921247482
0.006048770621418953
0.21730127930641174
0.43557363748550415
0.1369122862815857
0.019598914310336113
0.20493477582931519
0.028551243245601654
0.07125720381736755
0.12622611224651337
0.08676813542842865
0.04398302733898163
0.5123760104179382
0.040413789451122284
0.09844017028808594
0.02011861465871334
0.09631583094596863
0.3051181435585022
0.009782444685697556
0.01710236258804798
0.09180298447608948
0.04664743319153786
0.1285756528377533
0.011856992729008198
0.20175780355930328
0.12514741718769073
0.18271009624004364
0.011701183393597603
0.034820374101400375
0.018119072541594505
0.41735032200813293
0.19106371700763702
0.07526692003011703
0.010465593077242374
0.18663451075553894
0.24195370078086853
0.24934205412864685
0.02135590650141239
0.03496460244059563
0.02129545249044895
0.019791390746831894
0.025615323334932327
0.15472862124443054
0.03427693620324135
0.0038764814380556345
0.01705331727862358
0.06234690919518471
0.014854303561151028
0.015141141600906849
0.005429245997220278
0.018568718805909157
0.010398177430033684
0.2191336750984192
0.013213465921580791
0.05222618579864502
0.045354682952165604
0.02627621591091156
0.04189938306808472
0.03282889351248741
0.021023986861109734
0.023415856063365936
0.16279281675815582
0.059298258274793625
0.019847439602017403
0.12723524868488312
0.16173139214515686
0.007300262339413166
0.06297369301319122
0.16731548309326172
0.07648224383592606
0.033876821398735046
0.11372712254524231
0.013185424730181694
0.005794558674097061
0.15053610503673553
0.030804762616753578
0.1075262650847435
0.004484589211642742
0.13593697547912598
0.12249953299760818
0.15827497839927673
0.10432640463113785
0.016084659844636917
0.12146538496017456
0.038599323481321335
0.019851671531796455
0.2968626618385315
0.024547649547457695
0.21404466032981873
0.6320856809616089
0.009140703827142715
0.13795556128025055
0.03614847734570503
0.2687644064426422
0.027765532955527306
0.028013374656438828
0.2627100348472595
0.017113499343395233
0.2506251037120819
0.40676355361938477
0.05523942783474922
0.022808358073234558
0.03656749427318573
0.0494457446038723
0.6797419786453247
0.1384236067533493
0.17583614587783813
0.21303240954875946
0.18428388237953186
0.02924949675798416
0.4550865590572357
0.16569751501083374
0.00978006049990654
0.2194998413324356
0.0067726424895226955
0.005051281303167343
0.02724824845790863
0.44271120429039
0.010045882314443588
0.8975862264633179
0.02559286542236805
0.29671788215637207
0.18748901784420013
0.022750547155737877
0.03882613778114319
0.018398011103272438
0.13756269216537476
0.02397916652262211
0.14231087267398834
0.07313904166221619
0.08578091859817505
0.0895065888762474
0.02680019475519657
0.0055571747943758965
0.2589631676673889
0.09984473139047623
0.01614983007311821
0.13298512995243073
0.0224577859044075
0.2617816627025604
0.14987730979919434
0.05146092176437378
0.02634892426431179
0.8028619885444641
2.0758314349222928e-05
0.42165207862854004
0.07206030935049057
0.1340392827987671
1.4190312623977661
0.009831048548221588
0.024382317438721657
0.4438123404979706
0.27071577310562134
0.03521187603473663
0.06485046446323395
0.06435931473970413
0.07024499773979187
0.4477503299713135
0.021169941872358322
0.026522140949964523
0.005141193512827158
0.030571982264518738
0.029101235792040825
0.03317740932106972
0.28607454895973206
0.05873238295316696
0.020437151193618774
0.15991702675819397
0.011977646499872208
0.01326349563896656
0.03239890933036804
0.028371602296829224
0.474452406167984
0.07762131839990616
0.2132406085729599
0.010249585844576359
0.32688239216804504
0.04821512848138809
0.30855539441108704
0.33643245697021484
0.0059441146440804005
0.03729943558573723
0.017465800046920776
0.05623265355825424
0.39972829818725586
0.28437313437461853
0.09614477306604385
0.1769755333662033
0.21232452988624573
0.5302684903144836
0.7389435172080994
0.8285761475563049
0.03658900409936905
0.02068883553147316
0.024211211130023003
0.30915728211402893
0.15196533501148224
0.5753993988037109
0.0313832126557827
0.02342931367456913
0.021054424345493317
0.039558377116918564
0.04523782059550285
0.13155120611190796
0.04871347174048424
0.20439283549785614
0.11640533804893494
0.2034854292869568
0.02731403149664402
0.0935555100440979
0.1781419962644577
0.019610438495874405
0.23766906559467316
0.03630775585770607
0.015485916286706924
0.060313861817121506
0.09246978163719177
0.08555717021226883
0.16598199307918549
0.01746375299990177
0.05268813297152519
0.030315019190311432
0.1981213092803955
0.14295238256454468
0.17401236295700073
0.05948595330119133
0.011792910285294056
0.006772294640541077
0.036328453570604324
0.1825379729270935
0.2286563217639923
0.02992265298962593
0.017629634588956833
0.25070416927337646
0.2021660953760147
0.02339990809559822
0.023985395208001137
0.03261832520365715
0.07529214769601822
0.1604010909795761
0.32417744398117065
0.11783140897750854
0.003064805641770363
0.0029067585710436106
0.21744516491889954
0.056085821241140366
0.09696837514638901
0.037995971739292145
0.49175673723220825
0.060930270701646805
0.3290207087993622
0.18499544262886047
0.5667924880981445
0.05847080796957016
0.01342009101063013
0.028943389654159546
0.37251704931259155
0.07324784249067307
0.015720771625638008
0.3458468019962311
0.03897906839847565
0.23241014778614044
0.017838114872574806
0.18095070123672485
0.06215675547719002
0.07218902558088303
0.2754666805267334
0.13365334272384644
0.136307492852211
0.03190978989005089
0.3176179528236389
0.14825104176998138
0.031071767210960388
0.006939822342246771
0.04245511442422867
0.0882151871919632
0.23339807987213135
0.05088778957724571
0.13159961998462677
0.04136744141578674
0.013284137472510338
0.11364087462425232
0.11862397938966751
0.19563715159893036
0.13224446773529053
0.1798066347837448
0.011293432675302029
0.1874409019947052
0.029219940304756165
0.1147218570113182
0.006021985784173012
0.3557872474193573
0.18620499968528748
0.010157668963074684
0.09116049110889435
0.2566247582435608
0.8526445627212524
0.044943492859601974
0.012645445764064789
0.03958839550614357
0.15701118111610413
0.22444140911102295
0.05218346789479256
0.029503153637051582
0.04191535338759422
0.013240312226116657
0.025993596762418747
0.245155930519104
0.033869627863168716
0.018907098099589348
0.017334062606096268
0.04147505387663841
0.04489108920097351
0.03764491528272629
0.024821197614073753
0.012472369708120823
0.017082439735531807
0.37378644943237305
0.0075940596871078014
0.024589691311120987
0.031176485121250153
0.27820390462875366
0.02995680645108223
0.0573180727660656
0.03653491660952568
0.3108958899974823
0.017666734755039215
0.05590185895562172
0.008539222180843353
0.1662980020046234
0.5151576399803162
0.013345046900212765
0.3024434447288513
0.033917564898729324
0.15693026781082153
0.451229989528656
0.03849732130765915
0.41368424892425537
0.16946709156036377
0.3876423239707947
0.050172947347164154
0.10594002157449722
0.20587559044361115
0.160495325922966
0.025020796805620193
0.1849159300327301
0.045164719223976135
0.2396690994501114
0.020315000787377357
0.01729862578213215
0.043272361159324646
0.028467632830142975
0.11824306100606918
0.05939142033457756
0.36872193217277527
0.04089817404747009
0.0524534173309803
0.02799917198717594
0.03628532588481903
0.0201784148812294
0.00015288522990886122
0.14893877506256104
0.2869008183479309
0.14376914501190186
0.03841828182339668
0.04620210453867912
0.03176701068878174
0.7563934922218323
0.5259990096092224
0.013283578678965569
0.05573256313800812
0.03107386827468872
0.2836492955684662
0.23963496088981628
0.036282122135162354
0.024311937391757965
0.1281459629535675
0.028462564572691917
0.23655042052268982
0.05271047353744507
0.029249703511595726
0.02526756562292576
0.4190988540649414
0.16068080067634583
0.06124681606888771
0.026719437912106514
0.01507502794265747
0.37530606985092163
0.6962254047393799
0.063567616045475
0.6204684972763062
0.32404327392578125
0.023137491196393967
0.06563029438257217
0.11627238243818283
0.2161913812160492
0.01339189987629652
0.07304714620113373
0.03177153319120407
0.27597352862358093
0.15643569827079773
0.01584317721426487
0.01735074631869793
0.3207285702228546
0.1342320740222931
0.21298056840896606
0.07537488639354706
0.09727128595113754
0.23107877373695374
0.15084633231163025
0.005175909027457237
0.17052161693572998
0.3346618413925171
0.019067449495196342
0.28165069222450256
0.20870426297187805
0.012140310369431973
0.30624136328697205
0.19820304214954376
0.008475313894450665
0.005458631087094545
0.02756749466061592
0.04754997789859772
0.15146224200725555
0.016903651878237724
0.027022095397114754
0.037369612604379654
0.1571926325559616
0.013680067844688892
0.19106893241405487
0.02637322247028351
0.03340853750705719
0.03347417339682579
0.009454519487917423
0.041858889162540436
0.4180775284767151
0.014581426046788692
0.2051231861114502
0.013196302577853203
0.19313311576843262
0.034542545676231384
0.16948294639587402
0.13092555105686188
0.06946856528520584
0.4775591790676117
0.20054574310779572
0.026565436273813248
0.04127603396773338
0.07346514612436295
0.07533539086580276
0.19904842972755432
0.0264138113707304
0.1113588809967041
0.007348688784986734
0.0762820914387703
0.043830469250679016
0.11413419246673584
0.028680259361863136
0.03363257274031639
0.06378248333930969
0.1516021490097046
0.32465142011642456
1.418570876121521
0.012488136067986488
0.10145623236894608
0.1006050854921341
0.27579429745674133
0.031769074499607086
0.03920162469148636
0.10852725058794022
0.04089166224002838
0.005654958076775074
0.11879527568817139
0.0333716981112957
0.28486940264701843
0.014543387107551098
0.01917673833668232
0.017621144652366638
0.03159944340586662
0.037792813032865524
0.010964127257466316
0.008515891619026661
0.07466071099042892
0.019152041524648666
0.3081936836242676
0.024616673588752747
0.031380921602249146
0.04496177285909653
0.012890173122286797
0.35283753275871277
0.2712879478931427
0.2795602083206177
0.2828490734100342
0.06995213031768799
0.03373916819691658
0.017448943108320236
0.07295369356870651
0.00023155202507041395
0.06581715494394302
0.11196990311145782
1.0015672445297241
0.012669223360717297
0.014910416677594185
0.017638465389609337
0.15466240048408508
0.14260779321193695
0.06883364915847778
0.8002947568893433
0.606400191783905
0.25492021441459656
0.022590719163417816
0.4344371557235718
0.05530395731329918
0.012033490464091301
0.11914092302322388
0.019437847658991814
0.044745493680238724
0.037475213408470154
0.17474119365215302
0.019289977848529816
0.01935044676065445
0.2060815691947937
0.0031323269940912724
0.1705361157655716
0.02038145251572132
0.033740557730197906
0.031196702271699905
0.049961742013692856
0.25107279419898987
0.257030725479126
0.306092768907547
0.016794154420495033
0.247665137052536
0.16635631024837494
0.11549897491931915
0.014108987525105476
0.00977420900017023
0.02441387064754963
0.13145171105861664
0.06990423053503036
0.06181821972131729
0.18149055540561676
0.02089063450694084
0.07765756547451019
0.4467720687389374
0.32323241233825684
0.028249284252524376
0.2237773984670639
0.09264885634183884
0.2716132700443268
0.01271532941609621
0.39760786294937134
0.01333431713283062
0.01263116579502821
0.12981872260570526
0.03897374868392944
0.012716898694634438
0.010774655267596245
0.005239261779934168
0.15933354198932648
0.01204355712980032
0.02257561683654785
0.469720721244812
1.0976097583770752
0.3007808029651642
0.20332792401313782
0.2647831439971924
0.5508796572685242
0.00606521125882864
0.01566055603325367
0.4709533154964447
0.1253182291984558
0.01825159229338169
0.2968708276748657
0.26243576407432556
0.02815394103527069
0.23292964696884155
0.010203464888036251
0.31329581141471863
0.023337753489613533
0.024097466841340065
0.03933022543787956
0.006113267969340086
0.03618919476866722
0.03223909065127373
0.04511886090040207
0.6366478204727173
0.8226830959320068
0.6333329081535339
0.007973568513989449
0.08352956920862198
0.039330750703811646
0.007492893375456333
0.08925182372331619
0.06066614389419556
0.02720370516180992
0.05517341196537018
0.14378055930137634
0.01885298080742359
0.055530253797769547
0.022548725828528404
0.35373345017433167
0.1367727369070053
0.9214870929718018
0.1478021889925003
0.037959642708301544
0.023310402408242226
0.026196494698524475
0.28357750177383423
0.16049841046333313
0.013344697654247284
0.016523636877536774
0.08452857285737991
0.0105041628703475
0.31058651208877563
0.19482415914535522
0.0001212716379086487
0.032867688685655594
0.3185082674026489
1.0029504299163818
0.0181188452988863
0.34554654359817505
0.4316559135913849
0.29836347699165344
0.002800316084176302
0.01596764288842678
0.021660028025507927
0.4613271653652191
0.026392513886094093
0.24314512312412262
0.038932666182518005
0.06812858581542969
0.10224317014217377
0.04676268994808197
0.06703396886587143
0.24749718606472015
0.022961143404245377
0.05179762467741966
0.17458458244800568
0.18654097616672516
0.04517136514186859
0.02900361455976963
0.01823793724179268
0.045143693685531616
0.24339470267295837
0.045046962797641754
0.020042801275849342
0.25864335894584656
0.03287845849990845
0.201706662774086
0.026967957615852356
0.08323259651660919
0.24348342418670654
0.31169241666793823
0.11319293081760406
0.022063424810767174
0.010823255404829979
0.015944167971611023
0.1639401763677597
0.06039794906973839
0.05324829742312431
0.016777630895376205
0.03508187085390091
0.06421495229005814
0.16423121094703674
0.10513926297426224
0.17555706202983856
0.11342082172632217
0.3730922043323517
0.052195776253938675
0.005281735211610794
0.02997724525630474
0.16272185742855072
0.18819770216941833
0.34620431065559387
0.014956539496779442
0.012853634543716908
0.06076185032725334
0.1928139477968216
0.19830608367919922
0.16259172558784485
0.021967941895127296
1.0482537746429443
0.2306460291147232
0.2007267028093338
0.010553628206253052
0.05755389854311943
0.025897273793816566
0.25959962606430054
0.008298191241919994
0.23005221784114838
0.1907324492931366
0.3608393967151642
0.09373486042022705
0.013261971063911915
0.02713717520236969
0.18685249984264374
0.028161274269223213
0.029970306903123856
0.1534479856491089
0.027899179607629776
0.1321037858724594
0.027045348659157753
0.39090362191200256
0.02091071754693985
0.023455128073692322
0.017854729667305946
0.0614512600004673
0.15196797251701355
0.03764645755290985
0.012207926250994205
0.021916018798947334
0.1451582908630371
0.22089660167694092
0.1410592794418335
0.1904301792383194
0.015474388375878334
0.130571648478508
0.021834583953022957
0.031160594895482063
0.04219911992549896
0.5430657267570496
0.04162866994738579
0.007152779493480921
0.0006072668475098908
0.165993332862854
0.1159091666340828
0.17279517650604248
0.013858887366950512
0.020213941112160683
0.02328634075820446
0.04012513905763626
0.02675977721810341
0.02547350898385048
0.032877013087272644
0.2197452336549759
0.01736430451273918
0.022855788469314575
0.006825595162808895
0.07417622953653336
0.024398313835263252
0.11343669891357422
0.15992461144924164
0.04794429987668991
0.18471920490264893
0.0805744007229805
0.2701340615749359
0.012892130762338638
0.08300639688968658
0.6997396349906921
0.25397029519081116
0.00042682935600169003
0.034745004028081894
0.38060373067855835
0.37177422642707825
0.0065561318770051
0.457594633102417
0.04603537544608116
0.01844743639230728
0.20358528196811676
0.008170947432518005
0.2966448664665222
0.02551868185400963
0.19007855653762817
0.01520885992795229
0.29557061195373535
0.1702936291694641
0.17989078164100647
0.20288601517677307
0.05767856538295746
0.05791347101330757
0.002238380489870906
0.1860238015651703
0.15794385969638824
0.015519402921199799
0.09758821129798889
0.056167468428611755
0.00019420463650021702
0.014709929004311562
0.024684475734829903
0.06702257692813873
0.04823783040046692
0.023503178730607033
0.007514460943639278
0.003380090929567814
0.37998098134994507
0.07792243361473083
0.24018825590610504
0.05914902314543724
0.36743253469467163
0.15990491211414337
0.016703946515917778
0.2642335593700409
0.03860757499933243
0.013456781394779682
0.26067623496055603
0.3587634563446045
0.18492798507213593
0.4042244255542755
0.18204621970653534
0.046870168298482895
0.21170896291732788
0.03774173557758331
0.013211756013333797
0.26903271675109863
0.26545554399490356
0.015987057238817215
0.1282586306333542
0.020876115188002586
0.07291329652070999
0.08635330200195312
1.9244755506515503
0.031152887269854546
0.4482467770576477
0.11450984328985214
0.017400594428181648
0.015030371956527233
0.06791885942220688
0.01917930319905281
0.15282289683818817
0.24569164216518402
0.0351877398788929
0.4202488362789154
0.11308202147483826
0.1413850039243698
0.19407670199871063
0.19772832095623016
0.0003975212457589805
0.005553827155381441
0.6359789967536926
0.040286123752593994
0.4181763827800751
0.28353360295295715
0.4430824816226959
0.022063035517930984
0.018081923946738243
0.04178772121667862
0.028843743726611137
0.14639784395694733
0.031696539372205734
0.013922765851020813
0.022096358239650726
0.03190901130437851
0.09205376356840134
0.010503972880542278
1.8303910493850708
0.018811872228980064
0.009190642274916172
0.06224239245057106
0.1497778594493866
0.29173800349235535
0.034897495061159134
0.02133195288479328
0.009626125916838646
0.032933466136455536
0.10686267912387848
0.016804251819849014
0.014104931615293026
0.9943720102310181
0.1694665402173996
0.011879640631377697
0.16678892076015472
0.4641037583351135
0.07901382446289062
0.15733158588409424
0.22730782628059387
0.025312284007668495
0.014059802517294884
0.08348430693149567
0.07335525006055832
0.03625357151031494
0.019922690466046333
0.02292872965335846
0.1559533178806305
0.03205137327313423
0.02333134599030018
0.036741264164447784
0.020587746053934097
0.058846648782491684
0.25514844059944153
0.20755557715892792
0.11078871786594391
0.1192571148276329
0.3777009844779968
0.03187144175171852
0.00016686080198269337
0.005807066801935434
0.08124099671840668
0.014565023593604565
0.13052362203598022
0.2194770723581314
0.014755567535758018
1.2820968627929688
0.004731922876089811
0.02935652993619442
0.08510363847017288
0.050010863691568375
0.030194560065865517
0.27916219830513
0.1007482185959816
0.027226923033595085
0.046154238283634186
0.007397433742880821
0.20692764222621918
0.046699315309524536
0.027267972007393837
0.031491976231336594
0.14752915501594543
0.2535235285758972
0.2858869135379791
0.8207002282142639
0.2516891062259674
0.2128923535346985
0.6415817141532898
0.02774580381810665
0.25608474016189575
0.011009850539267063
0.3185235559940338
0.03768296167254448
3.9832489490509033
0.02794775739312172
0.02898487262427807
0.5926436185836792
0.03107362985610962
0.007716597989201546
0.16178616881370544
0.04364512115716934
0.02973877638578415
0.029060639441013336
0.1520005166530609
0.011020599864423275
0.26210182905197144
0.009436873719096184
0.038596026599407196
0.006361393257975578
0.047049395740032196
0.008516049012541771
0.0395951122045517
0.051379211246967316
0.03522436320781708
0.017397506162524223
0.24089570343494415
0.030686447396874428
0.02874685265123844
0.0063332621939480305
0.23626166582107544
0.016900314018130302
0.028783204033970833
0.7072275876998901
0.3987995684146881
0.022391801699995995
0.030330289155244827
0.011603983119130135
0.1670241504907608
0.11607086658477783
0.24797329306602478
0.13450799882411957
0.01789347641170025
0.10651151090860367
0.11497664451599121
0.2188948690891266
0.4618109166622162
0.05808814987540245
0.06885888427495956
0.01709436997771263
0.12475913763046265
0.07167863100767136
0.0036520794965326786
0.5235320925712585
0.01217200979590416
0.03125312179327011
0.07080384343862534
0.23922352492809296
0.021426988765597343
0.016955377534031868
0.17948269844055176
0.009674607776105404
0.07869625091552734
0.014202011749148369
0.038807474076747894
0.026092134416103363
0.06751640886068344
0.02632645145058632
0.03756432235240936
0.2213747501373291
0.0329161062836647
0.22820745408535004
0.03200765699148178
0.022831441834568977
0.05155045539140701
0.020173918455839157
0.06435038149356842
0.0261731818318367
0.2461593747138977
0.13379032909870148
0.19441547989845276
0.024125410243868828
0.023693300783634186
0.08249828964471817
0.057193417102098465
0.025208892300724983
0.055238790810108185
0.12473190575838089
0.3974723517894745
0.04218778759241104
0.011899499222636223
0.00012171044363640249
0.40839940309524536
0.06441670656204224
0.23458640277385712
0.0228992011398077
0.19440339505672455
0.006029222160577774
0.05969315767288208
0.012024836614727974
0.21558386087417603
0.03730040043592453
0.19270868599414825
0.01682872697710991
0.016953881829977036
0.03551724925637245
0.4413316547870636
0.051890742033720016
0.03425304591655731
0.2325800508260727
0.006460278760641813
0.07180824130773544
0.05690806359052658
0.2427690178155899
0.19844688475131989
0.2523024380207062
0.029376588761806488
0.0046462551690638065
0.033153124153614044
0.04972133785486221
0.011793377809226513
0.18728259205818176
0.05024068057537079
0.23402898013591766
0.17938628792762756
0.043483421206474304
0.015401560813188553
0.04188312217593193
0.20209315419197083
0.05056977644562721
0.004979555495083332
0.022702259942889214
0.19535544514656067
0.219242662191391
0.030453944578766823
0.16240377724170685
0.12243609130382538
0.14759524166584015
0.008653628639876842
0.1946021467447281
0.19830794632434845
0.017815394327044487
0.01767771504819393
0.08627048134803772
0.02137196995317936
0.011632170528173447
0.01115715503692627
0.1695486158132553
0.21705928444862366
0.014074769802391529
1.1997140645980835
0.04466873034834862
0.017392873764038086
0.09105799347162247
0.2552245259284973
0.0398218147456646
0.044104672968387604
0.12427479773759842
0.34731072187423706
0.017210403457283974
0.03376612812280655
0.007497275713831186
6.156114250188693e-05
0.014668630436062813
0.04723667353391647
0.5889344215393066
0.01308693177998066
0.03914741054177284
0.015725253149867058
0.19056004285812378
0.18709665536880493
0.007800086867064238
0.03362394869327545
0.013746436685323715
0.04942834749817848
0.3393996059894562
0.4580267667770386
0.10812997072935104
0.30639663338661194
0.2830196022987366
0.17815415561199188
0.07965678721666336
0.061823535710573196
0.11481638252735138
2.3614516258239746
0.18571344017982483
0.15826044976711273
0.3217862844467163
0.04234033450484276
0.11807502061128616
0.06936778873205185
0.028522109612822533
0.054518911987543106
0.016559984534978867
0.29220151901245117
0.005225998815149069
0.3849388360977173
0.038346897810697556
0.022622408345341682
0.04366590455174446
0.17702564597129822
0.27851924300193787
0.010639932006597519
0.01914839819073677
0.2180689126253128
0.23881910741329193
0.19547924399375916
0.033163536339998245
0.03045409545302391
0.3969514071941376
0.0421903021633625
0.03923194855451584
3.708603617269546e-05
0.022890137508511543
0.7184210419654846
0.01875847391784191
0.039379142224788666
0.006544409319758415
0.16435475647449493
0.04273750260472298
0.042263951152563095
0.226213738322258
0.02725093625485897
0.27192237973213196
0.20541757345199585
0.13806980848312378
0.039016928523778915
0.01075018011033535
0.024370670318603516
0.04128093272447586
0.02516297623515129
0.11936537176370621
0.02025531604886055
0.022024860605597496
0.060229118913412094
0.1633753478527069
0.13778698444366455
0.020797746255993843
0.061470530927181244
0.04994618147611618
0.035258352756500244
0.009754348546266556
0.44437500834465027
0.02637769840657711
0.028084825724363327
0.12427153438329697
0.0033630351535975933
0.014334134757518768
0.1869054138660431
0.07013620436191559
0.497906893491745
0.03641657158732414
0.17374581098556519
0.0353405736386776
0.05437227711081505
0.017886849120259285
0.10362038016319275
0.006385261658579111
0.40476223826408386
0.17287811636924744
0.05844779312610626
0.00010449619730934501
0.16594861447811127
0.14410945773124695
0.020542651414871216
0.00347611540928483
0.014484352432191372
0.010612315498292446
0.19804136455059052
0.013370439410209656
0.04226073622703552
0.1338644176721573
0.01257272157818079
0.28257638216018677
0.015278557315468788
0.15139339864253998
0.07380063831806183
0.334716260433197
0.027598541229963303
0.14402185380458832
0.5257478952407837
0.0979037880897522
0.019800355657935143
0.35109809041023254
0.09412046521902084
0.1773775964975357
0.03440738841891289
0.017317363992333412
0.1316259801387787
0.08941470086574554
0.04520396888256073
0.10162624716758728
0.026945555582642555
0.08352366834878922
0.020840302109718323
0.11424829065799713
0.2570335268974304
0.004814383573830128
0.46500536799430847
0.008322286419570446
0.027261817827820778
0.0730513408780098
0.021924195811152458
0.031296223402023315
0.045318081974983215
0.03424166515469551
0.5497027039527893
0.2531369924545288
0.03861362859606743
0.07604473829269409
0.00801844522356987
0.3517780005931854
0.21710266172885895
0.02631152793765068
0.014204451814293861
0.06281507760286331
0.07148684561252594
0.023162322118878365
0.008182646706700325
0.03194749727845192
0.0794534832239151
0.03632207214832306
0.0156753771007061
0.06376239657402039
0.15766192972660065
0.1530829668045044
0.007317175157368183
0.0897493064403534
0.013725236989557743
0.02122093364596367
0.28423136472702026
0.18990322947502136
0.19418814778327942
0.054777782410383224
0.008951777592301369
0.033003322780132294
0.0809040367603302
0.21023644506931305
0.23610036075115204
0.09702090173959732
0.3515530824661255
0.010413340292870998
0.020875459536910057
0.10772024840116501
0.23186714947223663
0.1591293215751648
0.03586229681968689
0.06667404621839523
0.07904716581106186
0.015138374641537666
0.40859758853912354
0.0396912544965744
0.039496880024671555
0.17685703933238983
0.028359003365039825
0.28951597213745117
0.07929385453462601
0.1582934856414795
0.1930343061685562
0.3135837912559509
0.13491672277450562
0.050345104187726974
0.045244891196489334
0.025687318295240402
0.17062222957611084
0.01324993371963501
0.0774439126253128
0.21544650197029114
0.09004886448383331
0.0005201346939429641
0.0091352928429842
0.4021729826927185
0.06434808671474457
0.01658395677804947
0.2143753170967102
0.32305455207824707
0.0922945961356163
0.10675539821386337
0.21949483454227448
0.013463103212416172
0.2626357078552246
0.03438921272754669
0.021852269768714905
0.03905031830072403
0.06804903596639633
0.12755338847637177
0.040349140763282776
0.018718503415584564
0.3955954611301422
0.021127207204699516
0.05381707102060318
0.04561607912182808
0.046400804072618484
0.33775532245635986
0.016083884984254837
0.0002177849819418043
0.0810542181134224
0.5126796960830688
0.14342232048511505
0.024775708094239235
0.07015426456928253
0.04144687205553055
0.0343293659389019
0.07228925824165344
0.04890294745564461
0.07572802901268005
0.06274829804897308
0.12313681095838547
0.024491695687174797
0.24051238596439362
0.034718576818704605
0.2109445482492447
0.24405114352703094
0.058489564806222916
0.02227632701396942
0.004964455496519804
0.01083287876099348
0.025645524263381958
0.07697895169258118
0.022509481757879257
0.07880832999944687
0.5484170317649841
0.040802616626024246
0.03371044248342514
0.2617180049419403
0.1738387942314148
0.012802887707948685
0.02861821837723255
0.023993901908397675
0.22527267038822174
0.19212286174297333
0.18503740429878235
0.05451396852731705
0.08842939138412476
0.022784175351262093
0.08574829995632172
0.19429095089435577
0.1615341454744339
0.19148163497447968
0.019772624596953392
0.10928139090538025
0.052236929535865784
0.03893851116299629
0.14436763525009155
0.32381904125213623
0.41363945603370667
0.039712198078632355
0.07419568300247192
1.446517825126648
0.3985747992992401
0.016171770170331
0.029663361608982086
0.061917535960674286
0.3143343925476074
0.09785652160644531
0.0717378556728363
0.11960037052631378
0.02292731963098049
0.14116600155830383
0.0508216954767704
0.016237013041973114
0.018445173278450966
0.21680232882499695
0.033476632088422775
0.8764445781707764
0.016627294942736626
0.02314707636833191
0.06333689391613007
0.21664226055145264
0.16764582693576813
0.029669376090168953
0.10601649433374405
1.6515979766845703
0.06621742993593216
0.09315702319145203
0.005650082137435675
0.6066353917121887
0.062032751739025116
0.03188961371779442
0.20000801980495453
0.016928059980273247
0.0991026982665062
0.21962764859199524
0.04875995218753815
0.05172628164291382
0.028722820803523064
0.057901062071323395
0.0084166144952178
0.41135838627815247
0.01954035460948944
0.11320846527814865
0.012104932218790054
0.08679495006799698
0.0821615606546402
0.0219983272254467
0.07304833084344864
0.002741756848990917
0.02258293144404888
0.052514754235744476
0.1370810568332672
0.01920287497341633
0.09704585373401642
0.08941042423248291
0.05761018022894859
0.14418978989124298
0.02902175299823284
0.040420468896627426
0.01855185627937317
0.04878627881407738
0.20975446701049805
0.01131861936300993
0.010655627585947514
0.0526140034198761
0.08891010284423828
0.031040353700518608
0.18923363089561462
0.20787298679351807
0.029864251613616943
0.02537364326417446
0.18433697521686554
0.013442229479551315
0.004546320531517267
0.8320685625076294
0.07810430228710175
0.3854007422924042
0.17435994744300842
0.04088909551501274
0.16723839938640594
0.035757020115852356
0.0035473727621138096
0.020537912845611572
0.07995553314685822
0.23864302039146423
0.012977386824786663
0.13197477161884308
0.2304157316684723
0.22182369232177734
0.011341874487698078
0.02307300455868244
0.014673562720417976
0.03016779012978077
0.015251673758029938
0.18374869227409363
0.278507262468338
0.015052082017064095
0.19994616508483887
0.08344339579343796
0.6187220811843872
0.022806456312537193
0.056023553013801575
0.012469768524169922
0.03301350772380829
0.021611656993627548
0.015820378437638283
0.13429605960845947
0.07225675135850906
0.030474673956632614
0.19654855132102966
0.015239371918141842
0.4906311631202698
0.3430614471435547
0.04535346478223801
0.05679652467370033
0.09504814445972443
0.6615126729011536
0.010042783804237843
0.2029171586036682
0.4102257490158081
0.02495376020669937
0.019569680094718933
0.06397157162427902
0.17612262070178986
0.021743780001997948
0.028403740376234055
0.026139356195926666
0.2550622224807739
0.174380823969841
0.006255580577999353
0.29016539454460144
0.02922617271542549
0.09320816397666931
0.3982129395008087
0.09739687293767929
0.16214929521083832
0.19041967391967773
0.055822309106588364
0.27882319688796997
0.025406720116734505
0.02335897460579872
0.018511705100536346
0.03134509548544884
0.0614098459482193
0.24467281997203827
0.0538787916302681
0.04419334977865219
0.35453373193740845
0.10502639412879944
0.0399104580283165
0.2593701183795929
0.13371680676937103
0.17458167672157288
0.21963921189308167
0.31025364995002747
0.005968512035906315
0.005316069349646568
0.01844828762114048
0.01907518319785595
0.024448484182357788
0.21227221190929413
0.03266686573624611
0.3406386077404022
0.03715306520462036
0.02654116228222847
0.2376813441514969
0.013760338537395
0.03366691246628761
0.01601986214518547
0.005399602465331554
0.035527750849723816
0.18579541146755219
0.06761415302753448
0.021388938650488853
0.2709401845932007
0.021657342091202736
0.010347390547394753
0.014789186418056488
0.17612731456756592
0.0905926376581192
0.013688204810023308
0.22114960849285126
0.35874229669570923
0.039489977061748505
0.49947571754455566
0.005986712872982025
0.8174845576286316
0.23974181711673737
0.23638543486595154
0.04557594656944275
0.10128983855247498
0.8346178531646729
0.05641255900263786
0.014014213345944881
0.01653209887444973
0.14249929785728455
0.009209981188178062
0.015840008854866028
0.2193220555782318
0.029993006959557533
0.44466814398765564
0.17055106163024902
0.1948859542608261
0.21387653052806854
0.005685216747224331
0.015988700091838837
0.0693356916308403
0.08248946815729141
0.02149149775505066
0.25556808710098267
0.04756871238350868
0.02979392558336258
0.22811849415302277
0.019539665430784225
0.1999768167734146
0.03090398572385311
0.024686727672815323
1.5485159158706665
0.09053047746419907
0.04239244386553764
0.35064613819122314
0.04023247957229614
0.05731240287423134
0.024636080488562584
0.07152435183525085
0.06886449456214905
0.043313972651958466
0.01727449707686901
0.015227807685732841
0.08876799792051315
0.02438977174460888
0.2808361053466797
0.17705857753753662
0.28246548771858215
0.10374269634485245
0.15730345249176025
0.194071426987648
0.020941399037837982
0.1958298683166504
0.06710183620452881
0.18405765295028687
0.020001277327537537
0.24170218408107758
0.08124741166830063
0.4485223889350891
0.06770249456167221
0.345804363489151
0.023283416405320168
0.012448268942534924
0.011223237961530685
0.2536681592464447
0.0757586807012558
0.022232908755540848
0.03696165606379509
0.013584637083113194
0.0917317345738411
0.09211694449186325
0.1013825312256813
0.0981123074889183
0.25852951407432556
0.1700773984193802
1.3027390241622925
0.042977385222911835
0.020686475560069084
0.022493349388241768
0.00027733849128708243
0.21595384180545807
0.006279508583247662
0.314719021320343
0.2685402035713196
0.23493105173110962
0.014859726652503014
0.026681285351514816
0.40464699268341064
0.016311993822455406
0.01322508417069912
0.12857139110565186
0.05922623351216316
0.22469820082187653
0.986574649810791
0.4767288267612457
0.09725301712751389
0.16051623225212097
0.01808803528547287
0.024868765845894814
0.03301095589995384
0.2070433795452118
0.11237701028585434
0.011117586866021156
0.2625768184661865
0.0108934435993433
0.1093074232339859
0.5738677382469177
0.0447881817817688
0.05183723196387291
0.01932555064558983
0.3038686513900757
0.2047586590051651
0.019236436113715172
0.02286614663898945
0.4505377411842346
0.34920650720596313
0.039108164608478546
0.020719457417726517
0.010888265445828438
0.038405776023864746
0.24736712872982025
0.33255085349082947
0.04602896049618721
0.2476045936346054
0.00021128069784026593
0.03546476364135742
0.026925550773739815
0.22723472118377686
0.1005135029554367
0.0661400705575943
0.013733520172536373
0.028162775561213493
0.04519784450531006
25.098167419433594
0.12919823825359344
0.008934331126511097
0.010539197362959385
0.00015832534700166434
0.0060449945740401745
0.0014619288267567754
0.28967148065567017
0.024080505594611168
0.3864283561706543
0.01667853817343712
0.022466514259576797
0.06377188116312027
0.059581462293863297
0.015065801329910755
0.06884006410837173
0.20335544645786285
0.04181324318051338
0.06353764235973358
0.04048268496990204
0.03559877350926399
0.12326833605766296
0.39551642537117004
0.6268637776374817
0.029545769095420837
0.0294052567332983
0.11896409839391708
0.062393609434366226
0.013676566071808338
0.024388430640101433
0.008823989890515804
0.024872297421097755
0.08275534212589264
0.033197298645973206
0.18037588894367218
0.006184591446071863
0.22808851301670074
0.04035583510994911
0.3242964446544647
0.4299759864807129
0.3260614573955536
0.522433340549469
0.015564818866550922
0.07233094424009323
0.05712641030550003
0.015760470181703568
0.024686403572559357
0.17271433770656586
0.05144061520695686
0.04213123768568039
0.4359588027000427
0.21964389085769653
0.03873342275619507
0.1538219302892685
0.21758157014846802
0.012255352921783924
0.07029211521148682
0.11590424180030823
0.21748566627502441
0.15181711316108704
0.180740088224411
0.03875969722867012
0.005436143837869167
0.046103090047836304
0.06717341393232346
0.21773988008499146
0.0797497034072876
0.06883419305086136
0.37509799003601074
0.26338693499565125
0.3702957332134247
0.03727216646075249
0.04354220628738403
0.17832668125629425
0.2844792902469635
0.10141459107398987
0.013418033719062805
0.07545626908540726
0.3487968146800995
0.10200635343790054
0.05109304189682007
0.11063487827777863
0.2638661563396454
0.16325274109840393
0.20849542319774628
0.1019459217786789
0.011242270469665527
0.1428709179162979
0.11269401758909225
0.18636304140090942
0.021556586027145386
0.1523474156856537
0.2695457637310028
0.04445336014032364
0.036681924015283585
0.3745820224285126
0.17133164405822754
0.028207728639245033
0.05219664052128792
0.24120743572711945
0.10565455257892609
0.14084839820861816
0.03422437980771065
0.028998693451285362
0.10232534259557724
0.28081730008125305
1.5298658609390259
0.17006948590278625
0.15805310010910034
0.052762918174266815
0.22956398129463196
0.03207316994667053
0.17907781898975372
0.07083076238632202
0.010418994352221489
0.0208663921803236
0.06829489022493362
0.1973591446876526
0.021425584331154823
0.08797814697027206
0.04495595023036003
0.05439002811908722
0.23874300718307495
0.21848063170909882
0.1831185519695282
0.014626008458435535
0.006160937249660492
0.02960774302482605
0.010583724826574326
0.2513464689254761
0.08997416496276855
0.08988165110349655
0.7996684312820435
0.06693845242261887
0.015068316832184792
0.24000237882137299
0.2179035097360611
0.22656770050525665
0.03397749736905098
0.018190940842032433
0.21257653832435608
0.23879392445087433
0.0411250926554203
0.5550640225410461
0.13049669563770294
0.14254067838191986
0.016904372721910477
0.1795957088470459
0.008444570936262608
0.14242371916770935
0.32844921946525574
0.04296133294701576
0.03626643866300583
0.021878840401768684
0.4706096053123474
0.22947818040847778
0.07109067589044571
0.07587455213069916
0.011610572226345539
0.02804276905953884
0.05198580026626587
0.019518762826919556
0.032845091074705124
0.023374751210212708
0.07722801715135574
0.08950489014387131
0.019332004711031914
