0.2589850425720215
0.0708007737994194
1.1941784620285034
0.1301695853471756
0.3439318835735321
0.8106353282928467
0.02279576286673546
0.12077350914478302
0.45082008838653564
0.020100735127925873
0.3668137192726135
0.058609772473573685
0.18853159248828888
0.10270459204912186
0.20313698053359985
0.20786689221858978
0.022948110476136208
0.06626620888710022
0.12412427365779877
0.009089365601539612
0.03985675424337387
0.10945829004049301
0.024159420281648636
0.004252971149981022
0.5256199836730957
0.05769810453057289
0.7222307920455933
0.1135764941573143
3.575506343622692e-05
1.0155318975448608
0.010873861610889435
0.023514483124017715
0.09632482379674911
1.4495164155960083
0.06427492946386337
1.6383273601531982
0.4605012834072113
0.06814452260732651
0.30382370948791504
0.18417979776859283
0.21687713265419006
0.01819011941552162
0.06183141842484474
0.008387569338083267
0.27496227622032166
0.14896105229854584
0.3214927911758423
0.1002868264913559
0.264428973197937
0.03412244841456413
1.0418260097503662
0.26524901390075684
0.2549722492694855
0.19851374626159668
0.024296769872307777
0.0038356808945536613
0.05090544372797012
0.09803584963083267
0.0828012228012085
0.0012060842709615827
0.11869250237941742
0.016418201848864555
0.01003400981426239
0.033788830041885376
0.022428376600146294
0.23007969558238983
0.002298788633197546
0.14545752108097076
0.013900911435484886
0.5275647640228271
0.0028512615244835615
0.030912015587091446
1.1275177001953125
0.1605079472064972
0.9015232920646667
0.07685260474681854
0.06698992848396301
0.23315507173538208
0.023187581449747086
0.017505012452602386
0.011248845607042313
0.7712609171867371
0.6517100930213928
0.3056248128414154
0.26368826627731323
0.002503383904695511
0.02490420453250408
0.13312025368213654
0.30810219049453735
0.039745550602674484
0.031560685485601425
0.07230902463197708
0.002661446575075388
1.333609938621521
0.04095357283949852
0.21314606070518494
0.47038915753364563
0.319285124540329
0.029221607372164726
0.18177784979343414
0.2518131732940674
0.4775354862213135
0.051553722470998764
0.12475749105215073
0.4321931004524231
0.5597121715545654
0.0062974016182124615
0.02131687104701996
0.11180675029754639
0.8962551355361938
0.004013594705611467
0.02388709783554077
0.3500968813896179
0.005418987944722176
0.053918637335300446
0.11553815752267838
0.025889653712511063
0.17819464206695557
0.1629430651664734
0.02091393806040287
0.23265688121318817
0.08641688525676727
0.04497750848531723
0.581748366355896
0.008226188831031322
1.0838440656661987
0.5502438545227051
0.08171402662992477
0.008078698068857193
0.10867568105459213
0.004723281599581242
0.05990956723690033
0.15888164937496185
0.37541356682777405
0.06936023384332657
0.05198098346590996
8.454443013761193e-05
0.07521145045757294
0.19185513257980347
0.06962919980287552
0.377275288105011
0.21946050226688385
0.16660842299461365
0.0023448981810361147
0.06804540008306503
0.6170281171798706
0.17031164467334747
0.014311065897345543
0.05459536984562874
0.08751092851161957
0.03164013847708702
0.06514204293489456
1.2058464288711548
0.05646146088838577
0.2731994092464447
1.0141814947128296
0.058940671384334564
0.011614197865128517
0.014532536268234253
0.06805911660194397
0.18122316896915436
0.7452405095100403
0.03577542304992676
0.008622455410659313
0.3219755291938782
0.115789033472538
0.08622060716152191
0.07345742732286453
0.11500001698732376
0.05041902884840965
0.08789385855197906
0.00405421806499362
0.010192517191171646
0.3905416429042816
0.046079374849796295
0.1637975126504898
0.007843167521059513
0.04830659180879593
0.16983169317245483
0.053956981748342514
0.021517939865589142
0.12430822849273682
0.14090898633003235
0.01836644485592842
0.4655773341655731
0.31604626774787903
0.1845669001340866
0.04360826313495636
0.3055073320865631
0.08255745470523834
0.09045133739709854
0.009900216944515705
0.07519933581352234
0.026425547897815704
0.04560282453894615
0.0831427201628685
0.04186432808637619
0.1133732944726944
0.030910899862647057
0.0046788365580141544
0.031243395060300827
0.23649433255195618
0.03535788506269455
0.20069505274295807
0.027018241584300995
0.004406709689646959
0.10529837012290955
0.04100007191300392
0.0069769867695868015
0.00016991389566101134
0.007933410815894604
0.018858782947063446
0.3760634958744049
0.3388265073299408
0.15518872439861298
0.012231863103806973
0.11871633678674698
0.06047757714986801
0.16308937966823578
0.07931745052337646
0.0009246600675396621
0.004838455934077501
0.02295694872736931
0.03670885041356087
0.08291911333799362
0.11946206539869308
0.0024673163425177336
0.13916583359241486
0.0004500199866015464
0.0007771862437948585
1.0816667079925537
0.06099441647529602
0.5149275660514832
0.008017941378057003
0.043766848742961884
0.004758876282721758
0.048015840351581573
4.468106269836426
0.04024885967373848
0.19370907545089722
0.1303728073835373
0.13010917603969574
0.07562093436717987
0.14002318680286407
0.28979408740997314
0.0033259494230151176
0.15620540082454681
0.012689737603068352
0.11205780506134033
0.021854588761925697
0.0367661789059639
0.057534024119377136
0.1579669564962387
0.027453450486063957
0.6453863382339478
0.04186711460351944
0.14024639129638672
0.08161411434412003
0.05060015246272087
0.1486171931028366
0.10454218834638596
0.21378906071186066
0.14885681867599487
0.2606453001499176
0.014374800026416779
0.02379140444099903
0.10779192298650742
0.08058491349220276
0.006982320919632912
0.0846078023314476
0.06416723877191544
0.015392043627798557
0.019106343388557434
0.15882328152656555
0.4426019787788391
0.21875698864459991
0.055472537875175476
0.04091703146696091
0.1790107935667038
0.5312280058860779
0.007891357876360416
0.1389056146144867
0.07079403847455978
0.3551744520664215
0.004774264991283417
0.09284783899784088
0.12435959279537201
0.7520299553871155
0.013572604395449162
0.06074833869934082
0.09784132987260818
0.11043566465377808
0.004715100396424532
0.006684293504804373
0.04116090014576912
0.021900122985243797
0.35860005021095276
0.40032845735549927
0.036378420889377594
0.5481625199317932
0.0967094674706459
0.05863552168011665
0.0021906071342527866
0.13512976467609406
0.4872710108757019
0.01913454197347164
0.23923610150814056
0.5343186259269714
0.03633467108011246
2.488426446914673
0.05279877781867981
0.016947869211435318
0.18138191103935242
0.3285368084907532
1.1218739748001099
2.1740407943725586
0.29784640669822693
0.09219300746917725
0.02781815268099308
0.02828291617333889
0.09984593838453293
0.1544419825077057
0.06181306019425392
0.1541493982076645
0.08263814449310303
0.672411322593689
8.033509948290884e-05
0.02988329902291298
0.02312208153307438
0.5538219213485718
0.0736934095621109
0.0362774021923542
0.02941785380244255
0.03343047574162483
0.021892482414841652
0.2841716408729553
0.10126352310180664
0.0839877724647522
0.03891906887292862
0.01067266520112753
0.019546639174222946
0.5279018878936768
0.03432997688651085
0.00010268563346471637
0.09475516527891159
0.12487373501062393
0.39345023036003113
0.03236144408583641
0.2457054853439331
0.2522429823875427
0.0468875914812088
0.727289080619812
0.07269337773323059
0.07810981571674347
0.11977745592594147
0.3211018741130829
0.007931273430585861
0.035490360110998154
0.17450226843357086
0.02297564037144184
0.0843486487865448
0.04023151099681854
0.14079630374908447
0.007161432411521673
0.6021605134010315
0.6202986836433411
0.5062149167060852
1.4920573234558105
0.10504154860973358
1.6880295276641846
0.2851991653442383
0.20557545125484467
1.1929599046707153
0.34029802680015564
0.011057808995246887
0.29177114367485046
0.08279407769441605
0.004637516103684902
0.9242118000984192
0.45437413454055786
0.033581141382455826
0.04222077503800392
0.06465541571378708
0.03573280945420265
0.045684490352869034
0.04173903912305832
0.010065129958093166
0.4478176236152649
0.0007199715473689139
0.01587577909231186
0.019440919160842896
0.1942307949066162
0.02392672561109066
0.003500384744256735
0.06945961713790894
1.1892284154891968
0.21465136110782623
0.03665122762322426
0.4546297490596771
0.1185053214430809
0.08690182864665985
0.016701016575098038
0.2460804283618927
0.17757248878479004
0.013053148984909058
0.03501609340310097
0.5976807475090027
0.0853087455034256
0.06672453880310059
0.1125960424542427
0.1540456861257553
0.18491017818450928
0.2816353738307953
0.028506789356470108
0.7592869400978088
0.18103785812854767
1.1820920705795288
0.13748039305210114
0.005000926088541746
0.09623406827449799
0.03010636754333973
0.17356394231319427
0.12456962466239929
0.029632283374667168
0.05805082246661186
0.13091635704040527
0.11724422127008438
0.006245195399969816
0.006256333086639643
0.04378833621740341
0.2819986939430237
0.11930973827838898
0.04249009117484093
0.265543133020401
0.7708887457847595
0.02913956344127655
0.04384313151240349
0.15454015135765076
0.03272754326462746
0.5883458852767944
0.05493945628404617
0.05004103481769562
0.15555821359157562
0.0008492827764712274
0.35647839307785034
0.028582477942109108
0.02115572802722454
0.0014693972188979387
0.020560994744300842
0.15552324056625366
0.15099108219146729
0.0010511623695492744
0.18168066442012787
0.06625420600175858
0.21340540051460266
0.13949686288833618
0.041388485580682755
0.02507767826318741
0.3545668125152588
0.6319928169250488
0.4084733724594116
0.08870230615139008
0.10592718422412872
0.04428977519273758
0.2257527858018875
0.22866612672805786
0.15113796293735504
0.36135733127593994
0.009997165761888027
0.3400576710700989
0.0636749267578125
0.1686369627714157
0.10267920047044754
0.23328565061092377
0.02711580879986286
0.02805727906525135
0.1007172092795372
0.03901774808764458
0.2963810861110687
0.005638638976961374
0.06011687219142914
0.1429433375597
0.0038356706500053406
0.050388939678668976
0.03605420142412186
0.4707183837890625
0.06122930720448494
0.27632781863212585
0.019686328247189522
0.052297838032245636
0.4204046428203583
0.07974262535572052
0.08190083503723145
0.6164557933807373
0.11480767279863358
0.7760167121887207
0.17847856879234314
0.12651079893112183
0.03226318210363388
0.010417431592941284
0.025144441053271294
0.16749660670757294
0.5160995125770569
0.000894312048330903
0.027520162984728813
0.0004628543392755091
0.2613648772239685
0.35266584157943726
0.0050454819574952126
1.3661363124847412
0.4620763659477234
0.06477505713701248
0.09490891546010971
0.08984925597906113
0.06202671304345131
0.49267858266830444
0.003667186014354229
0.18384778499603271
0.5796083807945251
0.08547118306159973
0.17990805208683014
0.05496598780155182
0.11088971793651581
0.10177703201770782
0.2960776388645172
0.006305550690740347
0.027429645881056786
0.04830733314156532
0.005156271625310183
0.1889684647321701
0.13882532715797424
0.09773083031177521
0.22879470884799957
0.053877007216215134
0.136194109916687
0.14802415668964386
0.14553870260715485
0.03843574970960617
0.1569225937128067
0.06976480036973953
0.03007757104933262
0.7800471186637878
0.06709478795528412
0.15794697403907776
0.062359582632780075
0.04049834609031677
0.4948980212211609
0.09003382921218872
0.0040617589838802814
0.9857784509658813
0.009077858179807663
0.08454281091690063
0.044994648545980453
0.199053555727005
0.011935003101825714
0.047941841185092926
1.1532506942749023
0.03609493374824524
0.044921498745679855
0.5156838297843933
0.06125583499670029
0.18485046923160553
0.4339349567890167
0.15954473614692688
1.219701886177063
0.2002640813589096
1.0032762289047241
0.07171811163425446
0.31838458776474
0.18568889796733856
0.02638307213783264
0.14229518175125122
0.2866211235523224
0.32269343733787537
0.16777169704437256
0.04112256318330765
0.35965538024902344
0.01912004128098488
0.10470488667488098
0.001844010199420154
0.027753105387091637
0.06351237744092941
0.02588813006877899
0.8322159647941589
0.08989013731479645
0.016105398535728455
0.10514134913682938
0.01459573395550251
0.03727826848626137
0.05790087208151817
0.013442577794194221
0.014630299061536789
0.06840666383504868
0.31463682651519775
0.23382031917572021
0.05247388780117035
0.013362237252295017
1.3849867582321167
0.07066011428833008
0.3709678649902344
0.2095775306224823
0.042279891669750214
0.03199252486228943
0.08496151119470596
0.0036405189894139767
0.014790254645049572
0.011888233944773674
0.008649433963000774
0.4389408826828003
0.17523662745952606
0.014215602539479733
0.09711650758981705
0.24968186020851135
0.6219656467437744
0.03923041746020317
0.05874371901154518
0.14502818882465363
0.06500992178916931
0.220438614487648
0.10450626164674759
0.02765236794948578
0.058118630200624466
0.04630206525325775
0.04706922173500061
0.05278943106532097
0.043162960559129715
0.08057089149951935
0.003020884469151497
0.0232480950653553
0.23519405722618103
0.026172595098614693
0.34321263432502747
0.010365612804889679
0.07121597230434418
0.7612096071243286
0.033841874450445175
0.9109358787536621
0.034794002771377563
0.19545526802539825
0.029167482629418373
0.008767235092818737
0.04773055016994476
0.16010715067386627
0.29193615913391113
0.46169039607048035
0.3041646480560303
0.11699700355529785
0.8750954270362854
0.36321964859962463
0.17106863856315613
0.2241414338350296
0.010516561567783356
0.3379357159137726
0.659345269203186
0.042115163058042526
0.014250889420509338
0.08291829377412796
1.5989174842834473
0.03472965210676193
0.5800492763519287
8.606732080806978e-06
0.5168567299842834
0.0009417254477739334
0.035143814980983734
0.04850379005074501
0.15842126309871674
0.9989448189735413
0.1276797652244568
0.009703727439045906
0.07593434303998947
0.015194129198789597
0.023239880800247192
0.05297444760799408
0.8229799270629883
0.34792381525039673
0.09919819980859756
0.1572875678539276
0.14670567214488983
0.027863822877407074
0.3554948568344116
0.10790352523326874
0.13594360649585724
0.0017526508308947086
0.02543141320347786
0.017830094322562218
0.3356037139892578
0.006713483482599258
0.030043544247746468
0.07151787728071213
0.1119953989982605
0.021038681268692017
0.0321134589612484
0.021521875634789467
0.21507993340492249
0.0031213266775012016
0.24408745765686035
0.07719964534044266
0.6419752836227417
0.23729906976222992
0.12000955641269684
0.004425204358994961
0.10857442021369934
0.13275955617427826
0.05267571657896042
0.07238729298114777
0.02482973411679268
0.22443611919879913
0.06138479709625244
0.8156232833862305
0.0882687196135521
0.006528002675622702
0.30584001541137695
0.10325752943754196
0.012353812344372272
0.4807851314544678
0.03162829577922821
0.020287545397877693
0.037463705986738205
0.3757428228855133
0.07784825563430786
0.9824954271316528
0.18082107603549957
0.06875082105398178
0.06713240593671799
0.08737199753522873
0.40326425433158875
0.042229972779750824
0.04858044162392616
0.012356479652225971
0.00035145008587278426
1.4378494024276733
0.012366201728582382
0.03072737343609333
0.045547109097242355
0.0006485973717644811
0.18721851706504822
0.28555727005004883
0.0345415398478508
0.07581041753292084
0.18970569968223572
0.048912595957517624
0.18384690582752228
0.04396703466773033
0.010589978657662868
0.5326184034347534
0.07164265215396881
1.0233553647994995
0.032332420349121094
0.05961970239877701
0.12352118641138077
0.39928650856018066
0.024137385189533234
0.05170997977256775
0.015048986300826073
0.1743723601102829
0.15597230195999146
0.24679003655910492
0.18178871273994446
0.09194004535675049
0.07205220311880112
0.06154729425907135
0.0015301430830731988
1.0341613292694092
0.003685323754325509
0.08333053439855576
0.11047078669071198
0.018096154555678368
0.0024285127874463797
0.0031565863173455
0.04587284103035927
0.10858622193336487
0.07654204219579697
0.1691453903913498
0.6547756195068359
0.30202221870422363
0.4327913224697113
0.01477539911866188
0.052915461361408234
0.038107939064502716
0.1286560446023941
0.01716231182217598
0.38403457403182983
0.050915997475385666
0.013660941272974014
0.05169420689344406
0.09992974251508713
0.0054276688024401665
0.12290308624505997
0.33704954385757446
0.0952988713979721
0.1567293107509613
1.0370872020721436
0.21727889776229858
0.004768159706145525
0.033464375883340836
0.23779180645942688
0.34254416823387146
0.04575101658701897
0.061096273362636566
0.13916458189487457
0.10408902913331985
0.007220140658318996
0.5113352537155151
0.3066749572753906
0.17100444436073303
0.009730007499456406
0.08026764541864395
0.012834548950195312
0.2918674349784851
0.0953839048743248
0.09555002301931381
0.13231909275054932
0.22619320452213287
0.22270584106445312
0.12389819324016571
0.030738908797502518
0.09880712628364563
0.2898580729961395
0.02478259801864624
0.00403699092566967
0.030074303969740868
0.02248372696340084
0.02677205018699169
0.6888492107391357
0.008451303467154503
0.0036892613861709833
0.030940279364585876
0.0030150278471410275
0.6648923754692078
0.03160175681114197
0.3282359838485718
0.12616035342216492
0.09359448403120041
0.5347496271133423
0.105198435485363
0.021065080538392067
0.215987890958786
0.11712561547756195
0.025929901748895645
0.24193710088729858
0.04805532470345497
0.041177745908498764
0.20560231804847717
0.940409243106842
0.4432869255542755
0.011239334009587765
1.0386316776275635
0.08571618050336838
0.03989465907216072
0.3334500193595886
0.1761038601398468
0.009456189349293709
0.01325854379683733
0.002460744697600603
0.007529685273766518
0.15051765739917755
0.19060476124286652
0.6281975507736206
0.06057606264948845
0.016578108072280884
0.010342754423618317
0.22815099358558655
0.0452326163649559
0.5381731390953064
0.158906489610672
0.2482750564813614
0.013250134885311127
0.5782384276390076
0.3630852997303009
0.5244700908660889
0.7026678919792175
0.1488521695137024
0.13031722605228424
0.4684642553329468
0.1331983506679535
0.24069899320602417
0.08955506980419159
0.45101675391197205
0.11696543544530869
0.145949587225914
0.012479444034397602
4.500277519226074
0.02236606553196907
0.15817971527576447
0.02075831964612007
0.022232677787542343
0.16141875088214874
0.49544742703437805
0.4700792133808136
0.05776455998420715
0.5392646789550781
0.02151956595480442
0.022282013669610023
0.23085357248783112
0.40690183639526367
0.0018540690653026104
0.023651203140616417
0.02232523076236248
0.034032274037599564
0.2529403567314148
0.31902119517326355
0.08280955255031586
0.08057109266519547
0.05390758439898491
0.03662769868969917
0.04301530495285988
0.22246667742729187
0.009666645899415016
0.0011373688466846943
0.2748860716819763
0.010519787669181824
0.010935040190815926
0.0005755808670073748
0.07251983135938644
0.04130817949771881
0.3011339008808136
0.509046196937561
0.7648053169250488
0.0011815876932814717
0.16897207498550415
0.13666756451129913
0.19154351949691772
0.05708196014165878
0.011140082031488419
0.14174632728099823
0.040958911180496216
0.7413844466209412
0.06817139685153961
0.025258339941501617
0.2611393332481384
0.1858481615781784
0.28265640139579773
0.000180513336090371
0.06046299636363983
0.04690668731927872
0.07345405966043472
0.11643797159194946
0.06659592688083649
0.08963151276111603
0.023349124938249588
0.5300571918487549
0.08886034041643143
0.028049303218722343
0.9090241193771362
0.015976116061210632
0.12327299267053604
0.038859907537698746
0.05446337163448334
0.000279731466434896
0.04359957575798035
0.07918849587440491
0.019566761329770088
0.1574963629245758
0.03689435496926308
0.23657478392124176
0.017692051827907562
0.008395636454224586
0.004322660621255636
0.43355950713157654
0.06200668588280678
0.20288734138011932
0.9727818965911865
0.0010785433696582913
0.359729528427124
0.035048048943281174
0.11239096522331238
0.03084053285419941
0.23593811690807343
0.01715974323451519
0.17716214060783386
0.13236555457115173
0.00031156782642938197
0.0010964361717924476
0.23576495051383972
0.10980115830898285
0.0004961693193763494
0.28913599252700806
0.08810701221227646
0.12928372621536255
0.12151552736759186
0.008799480274319649
0.06479736417531967
0.004015444312244654
0.018154090270400047
0.01214631088078022
0.23127377033233643
0.01478615216910839
0.05205651372671127
0.062307197600603104
0.20437394082546234
0.6231481432914734
0.15113180875778198
0.44504135847091675
0.11958497762680054
0.017348267138004303
0.31681516766548157
0.27826282382011414
0.05364687740802765
0.04242674633860588
0.05584051460027695
0.20892667770385742
0.275664746761322
0.07291591912508011
0.12281867861747742
0.14415988326072693
0.007990095764398575
0.4743097424507141
0.3752990961074829
0.0170463677495718
0.43358349800109863
0.17299960553646088
0.3746001720428467
0.1025538370013237
0.013638708740472794
0.044260188937187195
0.02910945937037468
0.03549667075276375
0.037039615213871
1.1739869117736816
0.0412193201482296
0.026878824457526207
0.8260524272918701
0.3942408263683319
0.009487989358603954
0.02730090543627739
0.0007326031336560845
0.459049791097641
0.038118984550237656
0.06051364541053772
0.03354177251458168
0.03717561438679695
0.04723033308982849
0.04554996266961098
0.07080615311861038
0.06269928067922592
0.11588053405284882
0.2642152011394501
0.011105210520327091
0.0034509734250605106
0.49845579266548157
0.22876106202602386
0.026198560371994972
0.09602472186088562
0.07932096719741821
0.05413191393017769
0.09340821206569672
0.028401263058185577
0.016599612310528755
0.5434004664421082
0.001620971248485148
0.024890419095754623
0.3278297483921051
0.1296578198671341
0.13320232927799225
0.2323075830936432
0.028599314391613007
0.01964230090379715
0.45879656076431274
0.6709280610084534
0.11483833938837051
0.014878316782414913
1.0145864486694336
0.13398872315883636
0.8501635193824768
0.08670515567064285
0.10021849721670151
0.011298300698399544
0.12454097718000412
0.02739105559885502
0.39945170283317566
0.1460983157157898
0.08182984590530396
0.1978825330734253
0.018263136968016624
0.07141578197479248
0.03897816315293312
0.05574982613325119
0.1627134531736374
0.03586801141500473
0.09933464974164963
0.44611650705337524
0.06829013675451279
0.25961410999298096
0.009652742184698582
0.1653767228126526
0.05041085183620453
0.06554131209850311
0.0017328165704384446
0.17875273525714874
0.09142179787158966
0.09720297902822495
0.41746318340301514
0.00816165842115879
0.865631103515625
0.0008957581012509763
2.3600387573242188
0.016491491347551346
0.03946099057793617
0.06441261619329453
0.9708690047264099
0.2146308571100235
0.0232444666326046
1.3298468589782715
0.902206301689148
0.07313469052314758
0.397632896900177
0.0401986800134182
0.1894913762807846
0.06598443537950516
0.025774022564291954
0.006982750725001097
0.08238473534584045
0.016919879242777824
0.0508045069873333
0.006704276893287897
0.16945451498031616
0.0397634357213974
0.3215126693248749
0.0038204232696443796
0.06972920894622803
0.07451790571212769
0.047939497977495193
0.017410147935152054
0.18749381601810455
0.2336377054452896
0.015950508415699005
0.017106713727116585
0.05607562139630318
0.02385014295578003
0.10801408439874649
0.19730892777442932
0.1992315798997879
0.02167929708957672
0.08313018828630447
0.01382165215909481
0.22227753698825836
0.25544583797454834
0.05507257580757141
0.0058214482851326466
0.05539390817284584
0.28842785954475403
0.02739509753882885
0.014855585992336273
0.00152008852455765
0.028925660997629166
0.04732773080468178
0.09535287320613861
0.07319337129592896
0.031135786324739456
0.3380430042743683
0.11535279452800751
0.22024521231651306
0.12447740882635117
0.03098137304186821
0.9852123260498047
0.005846049636602402
0.025757163763046265
0.016687726601958275
0.010285638272762299
0.04026433452963829
0.03657209873199463
0.018673531711101532
0.1986044943332672
0.02117687463760376
0.015095803886651993
0.3832179307937622
0.19055813550949097
0.06753356009721756
0.3056335151195526
0.3635237514972687
3.0234994888305664
0.025935819372534752
0.05347518250346184
0.2362024337053299
0.11362265050411224
1.509390115737915
0.003498837584629655
0.3479398190975189
0.28595608472824097
0.05029436945915222
0.021373290568590164
0.05125631392002106
0.009292946197092533
0.1306275725364685
0.015059242956340313
0.004321333486586809
0.0014867006102576852
0.16213153302669525
4.140810489654541
0.03385011851787567
0.509205162525177
0.9902772307395935
0.17326897382736206
0.19042330980300903
0.7011781334877014
0.20700208842754364
0.28667086362838745
0.029222821816802025
0.013629796914756298
0.07094588130712509
1.0560591220855713
0.16516181826591492
0.0009054100955836475
0.05529405549168587
0.05205850675702095
1.05601966381073
0.1598193496465683
0.07083183526992798
0.0002923227148130536
0.028268704190850258
0.017595261335372925
0.11179710179567337
0.15456967055797577
0.004958815407007933
0.07345131039619446
0.9705522656440735
0.12315606325864792
0.03637288510799408
0.09178347885608673
0.019162025302648544
0.044228482991456985
0.01201812643557787
0.037885166704654694
0.10984376072883606
0.044502947479486465
0.029559358954429626
0.25542542338371277
0.12041354924440384
0.04046907275915146
0.2212420403957367
0.2749512493610382
0.19853204488754272
0.017349835485219955
0.012786181643605232
0.00019517839245963842
0.03315295651555061
0.10270505398511887
0.26078522205352783
0.1180272251367569
0.09110525250434875
0.03551219031214714
0.12943439185619354
0.4204690456390381
0.017061155289411545
0.18002688884735107
0.021726591512560844
0.4987576901912689
0.338164746761322
0.1762336790561676
0.014285366982221603
0.14993438124656677
0.12457593530416489
0.5639111399650574
0.7772101759910583
0.051869794726371765
0.05547600984573364
0.07703658938407898
0.02971600741147995
0.03092728555202484
0.018731676042079926
0.06765466183423996
0.025204095989465714
0.0013300341088324785
0.23823904991149902
0.0007466404931619763
0.2168377786874771
0.2300666868686676
0.05490008741617203
0.0831860825419426
0.02038036286830902
1.097805142402649
0.013798314146697521
0.051618270576000214
0.2285878211259842
0.0988016277551651
0.021061602979898453
0.1589364856481552
0.5132065415382385
0.019368469715118408
0.13991303741931915
0.1766626089811325
0.0141287911683321
0.061919715255498886
0.2373177409172058
0.12670870125293732
0.07874799519777298
0.10359155386686325
0.034272242337465286
0.011256568133831024
0.0347597561776638
0.17608842253684998
0.08737781643867493
0.13316833972930908
0.060389574617147446
0.22792817652225494
0.02042018249630928
0.012747961096465588
0.0970010980963707
0.1883562207221985
0.5885627865791321
0.08951335400342941
0.7530888915061951
0.25499048829078674
0.13035960495471954
0.026046928018331528
0.18532279133796692
0.3162527084350586
0.13814415037631989
0.40777167677879333
0.7541131377220154
0.020630544051527977
0.13001704216003418
0.0294880922883749
0.08372685313224792
0.00871272198855877
0.46508270502090454
0.15470930933952332
0.9545826315879822
0.015691451728343964
1.5842442512512207
0.2936321198940277
0.11198853701353073
0.03327709063887596
0.21146441996097565
0.07271915674209595
0.010337733663618565
0.052959565073251724
0.5603153109550476
0.03054901957511902
0.11359383165836334
0.05285581201314926
0.0412653349339962
0.23630844056606293
0.056651271879673004
0.10181330889463425
0.3901214599609375
0.03874174505472183
0.014369000680744648
0.08124332875013351
0.0950973704457283
0.23070500791072845
0.011206569150090218
0.012046475894749165
0.01635938137769699
0.014731690287590027
0.12106303125619888
0.1517947018146515
0.11500182002782822
0.294501930475235
0.0019930778071284294
0.26588380336761475
0.04260377585887909
0.020944714546203613
0.02512320876121521
0.47694942355155945
0.29980966448783875
0.5136623978614807
0.3381747603416443
0.001795244519598782
0.2570748031139374
0.020402688533067703
0.0039234166033566
0.08189869672060013
0.12639549374580383
0.08545836061239243
0.7557438611984253
0.14488716423511505
0.02546769380569458
0.4778030216693878
0.017698340117931366
0.014223114587366581
0.04075079411268234
0.598865270614624
0.4212271273136139
1.023626685142517
0.7424268126487732
0.03304516524076462
0.4013107717037201
0.2808595299720764
0.0593910850584507
0.04676561802625656
0.04810725525021553
0.9593513011932373
0.0014770218404009938
0.02361178956925869
0.02309730462729931
0.0590236522257328
0.26029855012893677
0.1855049580335617
0.1479177325963974
0.936246931552887
0.4366510212421417
0.0008955702069215477
0.11804717034101486
0.05265233665704727
0.031520649790763855
0.8638523817062378
0.19078180193901062
0.0435965396463871
0.8359447717666626
0.04356953501701355
0.3107603192329407
0.0010236413218080997
0.036177199333906174
0.2807259261608124
0.03730416297912598
0.028383567929267883
0.0028758663684129715
0.030175706371665
0.03290092572569847
0.011159811168909073
0.016173822805285454
0.000594159122556448
0.012952674180269241
0.05402710288763046
0.010263431817293167
0.03707844018936157
0.3870559632778168
0.01815159246325493
0.03338593244552612
0.001178600825369358
0.029834574088454247
0.009601288475096226
0.030105050653219223
0.043785370886325836
0.07519295811653137
0.052140574902296066
0.20605063438415527
0.14704763889312744
0.02620152197778225
1.4758590459823608
0.21341705322265625
0.27854427695274353
0.9886278510093689
0.006367216818034649
0.03946657478809357
0.005990193225443363
0.044845446944236755
0.034575656056404114
0.21193309128284454
0.009895475581288338
0.07609185576438904
0.20656941831111908
0.08671977370977402
0.7593844532966614
0.023369651287794113
0.19724109768867493
0.04602330923080444
0.10318946838378906
0.228346586227417
0.015436832793056965
0.03958100080490112
0.10184552520513535
0.3263923227787018
0.2476990669965744
0.035927847027778625
0.10880350321531296
0.287161648273468
0.16312162578105927
0.000249813892878592
0.033878523856401443
0.059057168662548065
0.0005131834768690169
0.1428975611925125
0.05980783328413963
0.014637395739555359
0.013751154765486717
0.2047133594751358
0.021282484754920006
0.0030836595688015223
0.3858720362186432
0.21016357839107513
0.08934029936790466
0.11527545750141144
0.11879058927297592
0.010952184908092022
0.3059271574020386
0.7898445129394531
0.0035816815216094255
0.11254999041557312
0.014131706207990646
0.24808897078037262
0.09145078808069229
0.19470804929733276
0.0006251769955269992
0.5808513164520264
0.02229485847055912
0.029080355539917946
0.0022121835500001907
0.010278151370584965
0.2147291600704193
0.09357579052448273
0.58365797996521
0.048737600445747375
1.0020709037780762
0.058387190103530884
0.14611181616783142
0.19655510783195496
0.0040377238765358925
0.34012603759765625
0.5289356708526611
0.14386382699012756
1.153024673461914
0.06170693039894104
0.08946550637483597
0.05191943049430847
0.08852981775999069
0.008503873832523823
0.13244333863258362
0.012506725266575813
0.20277446508407593
1.2729954719543457
0.11888545751571655
0.8256704807281494
0.16022537648677826
0.038589030504226685
0.24412018060684204
0.03987736999988556
0.06130388379096985
0.04670156165957451
0.13242842257022858
0.06616996973752975
0.01285598799586296
0.06358230113983154
0.9526423215866089
0.037976521998643875
0.0008763467776589096
0.004850657656788826
0.26074934005737305
0.15710215270519257
0.31059810519218445
1.1484280824661255
0.0505240336060524
0.012457454577088356
1.010521411895752
0.12493350356817245
0.06698475033044815
0.055610720068216324
0.169102743268013
0.1383361965417862
0.012698432430624962
0.01425192877650261
0.03323093429207802
0.1899263709783554
0.01654423400759697
2.2304344177246094
0.011742464266717434
0.04460349678993225
0.10420024394989014
0.02464200183749199
0.0751020759344101
0.497091144323349
0.29657182097435
0.037329986691474915
0.44635382294654846
0.3120376765727997
0.2117624282836914
0.04129374399781227
1.6934068202972412
0.005368757527321577
0.021159447729587555
0.0759236216545105
0.0032524263951927423
0.0013585648266598582
0.04220955818891525
0.010293558239936829
1.0219521522521973
0.08066555112600327
0.06130387634038925
0.05178753286600113
2.8386197090148926
0.5724578499794006
0.05897366255521774
0.07229000329971313
0.2687579095363617
0.011816487647593021
0.0578853003680706
0.14622391760349274
0.10900188982486725
0.1200234517455101
0.14516282081604004
0.4995122253894806
0.08302348852157593
0.04083995148539543
0.044999077916145325
0.0004031804564874619
0.019039634615182877
0.11969617754220963
0.034501589834690094
0.12015176564455032
0.09608525782823563
0.11773863434791565
0.2068345546722412
0.048103976994752884
0.033856142312288284
1.3956279754638672
0.6947839260101318
0.010881631635129452
1.0580811500549316
0.028035975992679596
0.012778494507074356
0.009787512011826038
0.10478174686431885
0.0003629468847066164
0.4799048900604248
0.0006367837777361274
0.3165435194969177
0.6854439973831177
0.23780715465545654
0.1350611299276352
0.0009660543873906136
0.23805226385593414
0.06482292711734772
0.13881011307239532
0.005135654006153345
0.9046323299407959
0.06901659816503525
0.1264009177684784
0.10597474873065948
0.07943017780780792
0.08195902407169342
0.10313950479030609
0.06146114319562912
0.04701654985547066
0.22677819430828094
0.2607417702674866
0.07275306433439255
0.013888806104660034
0.025816181674599648
0.49790284037590027
0.06918670982122421
1.097510814666748
0.8073492646217346
0.032310184091329575
0.3629067540168762
0.24843385815620422
0.22895368933677673
0.16650988161563873
0.5257711410522461
0.060765501111745834
0.13514192402362823
0.0010858547175303102
0.05927286669611931
0.3864995241165161
0.5510028004646301
0.21455277502536774
0.004126157145947218
0.0891006588935852
0.5812687277793884
0.04247291013598442
0.11588834971189499
0.15613843500614166
0.05747302249073982
0.054675690829753876
0.09575366228818893
0.24920959770679474
0.3542909324169159
0.1193169504404068
0.41731002926826477
0.010769547894597054
0.3685148358345032
1.1825823783874512
0.21701636910438538
0.44226008653640747
0.1947668194770813
0.12484564632177353
0.1951330602169037
0.016735222190618515
0.0806678757071495
0.47288578748703003
0.051834382116794586
0.16634587943553925
0.04222491756081581
0.1362091600894928
0.0038894840981811285
0.006597156636416912
0.46454936265945435
0.6542060971260071
0.011632870882749557
5.758189581683837e-05
0.11422496289014816
0.04587358608841896
0.028828181326389313
0.2974795401096344
0.08657583594322205
0.09011085331439972
0.1369718760251999
1.3954064846038818
0.0011176379630342126
0.508760392665863
0.01906968653202057
0.06468144059181213
0.036777324974536896
0.3015097975730896
0.05948475003242493
0.006091379560530186
0.0344451442360878
0.2522982954978943
0.032481398433446884
0.008662997744977474
0.047847192734479904
0.001992539269849658
0.2537257671356201
0.09943676739931107
0.0150474663823843
0.0249395240098238
0.13027796149253845
0.41388922929763794
0.029167022556066513
0.020782072097063065
0.06610707193613052
0.02968887984752655
0.4008614420890808
0.010928068310022354
0.09079046547412872
0.006249378900974989
0.003223197301849723
0.3640138804912567
1.757226586341858
0.06436768174171448
0.5216444134712219
0.19849176704883575
0.09047310054302216
0.0003670169098768383
0.0033312295563519
0.09489165246486664
0.16529496014118195
0.03911447525024414
0.3811354339122772
0.38911885023117065
0.6057735085487366
0.14298003911972046
0.2716687321662903
0.43070048093795776
0.0895625501871109
0.12217479944229126
0.021380390971899033
0.08837473392486572
0.5793879628181458
0.3416615426540375
0.0165727436542511
0.36331412196159363
0.036285530775785446
0.899588406085968
0.013554733246564865
0.003205422079190612
0.019074711948633194
0.2953110635280609
0.13224287331104279
0.061487436294555664
0.1419948935508728
0.5091220736503601
0.06987211853265762
0.008722716942429543
0.07646377384662628
0.10379667580127716
0.22589366137981415
0.4785005748271942
0.019915908575057983
0.10474748909473419
0.03755253553390503
0.30895498394966125
0.0441228523850441
0.021327299997210503
0.010578513145446777
0.09249342232942581
0.16948001086711884
0.2279006540775299
0.8221815824508667
0.10769368708133698
0.3328585624694824
0.07735799998044968
0.2185405194759369
0.3191664516925812
0.003777958918362856
2.0245320796966553
0.10442081093788147
0.014176753349602222
1.4600898027420044
0.5361857414245605
0.22766292095184326
0.4313003420829773
0.17756423354148865
0.2669298052787781
0.1613573431968689
0.01612631045281887
0.31696584820747375
0.07630110532045364
0.05615135282278061
0.5070948004722595
0.21658389270305634
0.08926518261432648
0.265121191740036
0.07132025063037872
0.24473702907562256
0.16990722715854645
0.014505505561828613
0.27363163232803345
0.06187627464532852
0.03660468012094498
0.22014425694942474
0.0545400008559227
0.6174026727676392
0.006936803925782442
1.0939717292785645
0.013189053162932396
0.14982867240905762
0.2527622878551483
0.05631839856505394
0.061029333621263504
0.13605459034442902
0.35714781284332275
0.0022855240385979414
0.1430520862340927
0.3959159851074219
0.1263824850320816
1.213477373123169
0.07473728805780411
0.292473703622818
0.030384182929992676
0.012080894783139229
0.13118188083171844
6.218969792826101e-05
0.1734778881072998
0.6797150373458862
0.07641172409057617
0.030810521915555
0.5076956152915955
0.20753709971904755
0.04277452081441879
0.04344102367758751
0.23639482259750366
0.07065500319004059
0.6995119452476501
0.1456276923418045
0.000519916124176234
0.04575740918517113
0.4161393940448761
0.02234320342540741
0.08659934252500534
0.052494022995233536
0.011595897376537323
0.02668129839003086
0.09790254384279251
0.0036077280528843403
0.5991058945655823
0.10462605208158493
0.0034388070926070213
1.0786348581314087
0.012547804974019527
0.3855800926685333
0.19923965632915497
0.01171055156737566
0.0014507813611999154
0.3284144699573517
0.004786020144820213
0.012326905503869057
0.05344049632549286
0.04095805808901787
0.1967208832502365
0.06384101510047913
0.2334749698638916
0.07014329731464386
0.9577152132987976
0.09812677651643753
0.10461205989122391
0.005167804192751646
0.004371447488665581
0.03891308978199959
0.07328741997480392
0.2578112483024597
0.011323238722980022
0.024508904665708542
0.011833242140710354
0.03461632505059242
0.37211161851882935
0.099399633705616
0.14277702569961548
0.08548039197921753
0.17728574573993683
0.00037198280915617943
0.0409889817237854
0.29532182216644287
0.4678093492984772
0.12160627543926239
0.045563600957393646
0.1304728090763092
1.8598712682724
1.1119147539138794
0.00287097180262208
0.06545740365982056
0.031797003000974655
0.09193643927574158
0.7690914273262024
0.010741670615971088
0.007045913953334093
0.018043484538793564
0.09798391908407211
1.9468574523925781
0.18691331148147583
0.03395622596144676
0.005782507359981537
0.035425785928964615
0.07289604097604752
0.03716599568724632
0.0014773590955883265
0.012163457460701466
0.01851007714867592
0.6234219074249268
0.021151946857571602
0.14764365553855896
0.08035190403461456
0.14663293957710266
0.0001671990321483463
0.03487997129559517
0.002858987543731928
0.536591112613678
0.21469509601593018
0.23369790613651276
0.14435839653015137
0.06045255810022354
0.012546444311738014
0.048309385776519775
0.001982227899134159
0.6183344125747681
0.11582984775304794
0.03747808560729027
0.3055764436721802
0.187805637717247
0.026435159146785736
0.052780814468860626
0.23327557742595673
0.8439893126487732
0.05771610513329506
0.020521774888038635
0.24836528301239014
0.0506572425365448
0.3432229161262512
0.013689720071852207
0.2941073477268219
0.0245688334107399
0.5594006776809692
0.00941890012472868
0.017223134636878967
0.01931370049715042
0.18317687511444092
0.13382914662361145
0.01986161805689335
0.01952805370092392
0.25338223576545715
0.14768202602863312
1.1011959314346313
0.017339862883090973
0.01875746250152588
2.82351016998291
0.056285809725522995
0.020146280527114868
0.06606698781251907
0.25279074907302856
0.03159630671143532
0.0339086689054966
0.0024807434529066086
0.22963793575763702
0.2038797289133072
1.1082922220230103
0.05064084753394127
0.02086791768670082
0.891345202922821
0.2509452998638153
0.0877954363822937
0.0051760608330369
0.033486198633909225
0.09296751767396927
0.3744405508041382
0.1682879775762558
0.045837532728910446
0.06383158266544342
0.02417844347655773
0.5613511204719543
0.1921503245830536
0.04345379397273064
0.07530636340379715
0.5903823971748352
0.023918218910694122
0.11284089833498001
0.09109120815992355
0.44099605083465576
0.030435556545853615
0.006290803197771311
0.022490695118904114
0.2278381735086441
0.15973050892353058
0.11777596920728683
0.008949670009315014
0.41954541206359863
0.030560506507754326
0.35099560022354126
0.0062468708492815495
0.29174530506134033
0.2696336507797241
0.04600677266716957
0.059644706547260284
0.2136463075876236
0.04100407660007477
0.296519011259079
0.0003876427363138646
1.2515288591384888
0.006123195867985487
0.05806133523583412
0.08365340530872345
0.9001626968383789
0.08343467116355896
0.1492217779159546
0.21182866394519806
0.4615866541862488
0.1472281515598297
0.14192992448806763
0.003640134586021304
0.0487021803855896
0.025640735402703285
0.010412804782390594
0.5503761768341064
0.003494375618174672
1.7207571268081665
0.8514717221260071
0.01742045022547245
0.32208606600761414
0.027803637087345123
0.02441299706697464
0.2044011801481247
0.06933364272117615
0.004031968768686056
0.7591142654418945
0.02244526892900467
0.019901305437088013
0.011796023696660995
0.4307026267051697
0.10533696413040161
0.10923647880554199
0.0052712406031787395
0.753185510635376
0.01365532074123621
0.26615357398986816
2.6934847831726074
0.3561389744281769
0.2003820389509201
0.04715371131896973
0.051636312156915665
0.3316923975944519
0.6556121706962585
0.06029636785387993
0.07967714965343475
0.05240578204393387
0.004961854312568903
0.5477004051208496
0.034057293087244034
0.10870204120874405
0.017495058476924896
0.08308219909667969
0.008898116648197174
0.6982723474502563
0.01458730734884739
0.000287895614746958
0.0033164338674396276
0.09449393302202225
0.2786049544811249
0.025588564574718475
0.002133763860911131
0.1136627122759819
0.22153814136981964
0.2980453073978424
0.056403860449790955
0.002990045351907611
0.13426272571086884
0.00906286295503378
0.011133390478789806
0.05093194544315338
0.054138652980327606
0.16965517401695251
0.9450087547302246
0.042039498686790466
0.0799589678645134
0.0770571157336235
0.1764165163040161
0.13691072165966034
0.019971655681729317
0.10398222506046295
0.04595525190234184
0.10790334641933441
0.08095043152570724
0.1049184501171112
0.003911422565579414
1.862727165222168
0.3139916956424713
0.06702139973640442
0.00011475459177745506
0.08930489420890808
0.011504491791129112
0.562530517578125
0.02684924192726612
0.00462829414755106
0.07880855351686478
0.14968901872634888
0.0009461984154768288
0.8903940916061401
0.1461111456155777
0.0014474495546892285
0.03056485950946808
0.05787782371044159
0.44626280665397644
0.04196391627192497
0.018235383555293083
0.4874860942363739
0.2242535799741745
1.007360577583313
0.033490680158138275
0.04146849736571312
0.00667370343580842
0.007573473732918501
0.433104932308197
1.043821096420288
0.1730860471725464
0.0444507859647274
0.054875899106264114
0.30035364627838135
0.08718157559633255
0.05163102596998215
0.07755865901708603
0.4357270896434784
0.1610834002494812
0.3971472978591919
0.1784827709197998
0.3376575708389282
0.3523092567920685
0.10082601010799408
0.08058043569326401
0.00783497467637062
0.026298636570572853
0.0096037732437253
0.4558575749397278
0.5738043189048767
0.8660873174667358
0.19221554696559906
0.739807665348053
0.23043318092823029
0.18441028892993927
0.12035202980041504
0.4579114019870758
0.05054992064833641
0.10511787235736847
0.02091147191822529
0.0749904066324234
0.06611357629299164
0.004252473823726177
0.005477515514940023
0.06016403064131737
0.20829279720783234
0.04552709311246872
0.04511313512921333
0.38403379917144775
0.7835816740989685
0.012645306997001171
0.3626382648944855
0.2824089825153351
1.789543628692627
1.3269686698913574
0.06998013705015182
0.011490740813314915
0.403854101896286
0.07530883699655533
0.07995452731847763
0.20740267634391785
0.3211632966995239
0.7093742489814758
0.1500045359134674
0.2067212164402008
0.4196307957172394
0.2975507974624634
0.006570143159478903
0.5771883130073547
0.3256257474422455
0.6142535209655762
1.0450184345245361
0.13166199624538422
0.006356875412166119
0.06925299018621445
0.9251752495765686
0.0621194951236248
0.20095856487751007
0.07737250626087189
0.02693343348801136
0.06339593231678009
0.0765710324048996
0.13445909321308136
0.00858908798545599
0.1448042094707489
0.0834573283791542
0.18760734796524048
0.006998705677688122
0.4708377420902252
0.03845810145139694
0.92357337474823
0.04235373064875603
0.12201309949159622
0.0017337650060653687
0.017343733459711075
0.1124776229262352
1.446801781654358
0.038350190967321396
1.506065011024475
0.04829206317663193
0.01323751825839281
0.04038642719388008
0.002149679698050022
0.1557956337928772
0.09455207735300064
0.005368475802242756
0.06399320065975189
0.07131964713335037
0.011765014380216599
0.013576586730778217
0.24541914463043213
0.06692017614841461
0.007826237939298153
0.006552958860993385
0.012153162620961666
0.011291065253317356
1.1085604429244995
0.15719424188137054
0.00682884082198143
0.006037809886038303
0.24113912880420685
0.07921283692121506
0.08453512191772461
0.054144419729709625
0.5122498273849487
0.014883446507155895
0.29232555627822876
0.02592356875538826
0.18192555010318756
0.1698649376630783
0.09899182617664337
0.05601755529642105
0.13100725412368774
0.05395606905221939
0.28946512937545776
0.14008672535419464
0.6873435378074646
0.7215919494628906
0.0064256442710757256
0.04071733355522156
0.03868243098258972
0.07299034297466278
0.019935384392738342
0.0026423539966344833
0.007419949397444725
0.018910016864538193
0.026942403987050056
0.34336069226264954
0.05218227952718735
0.010539371520280838
0.9576417207717896
0.17294619977474213
0.034815795719623566
0.047106023877859116
0.3553639352321625
0.009326135739684105
1.3679004907608032
0.065370112657547
0.6205122470855713
0.018377436324954033
0.01578056812286377
0.1422986388206482
0.34520870447158813
0.09264147281646729
0.18060940504074097
0.018236638978123665
0.24731799960136414
0.01198751013725996
0.2584708631038666
0.05491061136126518
0.012634440325200558
0.0036947105545550585
0.16285966336727142
0.11878986656665802
0.351240873336792
0.7465572357177734
0.4108997583389282
2.3276116847991943
0.021457262337207794
0.3314422369003296
0.003252777038142085
0.021841585636138916
0.2696416676044464
0.0023651544470340014
0.19872179627418518
0.025264142081141472
0.3381914496421814
0.23430252075195312
0.01770266704261303
0.017554836347699165
0.08008817583322525
0.2433227002620697
0.03775209188461304
0.13791735470294952
0.15410633385181427
0.022152695804834366
0.057666972279548645
0.12881113588809967
0.3355964422225952
0.012405825778841972
0.0753956288099289
0.24244488775730133
0.2453138828277588
0.01722177490592003
1.0770204067230225
0.07944953441619873
0.023807264864444733
0.12974931299686432
0.0006968907546252012
0.2364257276058197
0.07506231963634491
0.0013082379009574652
0.14526157081127167
0.4277162551879883
0.032903965562582016
0.09622793644666672
0.09131303429603577
0.25446879863739014
0.08818449825048447
0.05461496114730835
0.08857894688844681
0.09149027615785599
0.014466925524175167
0.016668885946273804
0.13924284279346466
0.0010906069073826075
0.1321493685245514
0.008207623846828938
0.025989241898059845
0.3377741277217865
0.08613590151071548
0.032876692712306976
0.0020703135523945093
0.013145523145794868
0.5709990859031677
0.06376433372497559
0.016742954030632973
0.2648157477378845
0.3042006194591522
0.05481080338358879
0.012723236344754696
0.19639699161052704
0.7866847515106201
0.33954542875289917
0.03937705606222153
0.19051432609558105
0.05932224541902542
0.024911368265748024
0.09506449848413467
0.13821585476398468
0.01351491641253233
0.06262831389904022
0.7378253936767578
0.15670011937618256
0.5437009930610657
0.46622100472450256
0.5875815153121948
0.027172263711690903
0.15255571901798248
0.04330144077539444
0.0009547166991978884
0.2302025407552719
0.09576410800218582
0.10614155977964401
0.24853897094726562
0.10808291286230087
0.1279277503490448
0.0013392828404903412
0.0944979265332222
0.01889587566256523
0.009780009277164936
0.14899703860282898
0.0909750685095787
0.04226520657539368
0.004831913858652115
0.20429891347885132
0.00079588673543185
0.20129811763763428
0.0082329036667943
0.20276693999767303
0.02391296625137329
0.06250883638858795
0.24479535222053528
0.03188171982765198
0.016392866149544716
0.10509994626045227
0.04648848623037338
0.2372399866580963
0.011597649194300175
0.00018274808826390654
0.044878263026475906
0.0378495417535305
0.13118739426136017
0.06267719715833664
0.014825396239757538
0.09289662539958954
0.007080524694174528
0.654001772403717
0.21539518237113953
0.2003946155309677
0.10947822779417038
0.2468913495540619
0.19776064157485962
0.008576184511184692
0.20933467149734497
0.315797358751297
0.3735508620738983
0.10488084703683853
0.25145459175109863
0.0082860654219985
1.3693886995315552
0.05704302713274956
0.08691749721765518
0.3564561605453491
0.07906243950128555
0.10734238475561142
0.1488366723060608
0.10604224354028702
0.20632827281951904
0.015953974798321724
0.3127412796020508
0.39836040139198303
0.0184035524725914
0.11215313524007797
0.27886322140693665
0.06085965037345886
0.06879492849111557
0.11816661804914474
0.2396179437637329
0.119985431432724
0.6368024349212646
0.03295983746647835
0.20748752355575562
0.0006581480265595019
0.19877305626869202
0.27516454458236694
0.2751982808113098
0.11911644041538239
0.0375240221619606
0.04242055118083954
0.1800914853811264
0.1511096954345703
0.10613401979207993
0.062005430459976196
0.04417859762907028
0.06440290063619614
0.042594484984874725
0.010998780839145184
0.24113330245018005
0.007607332430779934
0.32021647691726685
0.6764358878135681
0.017061030492186546
0.15885116159915924
0.08512819558382034
0.004671759903430939
0.010457147844135761
0.3532741367816925
0.08865927904844284
0.09993667900562286
0.06612611562013626
0.40527114272117615
0.022567082196474075
0.02206789143383503
0.1316244900226593
0.1717415750026703
0.6169211268424988
0.13476845622062683
0.3788403272628784
1.1040548086166382
0.15224038064479828
0.0271396916359663
0.6411343216896057
0.17056499421596527
0.5940293073654175
0.21806727349758148
0.03926227241754532
0.05498610809445381
0.049711208790540695
0.058773498982191086
0.07950157672166824
0.08787212520837784
0.7260699272155762
0.10108990967273712
0.036851055920124054
0.013214420527219772
0.08418446779251099
0.31736046075820923
0.4329591691493988
0.003407388459891081
1.2202025651931763
0.02365589514374733
0.1943158656358719
0.3099496364593506
0.07799983769655228
0.14211420714855194
0.3253154158592224
0.05500432476401329
0.4543282985687256
0.1437358856201172
0.23186993598937988
0.040830373764038086
0.054996952414512634
0.5748200416564941
0.006715141702443361
0.20589704811573029
0.9785499572753906
0.08992404490709305
1.7676358222961426
0.05247613415122032
1.082851529121399
0.06021183729171753
0.023539429530501366
0.06810729950666428
0.005963499657809734
0.16763512790203094
0.11501071602106094
0.022874021902680397
0.4721696674823761
0.36225542426109314
0.021776314824819565
0.03403313457965851
0.08147308230400085
0.03877061977982521
0.0744471624493599
0.3609836995601654
0.00538627989590168
0.07508829981088638
0.1778293251991272
1.0601725578308105
0.050558384507894516
0.07700469344854355
0.004908155649900436
0.5550853610038757
0.22963447868824005
0.8252987861633301
0.3043242394924164
0.029984895139932632
0.16777490079402924
0.04043574258685112
0.0028479958418756723
0.09535622596740723
0.0058626956306397915
0.0266293752938509
0.1996791511774063
0.00559200718998909
0.08204884827136993
0.0053141312673687935
0.03321671858429909
2.3499202728271484
0.16194234788417816
0.061644457280635834
0.09479406476020813
0.019986098632216454
1.6580114364624023
0.2497144192457199
0.31609052419662476
0.28222033381462097
0.0010967305861413479
0.3915424644947052
0.04498276486992836
0.030009448528289795
0.03447312116622925
0.05054961144924164
0.0012077633291482925
0.06825930625200272
0.019160320982336998
0.020176105201244354
0.005966715048998594
0.4273735284805298
0.04237127676606178
0.1788519322872162
0.13718843460083008
0.8957815766334534
0.7817235589027405
0.05944889411330223
0.006490482483059168
0.20444688200950623
0.08306600898504257
0.055108994245529175
0.2428998202085495
0.017992189154028893
0.021226078271865845
0.575256884098053
0.05834101140499115
0.07086171954870224
0.05901075899600983
0.40334612131118774
9.087039506994188e-05
0.12695269286632538
0.008392488583922386
0.02754354290664196
0.046065136790275574
0.0578915998339653
0.47994157671928406
0.14596904814243317
0.11189079284667969
0.011102871038019657
0.1092844307422638
0.281400203704834
0.060976769775152206
0.43166837096214294
0.16314177215099335
0.01618175208568573
0.057233214378356934
0.00041523511754348874
0.29993319511413574
0.007407892029732466
0.4670444428920746
0.26003748178482056
0.09202424436807632
0.028110012412071228
0.009675096720457077
0.8323554992675781
0.10787046700716019
0.37913429737091064
0.1056334599852562
0.1746356040239334
0.28543075919151306
0.013200328685343266
0.43451783061027527
0.43585121631622314
0.023991532623767853
0.5331446528434753
0.8565115928649902
0.009425007738173008
0.07192081212997437
0.07121189683675766
0.09476420283317566
0.022818943485617638
0.038041699677705765
0.03895430639386177
0.0040372209623456
0.03669162839651108
0.7423902153968811
0.022472163662314415
0.306880384683609
0.8267115354537964
0.061046261340379715
0.0465572252869606
0.12138749659061432
0.11042679846286774
0.020976180210709572
0.06943856924772263
0.06178760156035423
0.1705329567193985
1.8147506713867188
0.10546363890171051
0.10944696515798569
0.04385732114315033
0.10698023438453674
0.01567876525223255
0.026647942140698433
0.09835454076528549
0.005179693456739187
0.02475905232131481
0.004773891065269709
2.6208481788635254
0.4485681354999542
2.035221576690674
0.1711435317993164
0.0006618199986405671
0.12042450159788132
0.037505585700273514
0.001311555621214211
0.6386218667030334
0.16326236724853516
0.0006092650583013892
0.061012472957372665
0.13657332956790924
0.30056509375572205
0.7182207703590393
0.032406747341156006
0.055340226739645004
0.14298172295093536
0.001069064368493855
1.2203001976013184
0.08097533881664276
0.06969022005796432
0.007425380405038595
0.03794768452644348
0.24550966918468475
0.00873691774904728
0.02435852214694023
0.23139914870262146
0.024241533130407333
0.22163349390029907
0.16514180600643158
1.0720638036727905
0.06386082619428635
0.0003209011338185519
0.22821375727653503
0.051826756447553635
0.3925324082374573
0.04117352142930031
0.005665726959705353
0.005771578289568424
0.005932330619543791
0.11179206520318985
0.11513681709766388
0.4231422245502472
0.06258320063352585
0.057743724435567856
0.017598770558834076
0.02632535807788372
0.0899696946144104
0.0022828218061476946
0.27903538942337036
0.019666887819767
0.4014505445957184
0.7996447086334229
0.12587223947048187
0.08327186107635498
0.5221522450447083
0.30148884654045105
0.8575212955474854
0.481486052274704
0.3608415722846985
0.1288272589445114
0.18735796213150024
0.07826916873455048
0.0008080771076492965
0.05345958098769188
0.3296785056591034
0.15017607808113098
0.14089840650558472
0.0007857628515921533
1.4151631593704224
0.0030448241159319878
0.24868911504745483
0.05359648913145065
0.04922783374786377
0.06655828654766083
0.10389308631420135
0.11822672188282013
0.14515075087547302
0.17627091705799103
0.15841072797775269
0.1764785349369049
0.0496363565325737
0.9207772612571716
0.47351154685020447
1.4534893035888672
0.00484486436471343
0.03617766499519348
1.4774913787841797
0.18489491939544678
0.0627344399690628
0.1427299678325653
0.0888054296374321
0.09915143251419067
0.026594040915369987
0.12931503355503082
0.10514874756336212
0.010548204183578491
1.8707748651504517
0.057791367173194885
0.6341612935066223
0.11950966715812683
0.26741617918014526
0.02114018052816391
0.02365434169769287
0.08187232166528702
0.10943278670310974
0.011010861024260521
0.1483263224363327
0.012788443826138973
0.195473313331604
0.7271074056625366
0.11677589267492294
0.018726512789726257
0.594906210899353
0.3370515704154968
0.4740729033946991
0.23224389553070068
0.36827850341796875
0.04777693375945091
0.045136958360672
0.2404624968767166
0.39462366700172424
0.07694265246391296
0.29344072937965393
0.17772391438484192
0.08933019638061523
0.7649259567260742
0.811348557472229
0.0825241431593895
0.025062348693609238
0.10619540512561798
0.1297207623720169
0.3952077031135559
0.29457661509513855
0.4308309257030487
0.0012827831087633967
0.010128185153007507
0.0008798869675956666
0.06332393735647202
1.66184663772583
0.1469295471906662
0.07068640738725662
0.1073339581489563
0.02099490724503994
0.03210721164941788
0.6953133344650269
0.059912893921136856
0.25839725136756897
0.03240625932812691
0.03929802402853966
0.22071033716201782
0.9638993740081787
0.013882171362638474
0.03331931680440903
0.04245355725288391
0.0017738468013703823
0.13682527840137482
0.09265731275081635
0.6100003719329834
0.0070370882749557495
0.1303415447473526
1.2291803359985352
0.10070107132196426
0.8797587752342224
1.0654011964797974
0.010816430673003197
0.036993563175201416
0.03216619789600372
0.31759360432624817
0.17583711445331573
0.2016865313053131
1.0287283658981323
0.18780812621116638
0.16516301035881042
0.8185388445854187
0.012542227283120155
0.008421104401350021
0.0002614062395878136
0.5642971992492676
0.03756698966026306
0.04945886880159378
0.07882551103830338
0.016115160658955574
0.16340047121047974
0.017788415774703026
0.3501993715763092
0.17827610671520233
0.37069931626319885
0.014474738389253616
0.0068910024128854275
0.18021631240844727
0.001962762326002121
0.011016637086868286
0.3563135862350464
0.026858923956751823
0.9099389314651489
0.28377506136894226
0.14345945417881012
1.4530526399612427
0.06640172004699707
0.12119926512241364
0.002276842249557376
0.0035876191686838865
0.2498711794614792
0.1096239984035492
0.9830947518348694
0.03775801137089729
0.329418808221817
0.22722764313220978
0.21409370005130768
0.10118642449378967
0.003440144006162882
0.7154370546340942
0.13067494332790375
0.022384922951459885
0.7680336833000183
0.5077818036079407
0.4989071488380432
0.0009840680286288261
0.0406399704515934
0.09858405590057373
0.04909556731581688
0.011746775358915329
0.1085234135389328
0.19871148467063904
0.3282618820667267
0.1541130691766739
0.20169560611248016
0.03252493962645531
0.0014613422099500895
0.2854790687561035
0.33239972591400146
0.6071828007698059
1.1484779119491577
0.3315398693084717
0.08221899718046188
0.08814287930727005
0.051861997693777084
0.015753425657749176
0.12390854954719543
0.04589327424764633
0.30892235040664673
0.34693068265914917
0.4208393096923828
0.18769234418869019
0.03147006407380104
0.11380131542682648
0.05774502828717232
0.1321580857038498
0.07089191675186157
0.3041965067386627
0.00917056854814291
0.06136563792824745
0.06832154840230942
0.010985145345330238
0.006183140445500612
0.7505526542663574
0.05505460128188133
0.004451997112482786
0.03428972512483597
0.41046178340911865
0.09837976843118668
0.5644237995147705
0.20519781112670898
0.03533846139907837
0.25983789563179016
0.12545986473560333
0.36311230063438416
0.22406542301177979
0.18691426515579224
0.3944060206413269
0.14427489042282104
0.13558878004550934
1.0189396142959595
0.607231855392456
0.054669566452503204
0.24514488875865936
0.14022797346115112
0.041591402143239975
0.0073869857005774975
0.10571162402629852
0.3275682032108307
1.10877525806427
0.032816577702760696
0.01075869332998991
0.7601810693740845
0.9984455704689026
0.05545216053724289
0.05320730060338974
0.24193592369556427
0.10178602486848831
0.2097431719303131
0.054166171699762344
0.006896598730236292
0.10813412815332413
0.08013039827346802
0.04308246448636055
0.10801203548908234
0.30948296189308167
0.2288484424352646
0.09793730825185776
0.2120298594236374
0.053758952766656876
0.2443659007549286
0.12668266892433167
0.09341465681791306
0.005209417548030615
0.024449191987514496
0.012468468397855759
0.23223860561847687
0.13366612792015076
1.5040091276168823
0.0016633410705253482
0.004787786398082972
0.044848453253507614
0.011544150300323963
0.01258098240941763
0.0003709566663019359
0.4115236699581146
0.12888650596141815
0.6196537613868713
0.03564424067735672
0.10284533351659775
0.07568350434303284
0.12210382521152496
0.03854099661111832
0.261507123708725
0.13297420740127563
1.1093817949295044
0.7680158615112305
0.18334361910820007
0.24882765114307404
0.09207607805728912
0.04285108670592308
0.09328413754701614
0.03470770642161369
0.04648194834589958
0.07449855655431747
0.03815877437591553
0.03971926122903824
1.584683895111084
0.6907731294631958
0.4091588854789734
0.03781897574663162
0.6552508473396301
0.3765893578529358
0.6877320408821106
0.001555517315864563
0.9100316762924194
0.07820330560207367
0.024633878841996193
0.0033556714188307524
0.03794135898351669
0.15373751521110535
0.19645236432552338
0.004404175095260143
0.05409586429595947
0.016911596059799194
0.17312443256378174
0.18149882555007935
0.10871628671884537
0.01941337250173092
0.151052325963974
0.10154727101325989
0.1703028678894043
0.16162283718585968
0.4152868986129761
0.11608991026878357
0.12078807502985
0.03492484614253044
0.21765436232089996
0.16474543511867523
0.07682479172945023
0.09199932962656021
0.0008557422552257776
0.008915509097278118
0.9079866409301758
0.26676416397094727
1.8291218280792236
0.4168894588947296
0.07828419655561447
0.05877452343702316
0.024008380249142647
0.085323765873909
0.016330838203430176
0.001162426546216011
0.11568204313516617
0.3071262836456299
0.07079961895942688
0.08782093971967697
0.01930292882025242
0.01207794714719057
0.009501478634774685
3.782087514991872e-05
0.014584030024707317
0.23357315361499786
0.001295859576202929
0.26511678099632263
0.04056747630238533
0.0029349904507398605
0.03258879482746124
0.4169849455356598
0.05926576629281044
