0.0011251807445660233
0.0014662352623417974
0.0030594882555305958
0.001168290851637721
0.0014904497656971216
0.001720232074148953
0.001274928799830377
0.0021847591269761324
0.00011637323768809438
0.0003220119106117636
0.002077244920656085
0.0011630195658653975
0.0011960462434217334
0.0006346171139739454
0.010088035836815834
0.0022562306839972734
0.0009013888775371015
0.06640926003456116
0.14971593022346497
0.00047175472718663514
0.0005904095596633852
0.0009888135828077793
0.004825895186513662
0.07051639258861542
0.002867012517526746
0.03241798281669617
0.0025899382308125496
0.0013269258197396994
0.0010915674502030015
0.0024725976400077343
0.004255343694239855
0.007140288129448891
0.001884935423731804
0.0023416164331138134
0.0034556491300463676
0.014025332406163216
0.001234821043908596
0.001205192063935101
0.018019909039139748
0.040694430470466614
0.0016783461906015873
0.0024452523794025183
0.00037239983794279397
0.003255616407841444
0.0029663750901818275
0.041446834802627563
0.0024111901875585318
0.0012531694956123829
0.04375479370355606
0.00023611020878888667
0.002830769866704941
0.18004971742630005
0.0002664102939888835
0.010812866501510143
0.0013279290869832039
0.0019840949680656195
0.002158843446522951
0.0011831378797069192
0.00242959288880229
0.0007731663645245135
0.05793234333395958
0.30815133452415466
0.05126836150884628
0.005258871242403984
0.0020586028695106506
0.0027937216218560934
0.002085545565932989
0.0010038659675046802
0.02608305960893631
0.0023103123530745506
0.008182751014828682
0.0028260797262191772
0.000749704020563513
0.0015087019419297576
0.00144164077937603
0.003996203187853098
0.0011845834087580442
0.001061630668118596
0.00022315171372611076
0.00029394711600616574
0.0014799253549426794
0.007648686412721872
0.010554809123277664
0.013370462693274021
0.0033269927371293306
0.0048024458810687065
0.000697139766998589
0.0015427402686327696
0.0003096957807429135
0.0014136702520772815
0.0009718467481434345
0.005109820049256086
0.26767557859420776
0.01442856527864933
0.0020407733973115683
0.0005978994304314256
0.9447219967842102
0.0005782710504718125
0.00046583707444369793
0.0013401815667748451
0.0017964584985747933
0.003061442170292139
0.0025825451593846083
0.0010026752715930343
0.06711725890636444
0.050995443016290665
0.001172275166027248
0.002009598072618246
0.0556860975921154
0.006253654602915049
0.0009376812959089875
0.0021977711003273726
0.0006754111964255571
0.005347929894924164
0.0008142069564200938
0.002188659505918622
0.13432016968727112
0.003518026089295745
0.0011392859742045403
0.0038275113329291344
0.00098951265681535
0.003758760867640376
0.0037644640542566776
0.0006814183434471488
0.0007664650911465287
0.004182225093245506
0.004712814465165138
0.0013786000199615955
0.000895781209692359
0.0027718308847397566
4.106317646801472e-05
0.0002102833241224289
0.0016274865483865142
0.003666816046461463
0.0011628285283222795
0.0007543768151663244
0.002063559368252754
0.0014767975080758333
0.0015751412138342857
0.0021247256081551313
0.015921270474791527
0.005295438226312399
0.0033964449539780617
0.0015262463130056858
0.0010252631036564708
0.013715426437556744
0.0018396459054201841
0.002710845787078142
0.0025835686828941107
0.002037716330960393
0.0005395098123699427
0.0007920727366581559
0.0007518025813624263
0.0009890756336972117
0.0023381884675472975
0.003646033350378275
0.001768721966072917
0.000326165376463905
0.05298195406794548
0.07989898324012756
0.00045540768769569695
0.05931998789310455
0.029584666714072227
0.004186300095170736
0.0013011727714911103
0.003967451397329569
0.0011627466883510351
0.021912137046456337
0.0012273387983441353
0.0012349238386377692
0.006706863176077604
0.009554663673043251
0.0006342962151393294
0.0016725016757845879
0.053500257432460785
0.007088355254381895
0.0006551839760504663
0.0016839727759361267
0.1244281455874443
0.0006181905046105385
0.0012181182391941547
0.0028108139522373676
0.0024712940212339163
0.001645528245717287
0.0007871839916333556
0.013222220353782177
0.0011402673553675413
0.0038768071681261063
0.0012911775847896934
0.001400490291416645
0.00024906606995500624
0.07735045254230499
0.0011502999113872647
0.02918161451816559
0.0013450250262394547
0.009560154750943184
0.0012085279449820518
0.001174227916635573
0.001334445783868432
0.0016707279719412327
0.0028119878843426704
5.6660610425751656e-05
0.003549201413989067
0.0012715858174487948
0.0008323383517563343
0.0008071940392255783
0.0007494484889321029
0.08852072805166245
0.002273915335536003
0.060274019837379456
0.0010367436334490776
0.0013486084062606096
0.001430889475159347
0.03719855099916458
0.0019089463166892529
0.0045370496809482574
0.0014409341383725405
0.002807276090607047
0.0005906810984015465
0.0018498116405680776
0.05812343582510948
0.006883011665195227
0.0009754971833899617
0.0013818728039041162
0.04065641015768051
0.0034763766452670097
0.002544206567108631
0.02512774057686329
0.10085713863372803
0.0007849050452932715
0.0006531868712045252
0.00100298086181283
0.0010095491306856275
0.003219020552933216
0.0016908216057345271
0.036101408302783966
0.09379464387893677
0.001830754685215652
0.001436650170944631
0.002014421857893467
0.00034783108276315033
0.043848518282175064
0.010316809639334679
0.001394097344018519
0.0007209549658000469
0.07714013010263443
0.05287677422165871
0.0015605089720338583
0.0011555589735507965
0.005700467154383659
0.0021772142499685287
0.06323926150798798
0.001685295719653368
0.006336183287203312
0.002551211277022958
0.009190852753818035
0.0011095259105786681
0.02577102743089199
0.00113742018584162
0.003654415952041745
0.00223266682587564
0.08568979054689407
0.0009468095377087593
0.003994219936430454
0.002749695209786296
0.04554028436541557
0.000250676937866956
0.0020110036712139845
0.0007596015930175781
0.006593515630811453
0.0012394303921610117
0.0012567908270284534
0.0005875112256035209
0.0006346458103507757
0.0016245633596554399
0.0022176820784807205
0.0013732578372582793
0.0015474330866709352
0.006095890887081623
0.003597504459321499
0.0025879377499222755
0.007085363380610943
0.025173790752887726
0.0008880023378878832
0.0015351978363469243
0.0026323660276830196
0.058143749833106995
0.061666619032621384
0.002793526742607355
0.0028511707205325365
0.002904378343373537
0.21807652711868286
0.00020531103655230254
0.042420148849487305
0.0010013721184805036
0.0459185354411602
0.40321213006973267
0.006297037471085787
0.002431965433061123
0.005209087859839201
0.19459037482738495
0.00025680515682324767
0.3734379708766937
0.0002713420835789293
0.0008689259993843734
0.0012640014756470919
0.001114190206862986
0.0018299691146239638
0.0027190211694687605
0.0024675000458955765
0.002742600627243519
0.0023865681141614914
0.0006351828924380243
0.0015183815266937017
6.90385204507038e-05
0.04613747075200081
0.000966886873356998
0.02953319065272808
0.0011291702976450324
0.04494781792163849
0.010069476440548897
0.001989687792956829
0.024758601561188698
0.004175578244030476
0.0022013287525624037
0.0008874379564076662
0.0051951161585748196
0.005417659878730774
0.009333012625575066
0.0014446780551224947
0.0022159297950565815
0.005548425950109959
0.0032068875152617693
0.0010263780131936073
0.003677369561046362
0.0062611340545117855
0.004831705708056688
0.0008810343570075929
0.001149367424659431
0.0033036984968930483
0.07492377609014511
0.0039535933174192905
0.001624653348699212
0.001530465786345303
0.10129814594984055
0.007641751319169998
0.002963988110423088
0.01833942160010338
0.0013100460637360811
0.00034331894130446017
0.010640991851687431
0.0007491169380955398
0.0013386787613853812
0.005626648664474487
0.038853663951158524
0.0034817541018128395
0.0006756701623089612
0.013544943183660507
0.001071556587703526
0.0007008311804383993
0.0006963566993363202
0.0011529317125678062
0.06715475022792816
0.000610226416029036
0.05748339369893074
0.0016324063763022423
0.0008491920889355242
0.002301956759765744
0.0031750875059515238
0.04653766378760338
0.002025171183049679
0.0727727860212326
0.003370685502886772
0.007789960131049156
0.0009812982752919197
0.003663782263174653
0.052318114787340164
0.00370723195374012
0.0023616563994437456
0.006018533371388912
0.048725247383117676
0.16646511852741241
0.0021827693562954664
0.001586775528267026
0.0017340776976197958
0.0004167941806372255
0.0004638201789930463
0.00027077054255641997
0.0029176450334489346
0.013161118142306805
0.4250432550907135
0.0011017655488103628
0.005325648933649063
0.0010650469921529293
0.0009384526638314128
0.0652032271027565
0.003105763578787446
0.0026432478334754705
0.002711758716031909
0.0012584299547597766
0.008099806495010853
0.005302648991346359
0.07011614739894867
0.00121770438272506
0.012578971683979034
0.06873166561126709
0.19992326200008392
0.001100547960959375
0.001006914651952684
0.001978926593437791
0.06321239471435547
0.0011215347331017256
0.0017169109778478742
0.05299343541264534
0.0005519128171727061
0.011314548552036285
0.0010759895667433739
0.002174689434468746
0.003162164706736803
0.0005541795981116593
0.001345184282399714
0.005125843919813633
0.003646851982921362
0.003597025293856859
0.025985006242990494
0.06350283324718475
0.0012199667980894446
0.0024424283765256405
0.0023085689172148705
0.00029745796928182244
0.00027444938314147294
0.00150522671174258
0.0008749578264541924
0.029205823317170143
0.0017907946603372693
0.0019367111381143332
0.0015928398352116346
0.08899611979722977
0.0016288842307403684
0.0009100284660235047
0.0014181185979396105
0.0009093288681469858
0.002392506692558527
0.0017574939411133528
0.0021610865369439125
0.006332098506391048
0.00041501305531710386
0.0014019175432622433
0.0021000111009925604
0.002273846184834838
0.005773299373686314
0.0006760765099897981
0.0012417290126904845
0.003045392222702503
0.0011671781539916992
0.00034111825516447425
0.0006615964812226593
0.0007738959975540638
0.009845923632383347
0.0006213257438503206
0.0013870131224393845
0.0020953670609742403
0.0020661987364292145
0.0016473856521770358
0.0021031019277870655
0.0022188248112797737
0.0005922637064941227
0.0023161424323916435
0.0021406912710517645
0.0023754441644996405
0.0006585655501112342
0.0005664711352437735
0.00043653324246406555
0.0037315022200345993
0.0020267798099666834
0.001089461729861796
0.18642860651016235
0.00423443503677845
0.001558421878144145
0.0011061755940318108
0.000535022874828428
0.013153588399291039
0.0005082467687316239
0.0014523175777867436
0.0043311575427651405
0.0034563785884529352
0.0037620877847075462
0.0016046481905505061
0.0003801573475357145
0.07645648717880249
0.0043258629739284515
0.0009302441030740738
0.004501750692725182
0.003563661128282547
0.19818344712257385
0.006820904556661844
0.0036391355097293854
0.00118725816719234
0.0004975650226697326
0.05265607684850693
0.002999495016410947
0.035235583782196045
0.0011060384567826986
0.09584527462720871
0.006732134614139795
0.0059083448722958565
0.0009233813616447151
0.002325284294784069
0.0481664314866066
0.005251394119113684
0.0016298616537824273
0.07203395664691925
0.15185028314590454
0.197994202375412
0.001601146999746561
0.00575918098911643
0.0044857533648610115
0.0003203152446076274
0.013387389481067657
0.05851889029145241
0.001170842326246202
0.0007663934957236052
0.0017715363064780831
0.0014515118673443794
0.0008211407111957669
0.0037379777058959007
0.0060691446997225285
0.0017215777188539505
0.0012329238234087825
0.0006402411963790655
0.00044150077155791223
0.0016130723524838686
0.00404315534979105
0.0007179814856499434
0.04235668480396271
0.03748292103409767
0.0010052494471892715
0.0009755876963026822
0.00022428040392696857
0.002962597645819187
0.004303154535591602
0.13150539994239807
0.004560878034681082
0.0004769678635057062
0.0004680255660787225
0.001947734970599413
0.014112807810306549
0.000500008522067219
0.0006602294160984457
0.0003553477581590414
0.003374566789716482
0.0033373378682881594
0.0025029785465449095
0.0038273432292044163
0.08331198990345001
0.0018873157678171992
0.002759890630841255
0.0038484083488583565
0.002460165647789836
0.00048347917618229985
0.0008847313583828509
0.0009130856487900019
0.0036036763340234756
0.0011907697189599276
0.0023035823833197355
0.0017793670995160937
0.000667902990244329
0.0013447597157210112
0.0014278269372880459
0.0009971866384148598
0.003092134138569236
0.0012976315338164568
0.001795265474356711
0.0012003546580672264
0.0002579655556473881
0.0013928611297160387
0.0041150595061481
0.0009988503297790885
0.001796456635929644
0.0025551212020218372
0.001093901926651597
0.034520577639341354
0.0008459302480332553
0.007214662153273821
0.0003552369016688317
0.0014300333568826318
0.008052363991737366
0.0003591031127143651
0.000730283500161022
0.0020248075015842915
0.0009436143445782363
0.0010726135224103928
0.07876800000667572
0.18795064091682434
0.0024961428716778755
0.005797591991722584
0.0008882784168235958
0.0013545055408030748
0.0006839678389951587
0.2397717386484146
0.0010559301590546966
0.002633951837196946
0.009655642323195934
0.001608528895303607
0.00264676078222692
0.0011707566445693374
0.0025283275172114372
0.0007773051038384438
0.02554406225681305
0.0008677612640894949
0.0027087198104709387
0.001890950952656567
0.0011495280778035522
0.060085177421569824
0.0018236192408949137
0.0005060184630565345
0.0013082654913887382
0.005273532122373581
0.0008603297173976898
0.0006289217853918672
0.0027670597191900015
0.0026532430201768875
0.0028511695563793182
0.013729400001466274
0.03957715630531311
0.003938962239772081
0.03126878663897514
0.0030864134896546602
0.02842433750629425
0.003169862786307931
0.0017409673891961575
0.001677407999522984
0.03078383021056652
0.0013112032320350409
0.0014869733713567257
0.0011950554326176643
0.0005838734214194119
0.0025480191688984632
0.0017834934405982494
0.0003851557557936758
0.15132445096969604
0.0005676279542967677
0.003820626763626933
0.0004446163948159665
7.34399218345061e-05
0.2545071542263031
0.001951230806298554
0.0007447827374562621
0.0044011278077960014
0.014507601968944073
0.04702748730778694
0.0014672762481495738
0.0014172033406794071
0.3557366728782654
0.005120186600834131
0.001776877441443503
0.005880656186491251
0.0038422823417931795
0.005187062080949545
0.003511875169351697
0.0008497899980284274
0.0008510219631716609
0.01929302327334881
0.004695736803114414
0.006252999883145094
0.0480801947414875
0.0035868422128260136
0.0002924266445916146
0.0005977777182124555
0.0010454111034050584
0.002489996375516057
0.0005510813789442182
0.02986239641904831
0.003644179319962859
0.08883501589298248
0.001147381030023098
0.0006004447350278497
0.0011225567432120442
0.057768795639276505
0.0021760226227343082
0.0017806930700317025
0.001266655744984746
0.003695589257404208
0.012576969340443611
0.008622825145721436
0.0003505451022647321
0.0014828939456492662
0.0005966588505543768
0.009800993837416172
0.0016437609447166324
0.0025448088999837637
0.01183168962597847
0.00790221057832241
0.0009655441390350461
0.004306684713810682
0.2871662974357605
0.004759632516652346
0.04809588938951492
0.0010037231259047985
0.0017946955049410462
0.000849325442686677
0.02256288379430771
0.0013021192280575633
0.00023608838091604412
0.002752244006842375
0.0057070376351475716
0.0006061842432245612
0.0008222698234021664
0.0013418607413768768
0.0005900457035750151
0.004236740525811911
0.0008450696477666497
0.0005418466753326356
0.0011904708808287978
0.008883072063326836
0.0014049707679077983
0.004312177188694477
0.12834087014198303
0.0007679524715058506
0.002695871749892831
0.00166321883443743
0.0027075561229139566
0.001508783781901002
0.0025010365061461926
0.020444873720407486
0.00183560186997056
0.0018408948089927435
0.09040682017803192
0.36055994033813477
0.001356750843115151
0.06789524108171463
0.0009260179358534515
0.000528200063854456
0.004179172217845917
0.0017189040081575513
0.12848468124866486
0.0020593132358044386
0.0018805861473083496
0.0037245042622089386
0.12607568502426147
0.0007420186884701252
0.0016158760990947485
0.0057228486984968185
0.0007527504931204021
0.0009060365846380591
0.0005592945381067693
0.0012694722972810268
0.016440995037555695
0.0006678776117041707
0.005387560930103064
0.00341597106307745
0.06076157093048096
0.0023963358253240585
0.00748071726411581
0.0038255827967077494
0.0039606341160833836
0.23169389367103577
0.0010257234098389745
0.00039850157918408513
0.0014112626668065786
0.0006579590844921768
0.03453867882490158
0.0007218890823423862
0.0005240745958872139
0.000824970193207264
0.08145616203546524
0.005307272542268038
0.05485887825489044
0.010326169431209564
0.005431720986962318
0.012451473623514175
0.0012235332978889346
0.003632008796557784
0.006388130597770214
0.0012037315173074603
0.0036665250081568956
0.0038269704673439264
0.002440190175548196
0.03859512507915497
0.006585210096091032
0.005794756580144167
0.00015869044000282884
0.002578842919319868
0.0011254202108830214
0.0016018287278711796
0.00033378091757185757
0.0017611291259527206
0.001963259419426322
0.11146822571754456
0.005690997466444969
0.0027559862937778234
0.001528112799860537
0.002894018543884158
0.0028584334068000317
0.05133520066738129
0.0006658192723989487
0.04090917110443115
0.0022979476489126682
0.00016118062194436789
0.0026006659027189016
0.02688532881438732
0.001008650753647089
0.0010560235241428018
0.020495295524597168
0.001980627654120326
0.06531986594200134
0.0018621134804561734
0.001394227147102356
0.0005601725424639881
0.001025949721224606
0.0009570583933964372
0.00034866295754909515
0.005895746871829033
0.0007922229124233127
0.0008975472301244736
0.00021977473807055503
0.0011183551978319883
0.0009667588747106493
0.0038220155984163284
0.0010380938183516264
0.0017093148780986667
0.01861783303320408
0.0027024857699871063
0.041171010583639145
0.0009101534960791469
0.0005835262127220631
0.0002907609741669148
0.008500993251800537
0.0023466150742024183
0.0008648160146549344
0.0019431030377745628
0.11748132109642029
0.05009940639138222
0.0006460272707045078
0.0061879451386630535
0.0026015578769147396
0.007793798577040434
0.00510427076369524
0.0027388501912355423
0.0006154263392090797
0.006584635470062494
0.0017131076892837882
0.001228134729899466
0.001115155522711575
0.00021797011140733957
0.0020215266849845648
0.00084922113455832
0.0008174015674740076
0.000489991856738925
0.001521762111224234
0.0012729773297905922
0.025513138622045517
0.005758534651249647
0.0009798979153856635
0.0020832738373428583
0.0007919835043139756
0.014548221603035927
0.0011723354691639543
0.00023136497475206852
0.0017212522216141224
0.001060318318195641
0.0017018477665260434
0.00033208177774213254
0.0016068320255726576
0.0013119055656716228
0.007684339769184589
0.002063015243038535
0.0005304482183419168
0.0060991644859313965
0.0017058938974514604
0.1006784737110138
0.001525474595837295
0.006967763416469097
0.0005290558910928667
0.0005893214256502688
0.001489371177740395
0.004383455496281385
0.1235818862915039
0.001415248611010611
0.0006003822200000286
0.0004124876868445426
0.0013215926010161638
0.0022954035084694624
0.0023962920531630516
0.004941776394844055
0.0034628575667738914
0.0008507944876328111
0.0010863374918699265
0.006003082729876041
0.0018370260950177908
0.07552565634250641
0.0033238655887544155
0.0014560354175046086
0.0033532173838466406
0.0013688838807865977
0.044532906264066696
0.035483065992593765
0.0020882526878267527
0.0006323130219243467
0.004663556814193726
0.00023648812202736735
0.0015318276127800345
0.051866307854652405
0.00011817574704764411
0.0020566757302731276
0.004746990278363228
0.003987619653344154
0.03521910682320595
0.0017230981029570103
0.0008345359237864614
0.009195245802402496
0.0005707443342544138
0.0004832204431295395
0.00039801705861464143
0.0006083292537368834
0.0004393045965116471
0.003748127492144704
0.003570820204913616
0.0035254117101430893
0.0011089181061834097
0.03794316202402115
0.0018324278062209487
0.0007334029069170356
0.0006819086265750229
0.009317330084741116
0.0004578217049129307
0.0008034924394451082
0.0014127407921478152
0.0031715603545308113
0.0011499139945954084
0.34606024622917175
0.028268564492464066
0.0037822762969881296
0.0007187838200479746
0.000703725847415626
0.12920904159545898
0.000732526823412627
0.0017284798668697476
0.0012343859998509288
0.001398652559146285
0.003069887636229396
0.001333301537670195
0.0017261781031265855
0.19404317438602448
0.0008423001272603869
0.15159159898757935
0.002377129625529051
0.0007774680270813406
0.001964990049600601
0.0020593982189893723
0.0009057875722646713
0.24867576360702515
0.01023915782570839
0.0020853737369179726
0.001544116996228695
0.0004493030719459057
0.43494510650634766
0.040334708988666534
0.0007497734040953219
0.0024456395767629147
0.0003896237467415631
0.0014455083291977644
0.002979053882881999
0.003584787482395768
0.0008448250591754913
0.2070486843585968
0.023994702845811844
0.0014491418842226267
0.0002355124888708815
0.0023869683500379324
0.009295538999140263
0.0016389259835705161
0.1936052143573761
0.001209118403494358
0.04079478979110718
0.0008235534187406301
0.001142566674388945
0.06962616741657257
0.0011474265484139323
0.0008621817105449736
0.0006353742210194468
0.0010625083232298493
0.007445074152201414
0.0028283291030675173
0.0007059650961309671
0.0013134721666574478
0.0008541853749193251
0.0004456547030713409
0.0025486289523541927
0.0015071457019075751
0.010620093904435635
0.0022705949377268553
0.0006960045429877937
0.0029579016845673323
0.000980228534899652
0.010447968728840351
0.007740460801869631
0.012893730774521828
0.003240609774366021
0.002111810026690364
0.0015964880585670471
0.0007320361328311265
0.00022781398729421198
0.0022955182939767838
0.005091635510325432
0.006599586457014084
0.0858636125922203
0.0005887674633413553
0.0006222673109732568
0.0003311743785161525
0.0004085522086825222
0.0005541664431802928
0.0013738768175244331
0.0008174785762093961
0.0021008651237934828
0.003104724222794175
0.005540176760405302
0.0014361509820446372
0.002835422521457076
0.0006744763231836259
0.0016294571105390787
0.13713997602462769
0.0021379454992711544
0.0006277083302848041
0.0008227744838222861
0.0022838586010038853
0.004603044595569372
0.0010757452109828591
0.000847520655952394
0.0825490951538086
0.001148202340118587
0.0006633673328906298
0.006017101928591728
0.0010413305135443807
0.002318429062142968
0.00011286717926850542
0.0005548738990910351
0.0013890365371480584
0.0015331878094002604
0.13433422148227692
0.0014129042392596602
0.0007340200827457011
0.0013819850282743573
0.046057846397161484
0.046839289367198944
0.06858813762664795
0.001061908551491797
0.0016628404846414924
0.0023139154072850943
0.0040840632282197475
0.0007559062214568257
0.002910875715315342
0.011301731690764427
0.005341513082385063
0.002018383238464594
0.0008663202752359211
0.0017733544809743762
0.00036542752059176564
0.0035764591302722692
0.0029308535158634186
0.001049553044140339
0.2758702039718628
0.0026103565469384193
0.006132973358035088
0.0027859671972692013
0.0005995468818582594
0.224139004945755
0.0006084904307499528
0.00028211422613821924
0.0028534173034131527
0.09025062620639801
0.004222092684358358
0.006800932344049215
0.002713697962462902
0.10488813370466232
0.011725264601409435
0.027014413848519325
0.00045821614912711084
0.0064018345437943935
0.00024287294945679605
0.08880437910556793
0.0025373802054673433
0.06244061887264252
0.001489059068262577
0.00039592274697497487
0.0033305329270660877
0.0007322109886445105
0.0005368271959014237
0.00046368592302314937
0.0021037596743553877
0.0009399030241183937
0.0018841567216441035
0.002330155810341239
0.0008231212268583477
0.0010706176981329918
0.002456129528582096
0.0012229823041707277
0.002534325234591961
0.0014034771593287587
0.03944593667984009
0.051174096763134
0.0035705037880688906
0.005043443292379379
0.0014838414499536157
0.019391924142837524
4.687151522375643e-05
0.0019236903171986341
0.0013516074977815151
0.06786731630563736
0.0016624488634988666
0.0024424069561064243
0.0021814617794007063
0.002337676240131259
0.0018669591518118978
0.007225758861750364
0.002101023681461811
0.0031051947735249996
0.014346007257699966
0.0005950236227363348
0.0008424940751865506
0.007083673030138016
0.001555006136186421
0.0014435170451179147
0.04992646723985672
0.09333227574825287
0.0014478897210210562
0.0027481340803205967
0.0023230058141052723
0.0015756972134113312
0.00046652552555315197
0.0022948815021663904
0.0003530171525198966
0.0012471351074054837
0.0006701244274154305
0.0008100006962195039
0.0010380848543718457
0.09043174982070923
0.03510522097349167
0.05691608786582947
0.0011814612662419677
0.0012361040571704507
0.0008228786755353212
0.03339472785592079
0.007264891639351845
0.0010091637959703803
0.014785129576921463
0.0026094892527908087
0.001564923906698823
0.0029068246949464083
0.0008696824079379439
0.1286998689174652
0.0043134745210409164
0.0016554102767258883
0.007716071326285601
0.0005852814647369087
0.0003108354867435992
0.002252963837236166
0.0035091014578938484
0.001477325102314353
0.0012159465113654733
0.0011319193290546536
0.05957525968551636
0.0005762618966400623
0.0006683636456727982
0.001276351511478424
0.0010942351073026657
0.00353026925586164
0.0009775852086022496
0.002494162879884243
0.01818152703344822
0.0010782575700432062
0.13317584991455078
0.036930620670318604
0.02897823043167591
0.0029151407070457935
0.039859429001808167
0.0011401938972994685
0.001126230345107615
0.0007918611518107355
0.013224409893155098
0.0015591612318530679
0.0054811290465295315
0.0025075895246118307
0.0005338125047273934
0.0019575858023017645
0.03290794417262077
0.0010595496278256178
0.026927925646305084
0.002625022316351533
0.0004736238915938884
0.0014847484417259693
0.003164317924529314
0.0004721175064332783
0.0025511456187814474
0.0008649612427689135
0.06372423470020294
0.052277009934186935
0.07520794868469238
0.03901025280356407
0.000768965866882354
0.005431681871414185
0.0036583649925887585
0.010715169832110405
0.0022338724229484797
0.006039885804057121
0.010705741122364998
0.010970612987875938
0.03916223719716072
0.002272486686706543
0.0005073850625194609
0.002487407997250557
0.0009129992104135454
0.00446185702458024
0.000673858798108995
0.0002048939495580271
0.06704612821340561
0.003802180290222168
0.0043440344743430614
0.05548001080751419
0.005294440314173698
0.39018145203590393
0.004237371496856213
0.0010713443625718355
0.004653616808354855
0.0005808958085253835
0.0009488846408203244
0.004599987529218197
0.005781326908618212
0.001891107065603137
0.0013410418760031462
0.0014690523967146873
0.005308796651661396
0.0021741187665611506
0.004464553203433752
0.004478301852941513
0.002555142156779766
0.0017798168119043112
0.0021722500678151846
0.0027021474670618773
0.012520335614681244
0.0010666230227798223
0.0012050076620653272
0.0002470054605510086
0.0022615576162934303
0.00041314377449452877
0.05496267229318619
0.0005669738166034222
0.062116753309965134
0.0024825758300721645
0.09691141545772552
0.003997239284217358
0.0029694093391299248
0.07695946097373962
0.0006669526337645948
0.0011133940424770117
0.031599245965480804
0.0007897298200987279
0.0014550250489264727
0.003122772788628936
0.002472206251695752
0.21616555750370026
0.02799912914633751
0.00044287406490184367
0.000652822433039546
0.0017922811675816774
0.0008997100521810353
0.004987886641174555
0.0028595796320587397
0.0010019696783274412
0.0010299672139808536
0.0021917950361967087
0.0007409611716866493
0.05670689791440964
0.00046108680544421077
0.001414832891896367
0.0020173562224954367
0.009669236838817596
0.026076510548591614
0.09382255375385284
0.015437139198184013
0.0017404664540663362
0.0020381228532642126
0.0034059803001582623
0.0011096008820459247
0.001890219165943563
0.002040046965703368
0.0006410853238776326
0.0037389390636235476
0.0009459928842261434
0.004450100939720869
0.0014575149398297071
0.001858850591816008
0.0027435007505118847
0.04963938146829605
0.0038900901563465595
0.000842004781588912
0.006849005818367004
0.006674614269286394
0.0004371805698610842
0.0009497821447439492
0.0010565477423369884
0.0003233286552131176
0.011717711575329304
0.004213347565382719
0.0009457383421249688
0.0005088498000986874
0.032003726810216904
0.000618310528807342
0.0009755617356859148
0.001738254795782268
0.0020702879410237074
0.0009438833221793175
0.002272252459079027
0.0013602989492937922
0.01743779145181179
0.06168944016098976
0.0526139996945858
0.0012995342258363962
0.03699474409222603
0.1099124476313591
0.0012399550760164857
0.24946683645248413
0.0023884745314717293
0.001785295200534165
0.0009631216526031494
0.04758325219154358
0.005478033795952797
0.00011683830962283537
0.00170886458363384
0.05720952898263931
0.0025413003750145435
0.0013065601233392954
0.0006208131089806557
0.0020555814262479544
0.007935256697237492
0.0019462608033791184
0.0011193959508091211
0.05970938876271248
0.001615022774785757
0.02350740320980549
0.003125470131635666
0.003577157389372587
0.0015523757319897413
0.0097071947529912
0.0305388942360878
0.0017430582083761692
0.0642523393034935
0.0013070644345134497
0.22026591002941132
0.0033473593648523092
0.0009119629394263029
0.0007508035050705075
0.0018356749787926674
0.0012107407674193382
0.0011371234431862831
0.0010066225659102201
0.0012221933575347066
0.0073510464280843735
0.0018039282876998186
0.0007387292571365833
0.00439196452498436
0.0013501355424523354
0.0009876980911940336
0.13530132174491882
0.0005993926897644997
0.0007814850541763008
0.0007435295847244561
0.0010924687376245856
0.0003910353407263756
0.00036894166260026395
0.00017898647638503462
0.006002575624734163
0.0007452456629835069
0.0018490940565243363
0.002205475000664592
0.004165738821029663
0.0005127387121319771
0.000858265208080411
0.003574855625629425
0.000271612370852381
0.0018599696923047304
0.0012098492588847876
0.00183239730540663
0.010260742157697678
0.0016084617236629128
0.0003157238243147731
0.019305318593978882
0.0028089541010558605
0.0009011416113935411
0.0002260593173559755
0.009656389243900776
0.0568879097700119
0.0023595839738845825
0.00734096160158515
0.0005847269203513861
0.0007389527163468301
0.00861381459981203
0.002399084623903036
0.00094360311049968
0.00325694028288126
0.03543199226260185
0.0010767371859401464
0.0007613491034135222
0.0022547123953700066
0.002952930051833391
0.001294087152928114
0.0004313878307584673
0.001766659552231431
0.08612127602100372
0.0007323420722968876
0.0011997846886515617
0.000761672155931592
0.00228107045404613
0.19349735975265503
0.09169865399599075
0.003919157199561596
0.0014593314845114946
0.0012821800773963332
0.001321839285083115
0.02066105417907238
0.0018716951599344611
0.025644950568675995
0.001366450684145093
0.0009604116203263402
0.009670880623161793
0.0025587771087884903
0.07984261214733124
0.0007178224623203278
0.0007156662177294493
0.0015041535953059793
0.0009010022040456533
0.04733749106526375
0.001729545183479786
0.0005744456429965794
0.003584981895983219
0.0016966696130111814
0.0007293701055459678
0.06511399149894714
0.007173958234488964
0.00091538205742836
0.002917931880801916
0.0007998787914402783
0.007090734783560038
0.00840197503566742
0.0004213627544231713
0.27958837151527405
0.0012924761977046728
0.0636807233095169
0.19222426414489746
0.0013781683519482613
0.022921983152627945
0.004128595348447561
0.0008978821570053697
0.03578445687890053
0.0010653529316186905
0.0035461238585412502
0.0014661474851891398
0.000477524969028309
0.0018263793317601085
0.01199941337108612
0.08405730128288269
0.0847766324877739
0.07102031260728836
0.0006995364674367011
0.00232896045781672
0.004935861099511385
0.0010995111661031842
0.004944258369505405
0.004238329827785492
0.055135417729616165
0.04228425398468971
0.0013941002544015646
0.0008658401784487069
0.000509468954987824
0.008136467076838017
0.0055751558393239975
0.0007696156390011311
0.0014637013664469123
0.0014378955820575356
0.0007570720626972616
0.0008809007704257965
0.0014195095282047987
0.045255787670612335
0.0020460416562855244
0.029074307531118393
0.12761244177818298
0.07639161497354507
0.0007755984552204609
0.001645413227379322
0.0015668319538235664
0.0029755565337836742
0.018346719443798065
0.0006843487499281764
0.002217794070020318
0.0014866241253912449
0.0003688210272230208
0.018069544807076454
0.0004987149150110781
0.0008444130071438849
0.08262143284082413
0.0014722499763593078
0.0013272817013785243
0.0007483292720280588
0.0016782230231910944
0.004443794954568148
0.019985968247056007
0.0018344625132158399
0.03912937641143799
0.001357218250632286
0.0006555434665642679
0.003580620978027582
0.001318474067375064
0.0012004752643406391
0.0014171788934618235
0.002331364434212446
0.0001061138536897488
0.0025336898397654295
0.0009962978074327111
0.0003328020975459367
0.001054849592037499
0.0016570567386224866
0.0007587716681882739
0.001482185092754662
0.1045183464884758
0.005910851992666721
0.000734567001927644
0.006989913061261177
0.0015670532593503594
0.034595049917697906
0.2443431317806244
0.0013406748184934258
0.0022084983065724373
0.0009593965369276702
0.0005788764683529735
0.003511506598442793
0.0026235703844577074
0.0006498299771919847
0.0009852242656052113
0.008344512432813644
0.04088352620601654
0.010894017294049263
0.0007201098487712443
0.003820244688540697
0.0008093332871794701
0.011858716607093811
0.11618145555257797
0.0005842656246386468
0.0004459500196389854
0.002264841226860881
0.0023993642535060644
0.002122893463820219
0.00836789421737194
0.0032977028749883175
0.0008510180050507188
0.01014287956058979
0.0008198674768209457
0.002609858987852931
0.0016199337551370263
0.0017610089853405952
0.00024121050955727696
0.0009010410867631435
0.001142736990004778
0.0009688892751000822
0.0016386950155720115
0.0024084083270281553
0.0026585322339087725
0.006071996875107288
0.05316431075334549
0.09387107193470001
0.0009490743395872414
0.0017363217193633318
0.003217195626348257
0.0014273232081905007
0.0034618584904819727
0.0008402010425925255
0.018918093293905258
0.002231147140264511
0.0032133301720023155
0.0013288792688399553
0.06241081282496452
0.056383099406957626
0.0004033725708723068
0.08490899950265884
0.0016091251745820045
0.0005425075069069862
0.001115804654546082
0.0012639141641557217
0.050195373594760895
0.013687917031347752
0.0020050834864377975
0.0033173877745866776
0.0020553027279675007
0.0011453457409515977
0.0025262103881686926
0.0014244673075154424
0.18433064222335815
0.0005789548740722239
0.001936952001415193
0.0003206476685591042
0.0013525841059163213
0.022855659946799278
0.024976370856165886
0.0023560693953186274
0.0010452186688780785
0.0004468121915124357
0.004278396721929312
0.0002474149805493653
0.0022527393884956837
0.0026129100006073713
0.03238819167017937
0.0010395984863862395
0.037694450467824936
0.004063696134835482
0.0007786385249346495
0.01053090300410986
0.0017486808355897665
0.005732499994337559
0.00637612771242857
0.0006674413452856243
0.0015426342142745852
0.007644101046025753
0.0017944331048056483
0.0014978372491896152
0.050840895622968674
0.009198186919093132
0.0015678532654419541
0.0030225305818021297
0.00022295514645520598
0.0007302818121388555
0.01224531326442957
0.008034325204789639
0.0004400991019792855
0.003578333416953683
0.0019807107746601105
0.002048487076535821
0.08135955035686493
0.0011147984769195318
8.919565152609721e-05
0.002076507080346346
0.00285956053994596
0.06831780821084976
0.003166141454130411
0.001707342336885631
0.004356306977570057
0.0008790486608631909
0.001672787475399673
0.0015780098037794232
0.0002788610872812569
0.3566173315048218
0.003619470866397023
0.0006917105056345463
0.00036281405482441187
0.0015118910232558846
0.001719533116556704
0.0013445529621094465
0.01874653622508049
0.0032436042092740536
0.0016226875595748425
0.003032915061339736
0.02399216964840889
0.004816774278879166
0.0007195348734967411
0.001639422494918108
0.000657206226605922
0.004692701157182455
0.0008027961594052613
0.0009044894832186401
0.0015077139250934124
0.0006686095730401576
0.00116727186832577
0.0011787288822233677
0.0006535842549055815
0.005138908047229052
0.0007038845214992762
0.002268723212182522
0.003189326263964176
0.022313710302114487
0.009973477572202682
0.32759228348731995
0.00043328339233994484
0.0014523521531373262
0.0011366214603185654
0.0037230041343718767
0.0008882424444891512
0.0014023997355252504
0.0016463646898046136
0.030043868348002434
0.06078842654824257
0.0012882124865427613
0.0011647874489426613
0.001792551134712994
0.0001702990266494453
0.003913847263902426
0.07805141061544418
0.004632269497960806
0.01994926482439041
0.001967715099453926
0.008386582136154175
0.0001446018140995875
0.0029514345806092024
0.08934575319290161
0.002513295039534569
0.10054043680429459
0.0009933423716574907
0.0009836930548772216
0.0005662624025717378
0.0012320304522290826
0.0020751026459038258
0.0008785626851022243
0.00117794843390584
0.006049572955816984
0.0013886463129892945
0.002267607022076845
0.006829764228314161
0.0002729802508838475
0.0015612924471497536
0.001377212698571384
0.002621613908559084
0.002136940136551857
0.0016437681624665856
0.00148538569919765
0.0008799952920526266
0.008647311478853226
0.0014754979638382792
0.007909134961664677
0.0005845463601872325
0.004380245693027973
0.0028518543113023043
0.0005931688938289881
0.0007239384576678276
0.0024032259825617075
0.0020753638818860054
0.0004617695522028953
0.01790347695350647
0.027618424966931343
0.001746736466884613
0.0028776247054338455
0.004217610228806734
0.002236159984022379
0.0008219468872994184
0.0016397939762100577
0.0003412041696719825
0.09109637141227722
0.001192124909721315
0.0007548810681328177
0.0005208038492128253
0.003048412734642625
0.0020507422741502523
0.00137570989318192
0.0634462907910347
0.0013281538849696517
0.0007225754088722169
0.0004821714828722179
0.051436569541692734
0.0031913318671286106
0.0024251097347587347
0.0010534062748774886
0.0005098036490380764
0.0010826945072039962
0.0510956272482872
0.0007031103014014661
0.006500802468508482
0.0007070135325193405
0.001492597395554185
0.0007917182520031929
0.003483208129182458
0.014154220931231976
0.0015784039860591292
0.001279398100450635
0.003927930258214474
0.0017931514885276556
0.0034775128588080406
0.05116768926382065
0.2843647003173828
0.0005479815881699324
0.000868821342010051
0.002538099652156234
0.0003591507556848228
0.0023987796157598495
0.0009641379583626986
5.106041862745769e-05
0.002968603279441595
0.0016908335965126753
0.018396347761154175
0.006844708696007729
0.06378615647554398
0.08903263509273529
0.0005196823040023446
0.0008640561136417091
0.0006912819226272404
0.0017005640547722578
0.0016390824457630515
0.00037124688969925046
0.009120752103626728
0.005926940590143204
0.0010215779766440392
0.0002618945436552167
0.0017304213251918554
0.0012827798491343856
0.03492371365427971
0.0026722843758761883
0.002170505002140999
0.000593406381085515
0.0016639604000374675
0.00019231965416111052
0.06739991903305054
0.006624649744480848
0.03235504776239395
0.001121183973737061
0.0002693408168852329
0.0007051721913740039
0.004282765090465546
0.021652596071362495
0.00750824436545372
0.0007606721483170986
0.037412047386169434
0.00038569135358557105
0.0005869205924682319
0.001204072032123804
0.0006737002404406667
0.0003488624352030456
0.00024543734616599977
0.0021514317486435175
0.0008360979845747352
0.002768138889223337
0.054771870374679565
0.0016555007314309478
0.017963647842407227
0.0005590475047938526
0.0006653820746578276
0.04445209354162216
0.0009601269848644733
0.00020889844745397568
0.004755557049065828
0.0031340126879513264
0.0015593816060572863
0.0050608208402991295
0.00099847128149122
0.004034439567476511
0.0008103963336907327
0.03312332183122635
0.04019659757614136
0.2639369070529938
0.001961604692041874
0.0010225205915048718
0.002358462195843458
0.003228750079870224
0.0013243007706478238
0.0010567338904365897
0.006566766649484634
0.0005494752549566329
0.03915221989154816
0.0003558928146958351
0.005736676976084709
0.00012060671724611893
0.00041376458830200136
0.0004718221025541425
0.0014647021889686584
0.0029614632949233055
0.0024177981540560722
0.0026155521627515554
0.003209339687600732
0.0029108887538313866
0.003931471146643162
0.0009833015501499176
0.030607689172029495
0.061267632991075516
0.004694005940109491
0.000769054691772908
0.0039777434431016445
0.0012770083267241716
0.003267116378992796
0.04164373129606247
0.0014002477983012795
0.0009187450632452965
0.05646374076604843
0.002723083598539233
0.001238641096279025
0.0006400198908522725
0.0017451498424634337
0.0019473235588520765
0.004865947179496288
0.0008436382049694657
0.0013612277107313275
0.0009024822502397001
0.002670964691787958
0.06268220394849777
0.031153006479144096
0.0017682381439954042
0.0006788651226088405
0.0042791529558598995
0.002562502631917596
0.05353980511426926
0.000658871082123369
0.003798983758315444
0.003405835945159197
0.08338291943073273
0.0012494056718423963
0.00036504006129689515
0.0003973656566813588
0.006879978813230991
0.0018876907415688038
0.004594761412590742
0.03673744946718216
0.005565597675740719
0.00516919931396842
0.002107224427163601
0.0017195061082020402
0.0012156692100688815
0.00829410832375288
0.0018353874329477549
0.001989876152947545
0.0007258964469656348
0.0015113773988559842
0.00337445130571723
0.00100426422432065
0.07228249311447144
0.0007807674119248986
0.0011288076639175415
0.186926007270813
0.0013178973458707333
0.0012964789057150483
0.0007178711821325123
0.0005779094062745571
0.046762775629758835
0.0015765286516398191
0.00031582624069415033
0.007430285681039095
0.006966752465814352
0.0010604812996461987
0.37871822714805603
0.000657292315736413
0.057626985013484955
0.0012623186921700835
0.01067822240293026
0.000988092739135027
0.008956312201917171
0.0006327828741632402
0.0004984478582628071
0.0010036238236352801
0.03867358714342117
0.02729487419128418
0.005731635261327028
0.3925316631793976
0.0029649098869413137
0.0729621946811676
0.00020149962801951915
0.004021924454718828
0.000933453964535147
0.014732278883457184
0.009611538611352444
0.0016274875961244106
0.0015128767117857933
0.0009300219244323671
1.0629065036773682
0.007807822898030281
0.028043057769536972
0.0035981647670269012
0.0011233951663598418
0.00065317761618644
0.0018731047166511416
0.4408385157585144
0.0014372061705216765
0.008025710470974445
0.0002086793101625517
0.0014961088309064507
0.06420344114303589
0.0005258783930912614
0.05039951205253601
0.0013911769492551684
0.001003988436423242
0.001858829753473401
0.01430143229663372
0.0021214482840150595
0.0011979725677520037
0.0022340945433825254
0.00015460382564924657
0.009965458884835243
0.0010630949400365353
0.0005910426843911409
0.0007614206988364458
0.005311437416821718
0.0029968838207423687
0.006915605627000332
0.0008002929971553385
0.004806338809430599
0.035140395164489746
0.009946687147021294
0.036366209387779236
0.0006031126831658185
0.0016732342774048448
0.005092979874461889
0.0018436653772369027
0.0023271809332072735
0.0014013332547619939
0.00015055858239065856
0.0007052822620607913
0.003819599747657776
0.0009824596345424652
0.0031505818478763103
0.0016075922176241875
0.0013581046368926764
0.09135787189006805
0.001222374034114182
0.004320097155869007
0.0007797054131515324
0.006623738911002874
0.0004456046735867858
0.005933862645179033
0.001541063655167818
0.0007760466542094946
0.004374243784695864
0.0014265404315665364
0.006962241604924202
0.000528939301148057
0.0631372332572937
0.039503064006567
0.0029581997077912092
0.004971087910234928
0.000988868996500969
0.0006546237273141742
0.0010626487201079726
0.0023928906302899122
0.0032839435152709484
0.0011531042400747538
0.01737557351589203
0.08006880432367325
0.00498398020863533
0.005305454600602388
0.003055442590266466
0.0029315189458429813
0.0002127123880200088
0.0024145005736500025
0.0013599427184090018
0.00046777690295130014
0.009418861009180546
0.005044910125434399
0.001109945704229176
0.20284005999565125
0.0003331612970214337
0.0007982240640558302
0.002562090288847685
0.005677100736647844
0.00039964469033293426
0.0022402890026569366
0.002186948200687766
0.0035814065486192703
0.003235217649489641
0.00023875795886851847
0.000956691219471395
0.17612776160240173
0.007424517069011927
0.0005334606976248324
0.0034383819438517094
0.03467092290520668
0.002268692711368203
0.001147730741649866
0.0036797213833779097
0.044309888035058975
0.003916949965059757
0.1016545295715332
0.006712018512189388
0.0036335617769509554
0.001059086062014103
0.0010091803269460797
0.002447284059599042
0.0025206299033015966
0.006118556018918753
0.001368519733659923
0.0019423492485657334
0.0009452061494812369
0.0008253707783296704
0.0004904582165181637
0.0018259312491863966
0.0014727619709447026
0.0013436629669740796
0.0014468762092292309
0.0025698740500956774
0.0013452161801978946
0.0061278678476810455
0.0002818322682287544
0.0021752440370619297
0.0006752093322575092
0.0008103793952614069
0.002221922855824232
0.00022608430299442261
0.00026814115699380636
0.04462883993983269
0.007498781196773052
0.0018723717657849193
0.003190362825989723
0.0032520664390176535
0.0006951832328923047
0.11926650255918503
0.001620334922336042
0.029914921149611473
0.08680211752653122
0.001234031980857253
0.000631276867352426
0.005067877471446991
0.004937996156513691
0.05409985035657883
0.0005234413547441363
0.0012151553528383374
0.0012683491222560406
0.002382585546001792
0.0006431901128962636
0.0016871585976332426
0.003294996917247772
0.001414353959262371
0.0005896455841138959
0.0038185412995517254
0.0018344568088650703
0.050324633717536926
0.0033445083536207676
0.0037942808121442795
0.0018010366475209594
0.0007004144135862589
0.060786593705415726
0.10463294386863708
0.00354491057805717
0.0018559482414275408
0.005357880610972643
0.002169347368180752
0.0015096594579517841
0.0025454892311245203
0.2860497236251831
0.001819311291910708
0.004134848713874817
0.0004387947847135365
0.01256515085697174
0.0014194456161931157
0.001078287372365594
0.0010745570762082934
0.006755485665053129
0.007915318943560123
0.04690788313746452
0.019498668611049652
0.19355536997318268
0.0014620510628446937
0.003260357305407524
0.004043751861900091
0.001107851043343544
0.0008991466020233929
0.097181037068367
0.03131203353404999
0.0011144505115225911
0.26144933700561523
0.004802674055099487
0.0034938903991132975
0.0833112820982933
0.000196572276763618
0.0017586556496098638
0.0014589957427233458
0.005777567625045776
0.00020891232998110354
0.0007651084451936185
0.00039414557977579534
0.001140690641477704
0.15850627422332764
0.025281015783548355
0.00047635851660743356
0.0644720196723938
0.025622043758630753
0.0014296823646873236
0.000801767164375633
0.0009208320407196879
0.0037142522633075714
0.0015990708488970995
0.002805110765621066
0.001392569043673575
0.0005878861993551254
5.168289862922393e-05
0.005693483632057905
0.005458985920995474
0.003822044935077429
0.0005606820923276246
0.0023555748630315065
0.0011954656802117825
0.001306222635321319
0.0007566818967461586
0.0023019269574433565
0.0016728804912418127
0.002657022327184677
0.046055253595113754
0.0018512238748371601
0.06483803689479828
0.0014391748700290918
0.001127557479776442
0.0013453105930238962
0.002123381244018674
0.0012789100874215364
0.007785419002175331
0.0010906835086643696
0.001098702778108418
0.003208557842299342
0.0041123609989881516
0.007927047088742256
0.001536527299322188
0.0010911524295806885
0.001182693406008184
0.00146656041033566
0.0009097761940211058
0.0020266189239919186
0.0038536551874130964
0.0072906119748950005
0.0006735745118930936
0.0007778708823025227
0.00182326918002218
0.02777804248034954
0.008573414757847786
0.0005963850999251008
0.0005131829530000687
0.001884910394437611
0.0018300478113815188
0.001501289545558393
0.0017113917274400592
0.0015040162252262235
0.028514377772808075
0.11613568663597107
0.0054955254308879375
0.0025390158407390118
0.001023947261273861
0.0004285631002858281
0.06041460484266281
0.0002640782331582159
0.0016764897154644132
0.002333770040422678
0.007500211242586374
0.0020176973193883896
0.001165576046332717
0.016147321090102196
0.0013345112092792988
0.20667588710784912
0.0007327510393224657
0.001480518956668675
0.0023160725831985474
0.10159970074892044
0.000832290796097368
0.07314810156822205
0.002432900248095393
0.0010693329386413097
0.00236307131126523
0.0028429923113435507
0.0471760556101799
0.0020101929549127817
0.002583683468401432
0.0009011720540001988
0.00019324285676702857
0.0020094839856028557
0.0006868286873213947
0.0007187708979472518
0.0010474093724042177
0.04834761843085289
0.003800962818786502
0.001347019337117672
0.005552980583161116
0.0002113402879331261
0.003189008915796876
0.0015337333315983415
0.004417863674461842
0.001479294034652412
0.0873028039932251
0.0003449486684985459
0.014026328921318054
0.06402063369750977
0.0010793820256367326
0.0043869889341294765
0.08879832923412323
0.003856311086565256
0.01091732643544674
0.0008081344421952963
0.17373546957969666
0.0009177422034554183
0.0008680500905029476
0.00524129718542099
0.0049871839582920074
0.0008279487956315279
0.0013418117305263877
0.004031694959849119
0.0032203104346990585
0.0009304193663410842
0.0006464156322181225
0.006443842314183712
0.017026381567120552
0.0017564212903380394
0.0005626297788694501
0.0027613963466137648
0.09379620105028152
0.001967304851859808
0.0010783433681353927
0.0021846196614205837
0.06354483217000961
0.000551213975995779
0.001709637581370771
0.0013523075031116605
0.005246636923402548
0.0012825722806155682
0.007979989983141422
0.002775059314444661
0.0015000806888565421
0.057967349886894226
0.23232384026050568
0.001435079495422542
0.06238339841365814
0.00239374372176826
0.002013223711401224
0.0019154134206473827
0.006373011972755194
0.013827167451381683
0.0009760932880453765
0.0012955883285030723
0.07449456304311752
0.0017092139460146427
0.003872183384373784
0.0015507463831454515
0.025119073688983917
0.0671391561627388
0.0029565300792455673
0.0006759061943739653
0.001826598192565143
0.0018008352490141988
0.0007612777990289032
0.021778548136353493
0.01478327251970768
7.004725921433419e-05
0.2697167992591858
1.0784846544265747
0.0026127584278583527
0.0013660050462931395
0.05959117412567139
0.00630194554105401
0.0020088779274374247
0.009598631411790848
9.526866779197007e-05
0.010039445012807846
0.0009522725595161319
0.005466838367283344
0.02645936608314514
0.002516563981771469
0.0017774230800569057
0.013427154161036015
0.0014328951947391033
0.04666629061102867
0.0013535245088860393
0.07208540290594101
0.0006297525251284242
0.009453270584344864
0.0023286654613912106
0.02454523555934429
0.0023377968464046717
0.003205682383850217
0.0016803690232336521
0.0008021246758289635
0.0014919524546712637
0.0010506872786208987
0.000296254176646471
0.0011694087879732251
0.0018688591662794352
0.0015506816562265158
0.030687443912029266
0.000583702465519309
0.03470781445503235
0.032497864216566086
0.0010998607613146305
0.0006510483799502254
0.0008178805583156645
0.0010570753365755081
0.2852462828159332
0.004201462958008051
0.0020589290652424097
0.005473217461258173
0.00024517139536328614
0.0008685638895258307
0.00011305599036859348
0.00030503797461278737
0.0009811694035306573
0.00032410980202257633
0.0009073899709619582
0.00707764970138669
0.003905973397195339
0.0003843555459752679
0.0007024267688393593
0.001662478782236576
0.0003279757802374661
0.0007807941874489188
0.0015197809552773833
0.0012411947827786207
0.00086666748393327
0.002307560760527849
0.004647494293749332
0.007525830063968897
0.0005847951979376376
0.0015979791060090065
0.07677401602268219
0.0024869823828339577
0.0029429045971482992
0.009569870308041573
0.0007199770188890398
0.0074766757898032665
0.0019344417378306389
0.00267689093016088
0.00036415326758287847
0.0329442098736763
0.0007576491916552186
0.014855032786726952
0.05963679403066635
0.0006869485368952155
0.0067782471887767315
0.0009467487689107656
0.003486241912469268
0.0017735038418322802
0.011263053864240646
0.01253034733235836
0.004101397469639778
0.0009071930544450879
0.0014556029345840216
0.0002783961535897106
0.0024069298524409533
0.0005943552241660655
0.0013004130451008677
0.0008096643723547459
0.0007447093958035111
0.0023001651279628277
0.0031150858849287033
0.0002919708495028317
0.07095213979482651
0.019587317481637
0.052123524248600006
0.00018302151875104755
0.0051470426842570305
0.0005759884952567518
0.011086736805737019
0.05486217886209488
0.0017375496681779623
0.0005544861778616905
0.0019266295712441206
0.16163738071918488
0.007496525999158621
0.0013766884803771973
0.14705264568328857
0.0005269174580462277
0.014374937862157822
0.0004360903985798359
0.03972729295492172
0.0005567698390223086
0.005217989441007376
0.002627795794978738
0.0010183362755924463
0.01867663860321045
0.009436585940420628
0.0011865738779306412
0.006035578902810812
0.04369784891605377
0.0022345976904034615
0.0014194536488503218
0.0005372710293158889
0.00033116532722488046
0.0021762438118457794
0.0007146339630708098
0.006153972819447517
0.0009433556697331369
0.0002742341021075845
0.0002937224053312093
0.0007184121059253812
0.0001943504175869748
0.0010255269007757306
0.0049577089957892895
0.00045055767986923456
9.661900548962876e-05
0.012530556879937649
0.02406095713376999
0.07494878023862839
0.0031669645104557276
0.0010510816937312484
0.002130599459633231
0.002954548690468073
0.011377034708857536
0.0019366804044693708
0.00017385854152962565
0.0018813575152307749
0.06473105400800705
0.0026885871775448322
0.0005377957131713629
0.0013689658371731639
0.0028287600725889206
0.013251211494207382
0.0013297527329996228
0.0008644230547361076
0.006248896475881338
0.0020531879272311926
0.11237401515245438
0.00028138302150182426
0.012123352847993374
0.001095394603908062
0.0017093383939936757
0.0011074820067733526
0.000840251799672842
0.04773563891649246
0.057054344564676285
0.000796679116319865
0.002993591595441103
0.0015793910715728998
0.0011150840437039733
0.0008021180401556194
0.00038495546323247254
0.010504044592380524
0.1165085956454277
0.0007585788844153285
0.0006368746981024742
0.034730713814496994
0.0006116469739936292
0.37428590655326843
0.0346188023686409
0.008999178186058998
0.00917088147252798
0.0007440076442435384
0.00039871447370387614
0.0006724415579810739
0.0032041314989328384
0.0006108512752689421
0.0010329597862437367
0.04473055899143219
0.0229511559009552
0.0037534853909164667
0.0024135252460837364
0.07586276531219482
0.05878814309835434
0.00022250096662901342
0.007330563850700855
0.00041308836080133915
0.005356571637094021
0.049519576132297516
0.0004501724033616483
0.0033618398010730743
0.001126148970797658
0.0040575009770691395
0.0008359878556802869
0.0419166125357151
0.0027573811821639538
0.0025932262651622295
0.002753020729869604
0.00099232979118824
0.012058131396770477
0.00045009414316155016
0.0014032091712579131
0.0016568450955674052
0.0011941042030230165
0.000957875803578645
0.0008569853380322456
0.00110147416125983
0.03008427657186985
0.0023736339062452316
0.234762042760849
0.0002937884710263461
0.26971927285194397
0.03635798394680023
0.030356720089912415
0.002552567282691598
0.0013544725952669978
0.0019666566513478756
0.0018427388276904821
0.0007173048797994852
0.0005477283266372979
0.004902661312371492
0.01376811508089304
0.0012926602503284812
0.001994009129703045
0.004189923405647278
0.052256595343351364
0.0014035252388566732
0.0007897358736954629
0.046943601220846176
0.00027610300458036363
0.0012117772130295634
0.0020530277397483587
0.001437274506315589
0.11861259490251541
0.0003511060494929552
0.0006453335518017411
0.001318472670391202
0.0004332914249971509
0.008668464608490467
0.0029943122062832117
0.11755965650081635
0.005593446549028158
0.01194064412266016
0.004676736891269684
0.0012291480088606477
0.002495902357622981
0.0016027508536353707
0.003857702249661088
0.0012115316931158304
0.23207621276378632
0.02234734036028385
0.0009761186083778739
0.0006832361104898155
0.001150964992120862
0.04772775247693062
0.0015905821928754449
0.0008767619146965444
0.00078351772390306
0.02102353423833847
0.0029141760896891356
0.00015898447600193322
0.007331025321036577
0.0006044764304533601
0.001901301322504878
0.00025507944519631565
0.002269679680466652
0.001906606019474566
0.00015177394379861653
0.000787249009590596
0.0014699544990435243
8.155657997122034e-05
0.0073636118322610855
0.23629413545131683
0.004417549353092909
0.00044705020263791084
0.013944882899522781
0.0017298492603003979
0.00043062216718681157
0.001626417739316821
0.002641663420945406
0.0037217719946056604
0.0004756607813760638
0.004440370015799999
0.005496218800544739
0.0005208922666497529
0.0008358869235962629
0.09922215342521667
0.0012469603680074215
0.0009213765151798725
0.0034542859066277742
0.003650928381830454
0.0032784503418952227
0.003121220273897052
0.001571859116666019
0.00235182442702353
0.0016648394521325827
0.0008213718538172543
0.0004332608950790018
0.002994288457557559
0.0015021446160972118
0.0007511975709348917
0.0007396992295980453
0.0030153701081871986
0.007316036615520716
0.00433937506750226
0.0018339140806347132
0.0003733220510184765
0.0030398042872548103
0.0024439627304673195
0.2468191385269165
0.003136433195322752
0.022189289331436157
0.0009641189826652408
0.0017852806486189365
0.00867755152285099
0.0015840113628655672
0.0005792381707578897
0.0012029604986310005
0.07248931378126144
0.0027162053156644106
0.00412746611982584
0.000966857245657593
0.002171117812395096
0.0057716346345841885
0.0008925014990381896
0.0006009592325426638
0.0011092175263911486
0.0026097684167325497
0.002804772462695837
0.01044712495058775
0.040887825191020966
0.0035999640822410583
0.002108229324221611
0.005340188276022673
0.005566547159105539
0.0017833132296800613
0.0013060236815363169
0.0018209069967269897
0.0004374849668238312
0.0011969036422669888
0.009064859710633755
0.020888160914182663
0.0005989062483422458
0.000342280778568238
0.0013508161064237356
0.004879194777458906
0.00023518071975558996
0.00034347648033872247
0.0009249523864127696
0.0009593457216396928
0.03273342549800873
0.0016750986687839031
0.00039180490421131253
0.0001619548274902627
0.01025358960032463
0.001175794517621398
0.000817865424323827
0.0010922140209004283
0.0011315600713714957
0.0008528319303877652
0.000379895674996078
0.006711948662996292
0.0011596375843510032
0.0010019054170697927
0.0012665301328524947
0.0016588136786594987
0.001895131659694016
0.06766296178102493
0.001452143769711256
0.00990911852568388
0.010199807584285736
0.0015986742218956351
0.0009418393601663411
0.0014853900065645576
0.0023995358496904373
0.0003829497436527163
0.0005922559066675603
0.004030713811516762
0.0033448231406509876
0.0008759864140301943
0.044464919716119766
0.0008501672418788075
0.008249476552009583
0.1042637750506401
0.006034059450030327
0.002077424433082342
0.002177853835746646
0.0028247132431715727
0.0019363230094313622
0.0016896470915526152
0.0019640889950096607
0.004838813561946154
0.000672362104523927
0.001446232432499528
0.0018642016220837831
0.012505455873906612
0.004940875805914402
0.0020069859456270933
0.0009592174901627004
0.0038401763886213303
0.0007523748790845275
0.0003380897978786379
0.0018544243648648262
0.0011205185437574983
0.0026185123715549707
0.03283875808119774
0.0007960733491927385
0.24725425243377686
0.0439896360039711
0.004244320094585419
0.0501909963786602
0.0018492663512006402
0.0009681508527137339
0.04060260206460953
0.0008430816233158112
0.0005456666112877429
0.0007855396834202111
0.0018614415312185884
0.16613119840621948
0.0018186731031164527
0.002559459302574396
0.0011727336095646024
0.0013639528769999743
0.003618561662733555
0.0011804590467363596
0.0035380558110773563
0.0007931260042823851
0.00275352131575346
0.0682649090886116
0.07772208750247955
0.0005518310354091227
0.001034814165905118
0.0020917048677802086
0.29320278763771057
0.4442548453807831
0.06617484986782074
0.004830783233046532
0.0016045784577727318
0.0008827866986393929
0.0015447065234184265
0.0019427230581641197
0.0018902152078226209
0.0023784064687788486
0.0009234871249645948
0.00015672417066525668
0.08619450032711029
0.008782058022916317
0.0013710728380829096
0.0009935174603015184
0.0021664833184331656
0.0009315396891906857
0.0013744293246418238
0.002431980799883604
0.00018863895093090832
0.004758474882692099
0.007891463115811348
0.00171275797765702
0.0007467215764336288
0.009787896648049355
0.008414726704359055
0.0014680831227451563
0.0037806848995387554
0.003914598375558853
0.21282948553562164
0.0007749882061034441
0.004233479034155607
0.0006189256673678756
0.002402571029961109
0.003229984547942877
0.00265471450984478
0.0015818304382264614
0.00016963692905846983
0.03904758393764496
0.025115154683589935
0.0009810742922127247
0.09764614701271057
0.24145205318927765
0.008599523454904556
0.0015844451263546944
0.01996762678027153
0.002117863856256008
0.00026242443709634244
0.00012141867773607373
0.0035996087826788425
0.0008023211848922074
0.04043326526880264
0.0010693244403228164
0.0028841220773756504
0.003961924463510513
0.0009229923598468304
0.0028433878906071186
0.0016995577607303858
0.0017653291579335928
0.003944300580769777
0.023540781810879707
0.002561041619628668
0.0067982724867761135
0.006968390662223101
0.00228480133228004
0.003649862017482519
0.0006261665257625282
0.06088651716709137
0.003902650671079755
0.06016320362687111
0.052148643881082535
0.04847465828061104
0.0011372765293344855
0.05552728474140167
0.0026008598506450653
0.002167905680835247
0.0031322482973337173
0.004974961280822754
0.31086522340774536
0.0007118378416635096
0.00015716638881713152
0.018844623118638992
0.0017467108555138111
0.0005205291090533137
0.0015376481460407376
0.0005045393481850624
0.001887812279164791
0.0015198498731479049
0.07071647047996521
0.0015537188155576587
0.2076716423034668
0.002082771621644497
0.0009056355920620263
0.004106973297894001
0.0009737918735481799
0.010433046147227287
0.0029126533772796392
0.001273613073863089
0.0001939189969561994
0.0031321996357291937
0.0032037487253546715
0.0025167837738990784
0.0018329587765038013
0.0007730266661383212
0.0011680152965709567
0.0012965850764885545
0.006658419035375118
0.0036408305168151855
0.0011445436393842101
0.005469951778650284
0.018290577456355095
0.0038687814958393574
0.0014310266124084592
0.0707014948129654
0.008565813302993774
0.0011429693549871445
0.05544167011976242
0.0033013394568115473
0.028127508237957954
0.0037911490071564913
0.005411944817751646
0.000605700071901083
0.0012123651104047894
0.0008251091348938644
0.0011884896084666252
0.0007816995494067669
0.0032699762377887964
0.0005784898530691862
0.0009584949002601206
0.004641324747353792
0.0022749805357307196
0.004343165084719658
0.047003068029880524
0.001687272684648633
0.004675453528761864
0.003985306713730097
0.0032973699271678925
0.0014400896616280079
0.0021623149514198303
0.0008543133153580129
0.0017084372229874134
0.0011256644502282143
0.00607595220208168
0.0013563602697104216
0.00024029743508435786
0.09273279458284378
0.006414827425032854
0.0326496958732605
0.0012970586540177464
0.0017980384873226285
0.0013987866695970297
0.0006696897326037288
0.008231109008193016
0.0033605543430894613
0.005660389084368944
0.008238730952143669
0.003268645843490958
0.005956762470304966
0.0003938278241548687
0.056623928248882294
0.000888825161382556
0.00672785472124815
0.0024517332203686237
0.004704848863184452
0.24748562276363373
0.05664369463920593
0.04806005582213402
0.311215341091156
0.0002640313177835196
0.001385494484566152
0.0008154702954925597
0.0015035864198580384
0.002969313645735383
0.0053827520459890366
0.009035578928887844
0.006640116684138775
0.00034655799390748143
0.002112044021487236
0.0024149506352841854
0.003027392318472266
0.014008662663400173
0.001737416023388505
0.0005453640478663146
0.0007280582212843001
0.006731702014803886
0.003915121778845787
0.002256976207718253
0.008484449237585068
0.00019741966389119625
0.00013795534323435277
0.0035803138744086027
0.0004762422468047589
0.006727645173668861
0.002373392228037119
0.0014836512273177505
0.04668889567255974
0.0011411012383177876
0.03353428095579147
0.002001190325245261
0.002229910809546709
0.0012480407021939754
0.001104371389374137
0.062010906636714935
0.010735547170042992
0.011766192503273487
0.0003038431750610471
0.0033623052295297384
0.0011654270347207785
0.000986950471997261
0.0007347043137997389
0.0020504139829427004
0.0009640813805162907
0.033311378210783005
0.004799217917025089
0.0009717969805933535
0.0015883855521678925
0.007855020463466644
0.0013629391323775053
0.00035872854641638696
0.0019511593272909522
0.0008236589492298663
0.06959497183561325
0.0007818865706212819
0.0015955982962623239
0.0012559029273688793
0.09453585743904114
0.0038327474612742662
0.003832043381407857
0.0027978774160146713
0.001705969450995326
0.0019342501182109118
0.0016046997625380754
0.0028627512510865927
0.000671751331537962
0.0008898178930394351
0.001889779232442379
0.0026561098638921976
0.000545656424947083
0.05609723925590515
0.0002933582873083651
0.0003396440879441798
0.0009714813786558807
0.0017799221677705646
0.0011707444209605455
0.004352764692157507
0.0009066005004569888
0.0011194607941433787
0.10111451148986816
0.0013053336879238486
0.0011406706180423498
0.0001692053338047117
0.0022156350314617157
0.000134936926770024
0.0021412193309515715
0.000507023767568171
0.001158974482677877
0.0003488089132588357
0.0045417738147079945
0.00042783128446899354
0.012690400704741478
0.0031781778670847416
0.0008045178255997598
0.001022012671455741
0.018588200211524963
0.0021249286364763975
0.2540091872215271
0.0034914652351289988
0.0008124050800688565
0.002632441697642207
0.001429062569513917
0.04764842987060547
0.0011610989458858967
0.0002714167640078813
0.0004707132466137409
0.3204602599143982
0.001989580225199461
0.0024741811212152243
0.0022907820530235767
0.17878057062625885
0.0011481773108243942
0.08285588771104813
0.002188605023548007
0.0014823840465396643
0.0010842422489076853
0.0005608664941973984
0.004858154337853193
0.009928997606039047
0.0024279351346194744
0.000803825561888516
0.00020282782497815788
0.0004544648982118815
0.00022069136321078986
0.004188080318272114
0.002200245624408126
