0.025997210294008255
0.02235068567097187
0.026623187586665154
0.02450191043317318
0.023065298795700073
0.0976383164525032
0.02698419615626335
0.03551845625042915
0.025735240429639816
0.18173331022262573
0.016541730612516403
0.04232748597860336
0.02288690395653248
0.01218503713607788
0.05242551118135452
0.025580409914255142
0.02836369164288044
0.03545641899108887
0.004952293820679188
0.009992120787501335
0.00902087613940239
0.002645258791744709
0.021609283983707428
0.04015827178955078
0.09280259907245636
0.0171838216483593
0.027776140719652176
0.026800939813256264
0.04174797981977463
0.016863815486431122
0.00773325702175498
0.07932348549365997
0.001045506913214922
0.003992503043264151
0.032160960137844086
0.061795081943273544
0.047268062829971313
0.06742031127214432
0.015571873635053635
0.02489450015127659
0.010689252987504005
0.01967715471982956
0.01130796317011118
0.2014756202697754
0.010425977408885956
0.002435402711853385
0.0025438424199819565
0.012546515092253685
0.012417406775057316
0.04454658553004265
0.03233189880847931
0.02587411180138588
0.00479648495092988
0.04680178314447403
0.023605037480592728
0.0010964241810142994
0.01595558226108551
0.00296325096860528
0.022975532338023186
0.033772386610507965
0.004028948023915291
0.042333509773015976
0.03706252574920654
0.016751043498516083
0.003591144224628806
0.018034333363175392
0.007360602729022503
0.018019037321209908
0.05254054069519043
0.01833304762840271
0.03941717743873596
0.04521723836660385
0.025670574977993965
0.022677220404148102
0.03362002223730087
0.034653618931770325
0.027165159583091736
0.022061092779040337
0.02944936230778694
0.016362395137548447
0.023068441078066826
0.025694165378808975
0.010878277942538261
0.020730722695589066
0.042530205100774765
0.030393674969673157
0.009330175817012787
0.005035595502704382
0.032479848712682724
0.003298173425719142
0.016604619100689888
0.014484357088804245
0.009760871529579163
0.030842257663607597
0.019567590206861496
0.0013341068988665938
0.08401565253734589
0.11060856282711029
0.004792206455022097
0.03518848121166229
0.04888395220041275
0.006738751661032438
0.06627943366765976
0.020835619419813156
0.04302792251110077
0.02409927174448967
0.0011552032083272934
0.02100236713886261
0.021734897047281265
0.6216690540313721
0.0043929642997682095
0.02920166775584221
0.04635722562670708
0.015005938708782196
0.004792392253875732
0.027667496353387833
0.0397513248026371
0.06367822736501694
0.044714026153087616
0.006855724845081568
0.055549852550029755
0.013911127112805843
0.0013762426096946
0.010667607188224792
0.022960249334573746
0.032818909734487534
0.010262006893754005
0.009497769176959991
0.04489041864871979
0.054171882569789886
0.011799541302025318
0.020904120057821274
0.021052317693829536
0.01225198432803154
0.024727314710617065
0.02079409919679165
0.022698689252138138
0.001656874897889793
0.025981051847338676
0.007995651103556156
0.05003540962934494
0.020965201780200005
0.01492432039231062
0.0101892976090312
0.03066219389438629
0.014558713883161545
0.031007563695311546
0.03356005251407623
0.01325940527021885
0.04408847540616989
0.013810581527650356
0.021800551563501358
0.025707008317112923
0.002080978360027075
0.022753579542040825
0.025377817451953888
0.02318103425204754
0.023671090602874756
0.003461669199168682
0.029757041484117508
0.0028325789608061314
0.008921514265239239
0.012012557126581669
0.02058323472738266
0.04607084020972252
0.03216282278299332
0.027920302003622055
0.02823551371693611
0.3156186640262604
0.041460420936346054
0.02996092662215233
0.031186610460281372
0.03295880928635597
0.020780624821782112
0.02813698723912239
0.003346329554915428
0.033221401274204254
0.01385125145316124
0.10497565567493439
0.013486860319972038
0.0013371205423027277
0.038805041462183
0.03972698003053665
0.022047212347388268
0.017467297613620758
0.03187716379761696
0.0023752297274768353
0.00853128731250763
0.0008349801646545529
0.028689024969935417
0.017535051330924034
0.024445148184895515
0.04788477346301079
0.0011080479016527534
0.0013143608812242746
0.01178726926445961
0.033597707748413086
0.06186562404036522
0.011813306249678135
0.01945081166923046
0.028201185166835785
0.020798901095986366
0.0023083321284502745
0.015980975702404976
0.008432993665337563
0.0008719187462702394
0.04565645381808281
0.05078981816768646
0.055679041892290115
0.0348508358001709
0.06311448663473129
0.008755406364798546
0.022380029782652855
0.03346595540642738
0.03459618613123894
0.041259389370679855
0.04198407381772995
0.04502839967608452
0.013074390590190887
0.023187579587101936
0.018608393147587776
0.0325753279030323
0.03473910689353943
0.01944977231323719
0.01294233463704586
0.12243448197841644
0.018423622474074364
0.01887360028922558
0.03195040673017502
0.03014107421040535
0.15470954775810242
0.013981164433062077
0.09105455875396729
0.01753152534365654
0.023668309673666954
0.0008601961308158934
0.02058975212275982
0.015263977460563183
0.06937340646982193
0.018612878397107124
0.028100278228521347
0.021803222596645355
0.014641117304563522
0.013166398741304874
0.027680497616529465
0.038230933248996735
0.03692286089062691
0.008340982720255852
0.04984982684254646
0.020257040858268738
0.03505007550120354
0.012558870017528534
0.01028814259916544
0.018463343381881714
0.03224288299679756
0.015205648727715015
0.014292163774371147
0.034401699900627136
0.026595452800393105
0.052419982850551605
0.05686146765947342
0.013415109366178513
0.061561357229948044
0.011008031666278839
0.021485719829797745
0.027459504082798958
0.02958386205136776
0.002105165272951126
0.0269996989518404
0.038780421018600464
0.021442938596010208
0.0064905197359621525
0.03771648555994034
0.01610821858048439
0.012957356870174408
0.015379003249108791
0.050713684409856796
0.021604502573609352
0.017655443400144577
0.1583033800125122
0.026633743196725845
0.026020660996437073
0.4043341279029846
0.03514360636472702
0.08767005801200867
0.052354030311107635
0.019742876291275024
0.08001106977462769
0.0022458008024841547
0.07916812598705292
0.011777134612202644
0.04051954299211502
0.016237599775195122
0.01779361255466938
0.05009254813194275
0.019680270925164223
0.04505883529782295
0.01770605705678463
0.031154222786426544
0.13778138160705566
0.042047396302223206
0.02497471682727337
0.020244253799319267
0.015370642766356468
0.03146868944168091
0.001315439585596323
0.023086922243237495
0.02564902976155281
0.02404874376952648
0.022725800052285194
0.01890482008457184
0.016313541680574417
0.0018503435421735048
0.024806417524814606
0.010343575850129128
0.02166065387427807
0.002056329743936658
0.047375909984111786
0.02148529142141342
0.027186457067728043
0.5177885293960571
0.037326302379369736
0.020903252065181732
0.028917238116264343
0.049310777336359024
0.03076963685452938
0.04252088814973831
0.02366986684501171
0.0013416579458862543
0.038287241011857986
0.05509435012936592
0.015598058700561523
0.033771172165870667
0.03325643017888069
0.029292356222867966
0.01115058921277523
0.00624059559777379
0.028196614235639572
0.061232347041368484
0.021739769726991653
0.0032581198029220104
0.005915874615311623
0.020924322307109833
0.0016131658339872956
0.03426137566566467
0.0015222744550555944
0.024919791147112846
0.02812717854976654
0.006195178255438805
0.01282869465649128
0.020521169528365135
0.04143224656581879
0.007390195969492197
0.029786305502057076
0.030270004644989967
0.019015023484826088
0.0013274516677483916
0.0139848617836833
0.02521396614611149
0.001690772594884038
0.02883726730942726
0.04517078027129173
0.0011019827798008919
0.06474356353282928
0.03458721935749054
0.0017349947011098266
0.08938963711261749
0.018393132835626602
0.018175305798649788
0.03445214778184891
0.04839407652616501
0.0058950399979949
0.017973758280277252
0.006987513042986393
0.02234482578933239
0.05896201729774475
0.0058045354671776295
0.014052622020244598
0.031338777393102646
0.027633903548121452
0.024988770484924316
0.013669504784047604
0.02003481611609459
0.039524443447589874
0.018194472417235374
0.01008317619562149
0.03571188077330589
0.027410022914409637
0.019794674590229988
0.028411246836185455
0.013807195238769054
0.024643748998641968
0.06060883402824402
0.0010059606283903122
0.0733778104186058
0.02063640207052231
0.014515269547700882
0.07624217122793198
0.01965804025530815
0.018081018701195717
0.1393723338842392
0.043339017778635025
0.017352081835269928
0.01978452317416668
0.02237691543996334
0.0008146468317136168
0.05989515781402588
0.028728779405355453
0.035309307277202606
0.033586855977773666
0.01882226951420307
0.03029683604836464
0.037557072937488556
0.005219731945544481
0.0704481303691864
0.02996257320046425
0.0009525942150503397
0.032600291073322296
0.02173209935426712
0.010902012698352337
0.015983475372195244
0.0013076901668682694
0.020137250423431396
0.05616678297519684
0.03280579671263695
0.027218271046876907
0.032968126237392426
0.014350098557770252
0.03697754442691803
0.031632233411073685
0.016571545973420143
0.03431450203061104
0.012394525110721588
0.0055334907956421375
0.006296050734817982
0.01284482330083847
0.029620692133903503
0.002046675654128194
0.03192972391843796
0.0017035766504704952
0.0035009628627449274
0.011072534136474133
0.00542532280087471
0.004871763288974762
0.0024647230748087168
0.0022065723314881325
0.05150555819272995
0.009456247091293335
0.025244560092687607
0.0020872841123491526
0.011085591278970242
0.02673812210559845
0.016688594594597816
0.00666023138910532
0.050987858325242996
0.014156576246023178
0.057097770273685455
0.02107447199523449
0.01140896137803793
0.028580311685800552
0.011021284386515617
0.020862363278865814
0.014553645625710487
0.020634043961763382
0.014053784310817719
0.025438707321882248
0.03105495497584343
0.01416676864027977
0.0019485605880618095
0.02742583304643631
0.009621936827898026
0.012420701794326305
0.03212236985564232
0.05103037878870964
0.036629568785429
0.01914209872484207
0.016040552407503128
0.018704179674386978
0.010232123546302319
0.07070862501859665
0.0022232932969927788
0.06370747834444046
0.044555895030498505
0.06111128255724907
0.0627702847123146
0.020753288641572
0.01735132746398449
0.026149095967411995
0.05921582877635956
0.014125997200608253
0.09567827731370926
0.035423580557107925
0.03727274760603905
0.01708216220140457
0.05752483382821083
0.027556151151657104
0.059644028544425964
0.0011239316081628203
0.034058839082717896
0.03432547673583031
0.0025641275569796562
0.051028307527303696
0.03037365898489952
0.021800469607114792
0.002136066323146224
0.01962689869105816
0.02597198076546192
0.023318251594901085
0.019272010773420334
0.025182152166962624
0.039316512644290924
0.026785559952259064
0.023390265181660652
0.11190319806337357
0.018874360248446465
0.03153321146965027
0.0009833526564761996
0.018638743087649345
0.02392556704580784
0.019584927707910538
0.030832773074507713
0.027362143620848656
0.033144913613796234
0.028160501271486282
0.09145195782184601
0.0271806288510561
0.0881015956401825
0.03593793138861656
0.10054658353328705
0.0371367372572422
0.05771920830011368
0.014689628966152668
0.044988371431827545
0.027711302042007446
0.024708909913897514
0.10506554692983627
0.0200800783932209
0.001286157057620585
0.0041439044289290905
0.019067861139774323
0.027410069480538368
0.020650502294301987
0.007030836772173643
0.010496108792722225
0.011722620576620102
0.011521524749696255
0.08079226315021515
0.030909989029169083
0.004396125208586454
0.04634152352809906
0.048521488904953
0.030799532309174538
0.018837682902812958
0.0021421434357762337
0.0052686287090182304
0.027899960055947304
0.0035142796114087105
0.03630683943629265
0.023343240842223167
0.0270462017506361
0.0199293103069067
0.014779307879507542
0.007325302343815565
0.01613466441631317
0.011361286044120789
0.015099836513400078
0.03183292597532272
0.01026200782507658
0.007093298714607954
0.008439029566943645
0.03299799561500549
0.026394769549369812
0.02358395978808403
0.07218748331069946
0.0020744784269481897
0.012742985039949417
0.02837764285504818
0.017491627484560013
0.0225820429623127
0.004407243337482214
0.020783551037311554
0.020959772169589996
0.011220685206353664
0.1110125184059143
0.0224459208548069
0.018836289644241333
0.03689948841929436
0.017425768077373505
0.022740868851542473
0.02648700587451458
0.013071097433567047
0.05845421180129051
0.0306262094527483
0.04398515820503235
0.02197273075580597
0.015722502022981644
0.019038023427128792
0.055067263543605804
0.01808841899037361
0.08596595376729965
0.02018921822309494
0.019337495788931847
0.01713450439274311
0.02175375074148178
0.023850686848163605
0.03104495443403721
0.021230654790997505
0.04686800390481949
0.00912303477525711
0.00942941103130579
0.025041114538908005
0.04065638408064842
0.01981903240084648
0.008934353478252888
0.01118141133338213
0.033158332109451294
0.013789864256978035
0.02213612198829651
0.02309722825884819
0.013682271353900433
0.03641439601778984
0.03388427942991257
0.007022056728601456
0.026129767298698425
0.002259399276226759
0.021517761051654816
0.05086774006485939
0.012038620188832283
0.017556022852659225
0.016882797703146935
0.008760159835219383
0.06532708555459976
0.020441163331270218
0.03296232596039772
0.03179951384663582
0.014465191401541233
0.020143501460552216
0.022855723276734352
0.000860343687236309
0.016121748834848404
0.028255874291062355
0.013797996565699577
0.0013793619582429528
0.060748692601919174
0.015991006046533585
0.004747150000184774
0.04983579367399216
0.06286899745464325
0.011993180960416794
0.014278356917202473
0.0021168773528188467
0.06362602114677429
0.027725286781787872
0.018472839146852493
0.027322180569171906
0.014192180708050728
0.018993958830833435
0.03799021244049072
0.04572703689336777
0.01581428572535515
0.04484228044748306
0.021991126239299774
0.004981461446732283
0.010880171321332455
0.037788935005664825
0.006305379793047905
0.01260869950056076
0.001206143177114427
0.002941553480923176
0.000980039476417005
0.025047667324543
0.038718611001968384
0.03738866001367569
0.02243652753531933
0.026024851948022842
0.022514410316944122
0.04714590683579445
0.005066275596618652
0.02002892829477787
0.0015195909654721618
0.06984131038188934
0.05819801241159439
0.0036151795648038387
0.02903086692094803
0.048655856400728226
0.07649615406990051
0.016449619084596634
0.06904735416173935
0.02585199475288391
0.018874598667025566
0.0456060953438282
0.004897325299680233
0.027817897498607635
0.032709117978811264
0.033773940056562424
0.021475842222571373
0.060985539108514786
0.08298876136541367
0.012494262307882309
0.04237908497452736
0.018815476447343826
0.0037908442318439484
0.022136619314551353
0.04274223372340202
0.03343459963798523
0.04350893944501877
0.04674382880330086
0.021905701607465744
0.047901082783937454
0.016925062984228134
0.001662348979152739
0.020177390426397324
0.025201154872775078
0.01403029914945364
0.022139206528663635
0.02527272328734398
0.027588380500674248
0.2062712162733078
0.035988423973321915
0.012740483507514
0.01693017967045307
0.04940856993198395
0.002226324286311865
0.057696327567100525
0.034356847405433655
0.019479433074593544
0.03276045620441437
0.014404522255063057
0.014895888045430183
0.07254457473754883
0.004330077208578587
0.05217656120657921
0.01965954527258873
0.02408410981297493
0.03826551139354706
0.025265011936426163
0.07424601912498474
0.037103548645973206
0.010158517397940159
0.04334796592593193
0.0007617180817760527
0.04206674546003342
0.010216794908046722
0.0016610217280685902
0.017800066620111465
0.017321495339274406
0.030625320971012115
0.013221874833106995
0.03968602791428566
0.09443489462137222
0.029377516359090805
0.04936595261096954
0.027488430961966515
0.021625546738505363
0.021869955584406853
0.014563818462193012
0.06783780455589294
0.016571564599871635
0.03334492817521095
0.0157263595610857
0.02902115136384964
0.025666195899248123
0.033259421586990356
0.024624457582831383
0.03063865378499031
0.05544928088784218
0.000505445001181215
0.0019916293676942587
0.000677417148835957
0.02941933274269104
0.035352569073438644
0.002540089190006256
0.019210316240787506
0.0123328547924757
0.07169695198535919
0.04040708765387535
0.0350523479282856
0.013454943895339966
0.018332544714212418
0.028670255094766617
0.03399045392870903
0.0035870978608727455
0.49723517894744873
0.022461630403995514
0.019439538940787315
0.04536878690123558
0.00905491691082716
0.009102527052164078
0.029221005737781525
0.03278961032629013
0.025449365377426147
0.01707405596971512
0.024664582684636116
0.02281838096678257
0.06510598957538605
0.03036193735897541
0.040976766496896744
0.04040778800845146
0.03212318569421768
0.022781122475862503
0.021488886326551437
0.14658446609973907
0.01219659112393856
0.007751151919364929
0.0019486855017021298
0.021002061665058136
0.020443078130483627
0.024824699386954308
0.03871995210647583
0.02025129832327366
0.015747107565402985
0.06695379316806793
0.018711643293499947
0.007471051067113876
0.01470922026783228
0.018941404297947884
0.04133138433098793
0.02658083103597164
0.02521887980401516
0.002427615225315094
0.012469972483813763
0.04996861144900322
0.0016332690138369799
0.014573351480066776
0.025000616908073425
0.040406160056591034
0.02217949740588665
0.01863057352602482
0.010035865008831024
0.12383513152599335
0.01892172545194626
0.03984231874346733
0.04048171266913414
0.04145821928977966
0.015767991542816162
0.014320749789476395
0.020632443949580193
0.04083450883626938
0.026673095300793648
0.06099087744951248
0.03285737335681915
0.030609549954533577
0.06830402463674545
0.0075762635096907616
0.02170218713581562
0.023853763937950134
0.032266370952129364
0.020105769857764244
0.0020481266546994448
0.0019151564920321107
0.008430836722254753
0.01553303562104702
0.027688004076480865
0.009249048307538033
0.06229220703244209
0.005247373133897781
0.03591515123844147
0.021376973018050194
0.18242454528808594
0.09260714799165726
0.052548278123140335
0.05478009209036827
0.03351864963769913
0.02259770967066288
0.02503623068332672
0.030812177807092667
0.08121898770332336
0.007495742291212082
0.014927721582353115
0.01907034032046795
0.018339864909648895
0.031597480177879333
0.030367039144039154
0.0257630106061697
0.005386665463447571
0.023206746205687523
0.04041682183742523
0.07160551100969315
0.043680060654878616
0.016887294128537178
0.0014120391570031643
0.0007842621998861432
0.012352216057479382
0.054787587374448776
0.01868426986038685
0.030836181715130806
0.03729415684938431
0.019415367394685745
0.01161066722124815
0.025893645361065865
0.032916054129600525
0.013345516286790371
0.0026851946022361517
0.004702665377408266
0.02260255441069603
0.040428079664707184
0.0213327594101429
0.026963800191879272
0.008205105550587177
0.003919503185898066
0.3188030421733856
0.010743921622633934
0.05566207692027092
0.01836846023797989
0.018357962369918823
0.0016106730327010155
0.005542906932532787
0.029917839914560318
0.03494008630514145
0.04330403730273247
0.0008322427747771144
0.02486332133412361
0.002549203811213374
0.007906854152679443
0.1563505232334137
0.01886151358485222
0.024284545332193375
0.015478174202144146
0.01792754791676998
0.025854673236608505
0.01156154740601778
0.06637798994779587
0.006978115066885948
0.0179445743560791
0.01639116182923317
0.011994663625955582
0.022761613130569458
0.01440269686281681
0.03221869468688965
0.011406077072024345
0.028777312487363815
0.005210683215409517
0.02217092737555504
0.038064900785684586
0.022188199684023857
0.024330805987119675
0.02683386206626892
0.022401107475161552
0.0046192859299480915
0.044422321021556854
0.019588114693760872
0.020962798967957497
0.017981691285967827
0.06744713336229324
0.014646254479885101
0.0030697586480528116
0.01945207267999649
0.020078718662261963
0.03683377057313919
0.070968396961689
0.052845776081085205
0.0034547774121165276
0.024065742269158363
0.035346049815416336
0.0018798719393089414
0.008684067986905575
0.02216918393969536
0.0584060475230217
0.021179622039198875
0.0011561107821762562
0.028543628752231598
0.02904673106968403
0.040848955512046814
0.03004360757768154
0.0008803911623544991
0.05574309080839157
0.050209127366542816
0.007198948413133621
0.029386864975094795
0.02018173225224018
0.026888353750109673
0.024993063881993294
0.025694146752357483
0.23798739910125732
0.022731784731149673
0.0007693206425756216
0.026371106505393982
0.020993821322917938
0.015222655609250069
0.006361791398376226
0.027484901249408722
0.029895905405282974
0.011865908280014992
0.023492977023124695
0.011731626465916634
0.001581205753609538
0.013062337413430214
0.018706994131207466
0.06529255956411362
0.03639410436153412
0.04605673998594284
0.026070982217788696
0.06594394892454147
0.016114702448248863
0.023946234956383705
0.011631395667791367
0.033538348972797394
0.023805689066648483
0.05164526402950287
0.0024762297980487347
0.08338773995637894
0.021096156910061836
0.010782280936837196
0.11298753321170807
0.014627533033490181
0.018332291394472122
0.06186245009303093
0.014380685985088348
0.017581697553396225
0.02396218478679657
0.013669767417013645
0.011094222776591778
0.02783416211605072
0.0009382414864376187
0.033839672803878784
0.02865547500550747
0.05543989688158035
0.017303822562098503
0.029508596286177635
0.03657799959182739
0.03256228566169739
0.02130013331770897
0.01592099852859974
0.020636077970266342
0.016445089131593704
0.04366108402609825
0.026769055053591728
0.004934290423989296
0.03631836175918579
0.0008116010576486588
0.006155563052743673
0.039903152734041214
0.0027123200707137585
0.05350324138998985
0.001054626889526844
0.05885782092809677
0.0073241861537098885
0.01696673035621643
0.05250978469848633
0.014740879647433758
0.002611651550978422
0.014523789286613464
0.008685300126671791
0.04187140241265297
0.06312371790409088
0.025733036920428276
0.01248776726424694
0.001230131252668798
0.011075465939939022
0.049217499792575836
0.011861894279718399
0.0499039962887764
0.03018668107688427
0.0024749762378633022
0.038326285779476166
0.010914402082562447
0.020317798480391502
0.01578972488641739
0.029688213020563126
0.025468531996011734
0.028631541877985
0.02996472269296646
0.06971766799688339
0.05034869536757469
0.023591626435518265
0.02177186869084835
0.060631975531578064
0.010006268508732319
0.02352548949420452
0.015351803973317146
0.018720559775829315
0.03018408641219139
0.04626167193055153
0.00261922855861485
0.024206673726439476
0.0025094335433095694
0.045262616127729416
0.004887490998953581
0.0035232959780842066
0.03111366555094719
0.03698872774839401
0.03967813774943352
0.02797040157020092
0.02822977676987648
0.016881296411156654
0.016692718490958214
0.010175032541155815
0.05583413317799568
0.035817693918943405
0.015692751854658127
0.026579266414046288
0.032567016780376434
0.01122169941663742
0.05144599452614784
0.04080513119697571
0.13505885004997253
0.045082807540893555
0.021716035902500153
0.047701455652713776
0.0024164498317986727
0.03302523493766785
0.03706414997577667
0.027096230536699295
0.06216943636536598
0.001966482726857066
0.02441304549574852
0.02740662544965744
0.031064800918102264
0.024638041853904724
0.01987244375050068
0.02241184003651142
0.029944932088255882
0.008311988785862923
0.09454674273729324
0.047977689653635025
0.008744994178414345
0.056441161781549454
0.019352629780769348
0.014387237839400768
0.031662311404943466
0.012974459677934647
0.03610086068511009
0.0990048199892044
0.03146230801939964
0.019711505621671677
0.018479760736227036
0.02171570435166359
0.06090517342090607
0.0688629224896431
0.019245458766818047
0.049338165670633316
0.05171237140893936
0.03711649030447006
0.01568503864109516
0.03141174465417862
0.034970272332429886
0.043134286999702454
0.0007614930509589612
0.008413041941821575
0.044277939945459366
0.01955697126686573
0.03022860549390316
0.02617795579135418
0.039940886199474335
0.025456510484218597
0.025154778733849525
0.016153531149029732
0.016041701659560204
0.01413414441049099
0.03722388669848442
0.01125357300043106
0.09086620062589645
0.017070051282644272
0.017621461302042007
0.0871003121137619
0.020512599498033524
0.012769486755132675
0.0064280410297214985
0.030976545065641403
0.011198672465980053
0.016881857067346573
0.022715281695127487
0.0016375882551074028
0.005021944642066956
0.025868786498904228
0.04792694374918938
0.02522307075560093
0.001843049074523151
0.01829364337027073
0.022217992693185806
0.004958400968462229
0.04352027550339699
0.029684673994779587
0.03741085156798363
0.02679249458014965
0.046858590096235275
0.100568488240242
0.02478371374309063
0.0350022055208683
0.15272505581378937
0.02098645269870758
0.05057511851191521
0.02751864679157734
0.016741473227739334
0.021240264177322388
0.042935796082019806
0.031249303370714188
0.009335729293525219
0.008441729471087456
0.007914743386209011
0.013868069276213646
0.021684231236577034
0.015513706021010876
0.03867463022470474
0.014101548120379448
0.02046234719455242
0.02444007620215416
0.018766149878501892
0.00983759481459856
0.03156038746237755
0.026450656354427338
0.022930314764380455
0.018296141177415848
0.02946917712688446
0.011963995173573494
0.06721074134111404
0.03123307041823864
0.03700602799654007
0.019553452730178833
0.07147306203842163
0.0033137069549411535
0.033348198980093
0.038412269204854965
0.009902937337756157
0.017346128821372986
0.042419709265232086
0.00989609770476818
0.010749663226306438
0.07575337588787079
0.013222459703683853
0.0255997683852911
0.08698616176843643
0.007310288492590189
0.01845339871942997
0.028352191671729088
0.014947866089642048
0.02779487706720829
0.003365477779880166
0.08760517835617065
0.014875059016048908
0.020165901631116867
0.09474340081214905
0.015393489971756935
0.037541355937719345
0.012223566882312298
0.01659402623772621
0.07756961137056351
0.0010165502317249775
0.03568973019719124
0.01226985827088356
0.1018158569931984
0.027593227103352547
0.023345710709691048
0.030689895153045654
0.0012994270073249936
0.021506018936634064
0.052042726427316666
0.01857907697558403
0.0017274817219004035
0.000536586856469512
0.023867584764957428
0.004137192387133837
0.017950112000107765
0.01668570749461651
0.025451384484767914
0.028371959924697876
0.02078341878950596
0.0019091960275545716
0.016279863193631172
0.04131729155778885
0.011475954204797745
0.038961321115493774
0.028365202248096466
0.013409988023340702
0.025449860841035843
0.024939335882663727
0.03288182616233826
0.022228656336665154
0.02448044717311859
0.033336054533720016
0.027090907096862793
0.017912277951836586
0.03876277059316635
0.02031978964805603
0.022110411897301674
0.015344417653977871
0.02077450230717659
0.0023983852006495
0.004819599445909262
0.01853562518954277
0.020287107676267624
0.02964814566075802
0.02181241661310196
0.04930839687585831
0.009413350373506546
0.055194806307554245
0.008066021837294102
0.015244059264659882
0.018176062032580376
0.08928898721933365
0.013205796480178833
0.01354645099490881
0.029587935656309128
0.025784539058804512
0.013887203298509121
0.009801856242120266
0.02924836240708828
0.03129175305366516
0.02746429108083248
0.02568049356341362
0.024235062301158905
0.0017953034257516265
0.018010776489973068
0.003779712365940213
0.059799596667289734
0.0012200585333630443
0.03650529682636261
0.016672533005475998
0.05460517108440399
0.008972233161330223
0.013806929811835289
0.04245892912149429
0.0066257077269256115
0.019377021118998528
0.060958221554756165
0.0020158684346824884
0.0011638491414487362
0.03377886861562729
0.004228729754686356
0.029097096994519234
0.0077224066480994225
0.11546438932418823
0.0039188978262245655
0.005017516668885946
0.024403976276516914
0.015833159908652306
0.04641694203019142
0.043826378881931305
0.006479176227003336
0.036800816655159
0.0022865135688334703
0.03515688329935074
0.02138126827776432
0.09578027576208115
0.0023899555671960115
0.02564634010195732
0.011960227973759174
0.004938775673508644
0.001251115696504712
0.016057485714554787
0.0675685852766037
0.012093079276382923
0.0011730624828487635
0.02122259885072708
0.03431934863328934
0.01822853833436966
0.020833956077694893
0.018495287746191025
0.007560179568827152
0.03043941780924797
0.015879731625318527
0.024608861654996872
0.07728864997625351
0.024496594443917274
0.04697053134441376
0.0008687423542141914
0.036273252218961716
0.019029948860406876
0.033452149480581284
0.02202068828046322
0.05067697912454605
0.0014238761505112052
0.10017728060483932
0.024836350232362747
0.03971356526017189
0.06108566373586655
0.15363508462905884
0.02555200643837452
0.005724933464080095
0.014509822241961956
0.013193932361900806
0.016335828229784966
0.03504074364900589
0.019461559131741524
0.051860179752111435
0.08623035252094269
0.01601783186197281
0.038058891892433167
0.08883534371852875
0.0010450076078996062
0.01969280280172825
0.05399862676858902
0.023831207305192947
0.0520828478038311
0.01318524032831192
0.029823092743754387
0.004029865376651287
0.019843365997076035
0.06363218277692795
0.017442747950553894
0.01547717209905386
0.017990989610552788
0.004118999931961298
0.005422641057521105
0.011497434228658676
0.014205332845449448
0.010246861726045609
0.8673714399337769
0.013777174055576324
0.03285094350576401
0.0229739248752594
0.022233890369534492
0.014024972915649414
0.026263929903507233
0.0005546411848627031
0.03386408090591431
0.033339887857437134
0.006439947988837957
0.015980511903762817
0.01577906124293804
0.01715770736336708
0.05881109833717346
0.0133109325543046
0.31560030579566956
0.014577679336071014
0.028884880244731903
0.023544972762465477
0.015117086470127106
0.001329110818915069
0.024397024884819984
0.022878509014844894
0.03290565311908722
0.049189258366823196
0.011641482822597027
0.02862314134836197
0.02006085030734539
0.02999076433479786
0.006536200642585754
0.01996254175901413
0.017546311020851135
0.05924367159605026
0.005512617994099855
0.024260153993964195
0.01704726554453373
0.016558164730668068
0.011108946055173874
0.04701120778918266
0.09576727449893951
0.02062295377254486
0.006169968284666538
0.045296307653188705
0.031787972897291183
0.03679288178682327
0.07329567521810532
0.014920900575816631
0.031427789479494095
0.045697763562202454
0.022630369290709496
0.014204809442162514
0.02243778295814991
0.013355361297726631
0.0048046717420220375
0.0030219899490475655
0.06108582764863968
0.03672349080443382
0.02846667356789112
0.020523345097899437
0.023872260004281998
0.206070676445961
0.02312883362174034
0.004691005684435368
0.023810317739844322
0.04945550113916397
0.06545607000589371
0.021114466711878777
0.024780021980404854
0.024839457124471664
0.015621768310666084
0.0032029468566179276
0.017615916207432747
0.025446362793445587
0.03624259680509567
0.012771538458764553
0.004545470234006643
0.2817010283470154
0.019068419933319092
0.0167947169393301
0.007861306890845299
0.003190366318449378
0.05205442011356354
0.022888043895363808
0.07896880060434341
0.032125018537044525
0.0181625634431839
0.022322433069348335
0.029871968552470207
0.025869838893413544
0.0019905928056687117
0.05084711313247681
0.00875243078917265
0.015678182244300842
0.0019959844648838043
0.021989863365888596
0.074394591152668
0.020897816866636276
0.0041905418038368225
0.012779459357261658
0.023516496643424034
0.05364890769124031
0.05487067997455597
0.015796545892953873
0.08199857920408249
0.009591403417289257
0.0467681959271431
0.06737731397151947
0.010058149695396423
0.0033861836418509483
0.030981898307800293
0.014092955738306046
0.011465903371572495
0.07729192823171616
0.01870022341609001
0.037487272173166275
0.04772840440273285
0.015213259495794773
0.032685041427612305
0.027046604081988335
0.04572663828730583
0.03453104943037033
0.02795467898249626
0.016082966700196266
0.023673230782151222
0.010738525539636612
0.012458506971597672
0.002119488315656781
0.017679404467344284
0.03391576185822487
0.048866622149944305
0.001690441626124084
0.014836808666586876
0.0015652179718017578
0.027913665398955345
0.016746005043387413
0.0008195846457965672
0.04173716902732849
0.014202166348695755
0.006797000300139189
0.06608118116855621
0.017781956121325493
0.0019262585556134582
0.018741415813565254
0.019826848059892654
0.016966814175248146
0.02481282316148281
0.000728935410734266
0.03402578458189964
0.03253161534667015
0.007946674712002277
0.016051655635237694
0.08038745075464249
0.048919420689344406
0.03100746124982834
0.0033050705678761005
0.12251634895801544
0.028240801766514778
0.07560128718614578
0.023247864097356796
0.0064340573735535145
0.1637614220380783
0.004620568361133337
0.03167461231350899
0.053617674857378006
0.02657991647720337
0.030153699219226837
0.01337207667529583
0.007751153782010078
0.008609875105321407
0.0020527790766209364
0.01936034858226776
0.02875937707722187
0.028686420992016792
0.028643131256103516
0.023853814229369164
0.0032302485778927803
0.0602337121963501
0.014166251756250858
0.026357578113675117
0.024173403158783913
0.03322496637701988
0.04881219565868378
0.02640504390001297
0.0533582828938961
0.12639763951301575
0.006601294502615929
0.05603163689374924
0.009541898965835571
0.05058655887842178
0.01668071560561657
0.023510169237852097
0.01723322831094265
0.0357276014983654
0.0012935457052662969
0.009593108668923378
0.034875497221946716
0.005411634687334299
0.030436145141720772
0.021525505930185318
0.041878461837768555
0.0025718347169458866
0.041584305465221405
0.0246090330183506
0.01647670567035675
0.012375067919492722
0.04076922684907913
0.019404754042625427
0.015753768384456635
0.02855909988284111
0.025497913360595703
0.013870826922357082
0.03841258957982063
0.030770035460591316
0.0510859489440918
0.027610961347818375
0.035103533416986465
0.000855487713124603
0.03223714232444763
0.05965970456600189
0.152427539229393
0.020508404821157455
0.04398031160235405
0.030751584097743034
0.015588488429784775
0.03643370419740677
0.0010009785182774067
0.021513309329748154
0.05157742276787758
0.07521311938762665
0.016932090744376183
0.01399944443255663
0.021199773997068405
0.01235224213451147
0.02253282442688942
0.05353408306837082
0.0432109609246254
0.007720806635916233
0.042687587440013885
0.033351603895425797
0.035278622061014175
0.08521302044391632
0.025954997166991234
0.02395305596292019
0.02688090316951275
0.07679527997970581
0.01992948167026043
0.07512927800416946
0.03005330078303814
0.04133787006139755
0.022693270817399025
0.027597595006227493
0.0243118517100811
0.06421852111816406
0.02310597151517868
0.010366257280111313
0.0074823047034442425
0.040369294583797455
0.020094582810997963
0.021869322285056114
0.0448475256562233
0.036167871206998825
0.12070423364639282
0.01618211530148983
0.013727781362831593
0.06048453226685524
0.01514887809753418
0.0010770641965791583
0.0038582943379878998
0.014140529558062553
0.025363348424434662
0.002716305200010538
0.04324112832546234
0.07101499289274216
0.032170072197914124
0.024793731048703194
0.05358067899942398
0.01788882352411747
0.04510343447327614
0.02117651328444481
0.030249033123254776
0.031287696212530136
0.03984576091170311
0.001154475612565875
0.03463735803961754
0.037980593740940094
0.010713265277445316
0.004474412649869919
0.017346467822790146
0.10547704249620438
0.0557624027132988
0.03404086083173752
0.07157449424266815
0.047460269182920456
0.011122086085379124
0.027125436812639236
0.027193844318389893
0.03361218422651291
0.005991172045469284
0.019187139347195625
0.022710047662258148
0.021777261048555374
0.0068075163289904594
0.004932037089020014
0.027771905064582825
0.03167062625288963
0.03997037187218666
0.017668968066573143
0.025771668180823326
0.044871699064970016
0.058762580156326294
0.01791602373123169
0.027144048362970352
0.040780384093523026
0.024598537012934685
0.01869267411530018
0.014057809486985207
0.03366125375032425
0.022341614589095116
0.010383365675807
0.05039069429039955
0.03086826577782631
0.019118087366223335
0.0008778347983025014
0.01438822690397501
0.12654493749141693
0.05775011330842972
0.01798160932958126
0.018646391108632088
0.0491594523191452
0.005817281547933817
0.0035561497788876295
0.010982491075992584
0.012226756662130356
0.012170836329460144
0.01860467530786991
0.0028472912963479757
0.014888271689414978
0.04953336715698242
0.03863811865448952
0.038696471601724625
0.00990312173962593
0.02678113617002964
0.005799897480756044
0.025949493050575256
0.0064589716494083405
0.008348239585757256
0.032820604741573334
0.047223638743162155
0.01589524932205677
0.01810753345489502
0.0280002448707819
0.03240380436182022
0.015206458978354931
0.024829261004924774
0.003836367977783084
0.01609482243657112
0.10463663935661316
0.02488352544605732
0.0013480057241395116
0.006768584251403809
0.10126116871833801
0.022693540900945663
0.05906062573194504
0.009084616787731647
0.013584144413471222
0.0018402786226943135
0.025086119771003723
0.07854455709457397
0.01713499240577221
0.01506551168859005
0.023804770782589912
0.004896186757832766
0.02796296402812004
0.02214522287249565
0.01154956966638565
0.03437004238367081
0.05834583193063736
0.027578093111515045
0.008123542182147503
0.02578471601009369
0.0422549769282341
0.02397198975086212
0.01663539744913578
0.03509506955742836
0.010976884514093399
0.021720947697758675
0.015060541220009327
0.04234739765524864
0.013976731337606907
0.02319416031241417
0.0014745438238605857
0.010474814102053642
0.1141008660197258
0.003183068009093404
0.01953333057463169
0.04397127777338028
0.0015443003503605723
0.01662793941795826
0.03699398785829544
0.0357099249958992
0.011844136752188206
0.03410428762435913
0.014276017434895039
0.037006303668022156
0.12918442487716675
0.001283072866499424
0.003937183413654566
0.01008765958249569
0.019331790506839752
0.18193072080612183
0.015372087247669697
0.0019294826779514551
0.03571997582912445
0.007362930104136467
0.018734384328126907
0.022409040480852127
0.014538045041263103
0.043707914650440216
0.015051009133458138
0.04438597336411476
0.014993070624768734
0.05259859561920166
0.026620231568813324
0.035181138664484024
0.017193380743265152
0.04677236080169678
0.020464373752474785
0.009785960428416729
0.023846810683608055
0.0019951816648244858
0.024924088269472122
0.002785702235996723
0.10665148496627808
0.016808316111564636
0.023823656141757965
0.0226726271212101
0.0013473262079060078
0.02987571433186531
0.0011640548473224044
0.011358370073139668
0.034745294600725174
0.016660960391163826
0.02464899979531765
0.05660766735672951
0.013006375171244144
0.0002796976186800748
0.009777151979506016
0.0014399368083104491
0.0003406971227377653
0.029262658208608627
0.036714714020490646
0.016582662239670753
0.03245930373668671
0.10447107255458832
0.009620941244065762
0.044474370777606964
0.024777928367257118
0.04359354078769684
0.011730171740055084
0.02544928342103958
0.03446251153945923
0.08825220167636871
0.026764459908008575
0.030586306005716324
0.02765881083905697
0.013137293979525566
0.04462483897805214
0.00422105984762311
0.018955057486891747
0.04988836497068405
0.01772751845419407
0.047911956906318665
0.0009174512233585119
0.05290473252534866
0.016296302899718285
0.03987686336040497
0.02440136857330799
0.02671348862349987
0.01460875291377306
0.03740794211626053
0.013430379331111908
0.04566626250743866
0.023359494283795357
0.03209209442138672
0.009444208815693855
0.017504723742604256
0.019603295251727104
0.0152431670576334
0.01037157978862524
0.00318692228756845
0.041415922343730927
0.021152738481760025
0.012975813820958138
0.018034880980849266
0.0512094683945179
0.014112244360148907
0.11021444201469421
0.031187754124403
0.03783612325787544
0.011756203137338161
0.08194953203201294
0.021917391568422318
0.02010292001068592
0.015054252929985523
0.021049803122878075
0.017368752509355545
0.06172369793057442
0.021287210285663605
0.013408264145255089
0.021174916997551918
0.003592105582356453
0.0005118852132000029
0.03584108501672745
0.016468239948153496
0.0006777112721465528
0.0015786001458764076
0.027251772582530975
0.03358817100524902
0.03263431042432785
0.0034342578146606684
0.0030907802283763885
0.0034945006482303143
0.02488151751458645
0.015023402869701385
0.018373452126979828
0.01355499867349863
0.01290107611566782
0.02631007693707943
0.0575762614607811
0.004282655194401741
0.013348747044801712
0.02456570230424404
0.02132084034383297
0.0021682188380509615
0.034534357488155365
0.18715932965278625
0.016598086804151535
0.01998264156281948
0.06163676828145981
0.045942917466163635
0.020542148500680923
0.003843493526801467
0.027877965942025185
0.04391580447554588
0.03876035660505295
0.03551531955599785
0.03422319516539574
0.014315648004412651
0.06445246189832687
0.024443503469228745
0.03828617185354233
0.02970229834318161
0.02294107899069786
0.015424712561070919
0.022914785891771317
0.05754759535193443
0.00762217165902257
0.03318623825907707
0.04444482550024986
0.07730787247419357
0.008785680867731571
0.02260868437588215
0.021629299968481064
0.01024897862225771
0.031882427632808685
0.009558066725730896
0.045412708073854446
0.015005492605268955
0.08036988973617554
0.002175163011997938
0.017990989610552788
0.013935676775872707
0.017869308590888977
0.01705450750887394
0.03845285251736641
0.019777152687311172
0.03730883076786995
0.034378476440906525
0.028447002172470093
0.013787795789539814
0.004111124202609062
0.0009652625303715467
0.026301153004169464
0.018016349524259567
0.020058898255228996
0.09202992916107178
0.015202711336314678
0.004903255496174097
0.03830834478139877
0.01962077058851719
0.09410744905471802
0.020633257925510406
0.027699653059244156
0.02453947253525257
0.02370680682361126
0.06603787839412689
0.0007054054294712842
0.026644453406333923
0.018458209931850433
0.01285983994603157
0.025316251441836357
0.006156758405268192
0.016891397535800934
0.008608378469944
0.022228838875889778
0.02079525776207447
0.033169254660606384
0.10502840578556061
0.0019714070949703455
0.023359591141343117
0.012314267456531525
0.01806085743010044
0.02893846109509468
0.04010334983468056
0.11916284263134003
0.014183682389557362
0.044320400804281235
0.0327855721116066
0.010267025791108608
0.031407859176397324
0.017396435141563416
0.026540787890553474
0.0239882655441761
0.039461277425289154
0.03512623906135559
0.028011325746774673
0.06559573113918304
0.013241629116237164
0.022729333490133286
0.0019553499296307564
0.02009907178580761
0.03413769230246544
0.024956461042165756
0.010344208218157291
0.04053061828017235
0.014996672049164772
0.03094160556793213
0.03432628512382507
0.01757708191871643
0.019880041480064392
0.01879599317908287
0.020310264080762863
0.01207831222563982
0.006767509505152702
0.002226871205493808
0.05326415225863457
0.03614392876625061
0.13275755941867828
0.031683728098869324
0.015156712383031845
0.01317609753459692
0.018851270899176598
0.05480719730257988
0.029587803408503532
0.05624726787209511
0.029810411855578423
0.013769824057817459
0.031171131879091263
0.020327871665358543
0.00951140746474266
0.037547517567873
0.06176674738526344
0.16630984842777252
0.03564978018403053
0.11001607775688171
0.019920384511351585
0.0019348193891346455
0.0210709348320961
0.01741875894367695
0.021717727184295654
0.001437117112800479
0.03229961916804314
0.040378037840127945
0.024464283138513565
0.0178215354681015
0.008477911353111267
0.024354133754968643
0.014923116192221642
0.03470875322818756
0.03279693052172661
0.05034685507416725
0.025420384481549263
0.0024151892866939306
0.002495191991329193
0.04595843330025673
0.0016309479251503944
0.03247370943427086
0.015267647802829742
0.030916454270482063
0.008793318644165993
0.052106745541095734
0.015276340767741203
0.043365683406591415
0.06685180962085724
0.05158758535981178
0.04063871130347252
0.014202302321791649
0.04564671590924263
0.03174135833978653
0.025710636749863625
0.01356809027493
0.051944006234407425
0.00716212997213006
0.02993672527372837
0.03461095690727234
0.04935040697455406
0.3599966764450073
0.02366851642727852
0.033864498138427734
0.05580248683691025
0.03989650681614876
0.043161649256944656
0.16587115824222565
0.027256887406110764
0.017918772995471954
0.07658186554908752
0.03786647319793701
0.031969137489795685
0.017887944355607033
0.0783490464091301
0.02168191410601139
0.013900117948651314
0.0208389014005661
0.028927158564329147
0.07718316465616226
0.001450269133783877
0.02905966155230999
0.032937485724687576
0.00042248028330504894
0.002344660460948944
0.12154675275087357
0.02169588766992092
0.012987526133656502
0.012575091794133186
0.011027813889086246
0.021644383668899536
0.010994372889399529
0.01796773634850979
0.02287982404232025
0.009735370986163616
0.02766082063317299
0.002790638944134116
0.02424835041165352
0.03322196751832962
0.02426104061305523
0.0027100553270429373
0.008452498354017735
0.03835601732134819
0.02449082024395466
0.037094488739967346
0.08327890932559967
0.016776664182543755
0.061585549265146255
0.021918097510933876
0.06118122115731239
0.00508479680866003
0.012775992974638939
0.00274706375785172
0.11121015250682831
0.020591219887137413
0.07880090177059174
0.020358217880129814
0.02192814275622368
0.10948393493890762
0.024639569222927094
0.01753934845328331
0.0043050083331763744
0.004533624276518822
0.004725165199488401
0.05320819467306137
0.0487506240606308
0.0013354896800592542
0.02135595865547657
0.11403360217809677
0.015067710541188717
0.06312200427055359
0.014722613617777824
0.056576866656541824
0.02634432166814804
0.03157055005431175
0.01010204292833805
0.012560932897031307
0.03153984993696213
0.025188177824020386
0.015818439424037933
0.009368518367409706
0.055936299264431
0.02253895066678524
0.025923511013388634
0.039449337869882584
0.008283923380076885
0.054960254579782486
0.01173318549990654
0.06150413304567337
0.015751276165246964
0.06323578953742981
0.0383327342569828
0.052671223878860474
0.02491828054189682
0.02805950865149498
0.024835309013724327
0.0010251725325360894
0.040853191167116165
0.07985218614339828
0.02611403353512287
0.02298615500330925
0.02135886438190937
0.0018769162707030773
0.07860241830348969
0.035238660871982574
0.033406320959329605
0.033071599900722504
0.0010528925340622663
0.016656991094350815
0.016484633088111877
0.06055373325943947
0.03303813189268112
0.07535518705844879
0.029484599828720093
0.011532914824783802
0.14237135648727417
0.023325186222791672
0.04544157534837723
0.012618220411241055
0.016892582178115845
0.019430531188845634
0.03003547340631485
0.028231032192707062
0.006974522490054369
0.02416824921965599
0.03135700523853302
0.17481975257396698
0.019733404740691185
0.022307835519313812
0.19402895867824554
0.021209217607975006
0.04167488217353821
0.026285545900464058
0.03839675709605217
0.0342053659260273
0.045902226120233536
0.028600020334124565
0.023574339225888252
0.011310312896966934
0.1991070657968521
0.03754543885588646
0.003207238158211112
0.01959703303873539
0.024366071447730064
0.058706022799015045
0.014069237746298313
0.029080364853143692
0.02446436509490013
0.05829882249236107
0.0005401756498031318
0.0348408967256546
0.037904076278209686
0.02080657333135605
0.02236739546060562
0.010455220006406307
0.037322916090488434
0.06255350261926651
0.02334900200366974
0.03438899293541908
0.015522647649049759
0.021177159622311592
0.01707725040614605
0.026350880041718483
0.028865419328212738
0.0081401402130723
0.002132965484634042
0.006974427029490471
0.02143964357674122
0.04526318982243538
0.05424743518233299
0.02264125645160675
0.027068978175520897
0.02513047866523266
0.009335506707429886
0.03814559429883957
0.040432192385196686
0.06840188801288605
0.04023479297757149
0.009782480075955391
0.04301920160651207
0.01729905605316162
0.03217883035540581
0.008467243053019047
0.08176320046186447
0.015054946765303612
0.021565308794379234
0.020760981366038322
0.056637540459632874
0.002254622522741556
0.029101934283971786
0.08801110088825226
0.022075684741139412
0.032752227038145065
0.00594745296984911
0.009773081168532372
0.01761845126748085
0.018635571002960205
0.0025206217542290688
0.03636179119348526
0.027622072026133537
0.009047062136232853
0.029029645025730133
0.03116419166326523
0.0005207753274589777
0.011797447688877583
0.012267161160707474
0.2338172346353531
0.07827264070510864
0.013682483695447445
0.01702483557164669
0.04337919503450394
0.08009736239910126
0.02541026845574379
0.013147879391908646
0.02632918395102024
0.015614681877195835
0.02664778009057045
0.027269558981060982
0.09496930986642838
0.0017874094191938639
0.025454021990299225
0.004896692465990782
0.013468144461512566
0.024549325928092003
0.014715168625116348
0.04829806089401245
0.025147922337055206
0.017629940062761307
0.010910914279520512
0.00342944567091763
0.014363999478518963
0.11423249542713165
0.0026414794847369194
0.0235613863915205
0.05243673175573349
0.00909726694226265
0.012086217291653156
0.004880182445049286
0.14452330768108368
0.07661458849906921
0.02333933860063553
0.03310801088809967
0.008323756977915764
0.03148858994245529
0.0025344458408653736
0.021455911919474602
0.19928434491157532
0.027766520157456398
0.03693756088614464
0.0011097673559561372
0.08363303542137146
0.016230285167694092
0.00420091999694705
0.01860434003174305
0.06709965318441391
0.010988036170601845
0.03908625245094299
0.017855016514658928
0.17865371704101562
0.08589252829551697
0.03510526195168495
0.1365329921245575
0.018115848302841187
0.0025921131018549204
0.015089680440723896
0.02062620222568512
0.02042626030743122
0.024900343269109726
0.033004529774188995
0.00858763512223959
0.0028668991290032864
0.0228277575224638
0.03122532367706299
0.008402368053793907
0.013380426913499832
0.017369091510772705
0.021492693573236465
0.02960604801774025
0.05358976870775223
0.03897501528263092
0.021612539887428284
0.03936406970024109
0.014664093032479286
0.02042003907263279
0.022743355482816696
0.045817527920007706
0.0014371355064213276
0.028642859309911728
0.020482249557971954
0.0017289648531004786
0.0006739224190823734
0.01914411410689354
0.047338664531707764
0.025714371353387833
0.019855983555316925
0.0674273669719696
0.025436609983444214
0.020467441529035568
0.04254893958568573
0.0048293485306203365
0.02225584350526333
0.0051543074660003185
0.01159538235515356
0.04334716498851776
0.0330602265894413
0.02102910727262497
0.023687154054641724
0.017305146902799606
0.024812795221805573
0.0534735769033432
0.03442424535751343
0.020540965721011162
0.021481480449438095
0.007481883745640516
0.002720033284276724
0.028492286801338196
0.03689999505877495
0.001158950268290937
0.042956456542015076
0.00611222255975008
0.022697506472468376
0.020009933039546013
0.0313398502767086
0.09806753695011139
0.020856596529483795
0.014408253133296967
0.08170418441295624
0.027927927672863007
0.018459564074873924
0.03188411146402359
0.038080278784036636
0.057591505348682404
0.028821071609854698
0.03297094628214836
0.0007758034626021981
0.04277661070227623
0.026036009192466736
0.02969410829246044
0.04747627675533295
0.028366949409246445
0.008301397785544395
0.02259816601872444
0.02594919688999653
0.04887910559773445
0.01957402005791664
0.03681726008653641
0.026326077058911324
0.10962315648794174
0.01783123053610325
0.03515773266553879
0.07414659112691879
0.028552422299981117
0.06161295995116234
0.017131121829152107
0.015692630782723427
0.03607809171080589
0.0048905485309660435
0.03718630224466324
0.018732337281107903
0.04373898357152939
0.06868688017129898
0.017018171027302742
0.018420454114675522
0.03309393674135208
0.014956061728298664
0.02567463368177414
0.05585046112537384
0.0009168423712253571
0.026777086779475212
0.0036388037260621786
0.04413626715540886
0.01284992229193449
0.0026462117675691843
0.07669544219970703
0.08452749252319336
0.012499785982072353
0.038484565913677216
0.07513774931430817
0.01246010884642601
0.013972444459795952
0.018098540604114532
0.021951548755168915
0.02229577675461769
0.028332671150565147
0.002081782091408968
0.020087065175175667
0.03757272660732269
0.06227772682905197
0.0182566586881876
0.001353948493488133
0.15892592072486877
0.03637472912669182
0.022408483549952507
0.0005775050958618522
0.016108613461256027
0.037633586674928665
0.0013856058940291405
0.012263219803571701
0.0036352165043354034
0.0064299157820641994
0.03111588954925537
0.061704814434051514
0.003074647393077612
0.006759410258382559
0.027870628982782364
0.029984477907419205
0.034433744847774506
0.11763892322778702
0.018619084730744362
0.0013039791956543922
0.012251141481101513
0.0014916377840563655
0.02406218834221363
0.03412679582834244
0.00920039601624012
0.20024843513965607
0.03268926218152046
0.04429515451192856
0.0013845390640199184
0.015301945619285107
0.03441735357046127
0.008925912901759148
0.018214555457234383
0.022899847477674484
0.03618122264742851
0.03248252347111702
0.009551201947033405
0.013770298101007938
0.041955187916755676
0.008246520534157753
0.012058816850185394
0.016038179397583008
0.05936110019683838
0.03304599970579147
0.03760209679603577
0.007638547569513321
0.01544434204697609
0.0010787028586491942
0.011141646653413773
0.02843581512570381
0.027294814586639404
0.04218723624944687
0.025502437725663185
0.008670996874570847
0.059417031705379486
0.03660160303115845
0.03153431788086891
0.001255416078492999
0.07241913676261902
0.004258073400706053
0.01119358278810978
0.005882319062948227
0.02174299769103527
0.0014858305221423507
0.017242753878235817
0.028299465775489807
0.020545989274978638
0.008770100772380829
0.028721479699015617
0.03786836564540863
0.1004108414053917
0.00781530886888504
0.024740826338529587
0.008057445287704468
0.029415607452392578
0.01581856980919838
0.002942534862086177
0.020624764263629913
0.017963435500860214
0.05980823561549187
0.01822170428931713
0.03368191421031952
0.004433835856616497
0.0027050424832850695
0.02309543639421463
0.003958732355386019
0.06430172920227051
0.022550303488969803
0.03275217488408089
0.014481558464467525
0.009934138506650925
0.029752524569630623
0.0562787801027298
0.016579115763306618
0.024188535287976265
0.014392036013305187
0.019173448905348778
0.005042499862611294
0.03387819230556488
0.0013956481125205755
0.029822053387761116
0.020189711824059486
0.03331388905644417
0.02571009285748005
0.010571307502686977
0.03000682033598423
0.002977837109938264
0.022266577929258347
0.46817511320114136
0.028393570333719254
0.0015776969958096743
0.012551585212349892
0.026396624743938446
0.005398267414420843
0.016115497797727585
0.05023462697863579
0.021358929574489594
0.02121814340353012
0.060984328389167786
0.02153279073536396
0.002005619229748845
0.007595298811793327
0.02953338250517845
0.021890629082918167
0.01199819054454565
0.03148266300559044
0.002765603829175234
0.02915014512836933
0.0024741380475461483
0.030459726229310036
0.016397345811128616
0.026490256190299988
0.2172948271036148
0.034067075699567795
0.01880349963903427
0.028428886085748672
0.0033291459549218416
0.021795867010951042
0.039731115102767944
0.06567145884037018
0.012813269160687923
0.025603458285331726
0.030445745214819908
0.016609100624918938
0.019752560183405876
0.017950909212231636
0.021858979016542435
0.01538835559040308
0.018967213109135628
0.018457934260368347
0.01914622075855732
0.007027413696050644
0.07963385432958603
0.023330658674240112
0.072408027946949
0.009784420020878315
0.024581890553236008
0.0363449901342392
0.029160572215914726
0.022066839039325714
0.0017238243017345667
0.017996320500969887
0.022946832701563835
0.015655018389225006
0.015158948488533497
0.03429719805717468
0.018957087770104408
0.020721524953842163
0.04953218996524811
0.0014156909892335534
0.021853841841220856
0.006507634650915861
0.016778113320469856
0.0038316540885716677
0.023227890953421593
0.02030903659760952
0.02119281142950058
0.05629494786262512
0.0007550058071501553
0.06833517551422119
0.017231127247214317
1.377624273300171
0.03600282222032547
0.02093375101685524
0.0017808142583817244
0.04437452554702759
0.001221258076839149
0.022880157455801964
0.05747039616107941
0.05906953290104866
0.08979424834251404
0.032029569149017334
0.038503240793943405
0.0023549471516162157
0.013934409245848656
0.035182885825634
0.0011605434119701385
0.01897791028022766
0.036404166370630264
0.04271526262164116
0.0277419351041317
0.014440895058214664
0.012959551066160202
0.1292339712381363
0.01323636993765831
0.027885811403393745
0.018786368891596794
0.02253316156566143
0.010152574628591537
0.013942991383373737
0.02962655946612358
0.020893273875117302
0.04335203021764755
0.08352665603160858
0.04409616068005562
0.024008307605981827
0.01753462664783001
0.041476957499980927
0.0246907826513052
0.02214406244456768
0.03090810962021351
0.01701410673558712
0.04171546921133995
0.008979672566056252
0.015938205644488335
0.036480724811553955
0.01966715417802334
0.03781251981854439
0.04552242532372475
0.026897579431533813
0.018049506470561028
0.049910768866539
0.0015779974637553096
0.043291546404361725
0.03481396660208702
0.008055626414716244
0.021424787119030952
0.029355425387620926
0.0046162111684679985
0.0015986856305971742
0.01689959317445755
0.041727498173713684
0.02558625303208828
0.048922643065452576
0.03345071151852608
0.029630862176418304
0.03297221660614014
0.014654604718089104
0.04472338408231735
0.05219719931483269
0.059697993099689484
0.016852259635925293
0.0028771853540092707
0.0046959868632256985
0.002082602819427848
0.007131118793040514
0.02655710279941559
0.004482628777623177
0.031367991119623184
0.029726669192314148
0.026122599840164185
0.02177876979112625
0.016250938177108765
0.03664188086986542
0.029624346643686295
0.4766254425048828
0.003227721666917205
0.0018951743841171265
0.056177448481321335
0.0302348081022501
0.02719656378030777
0.0008908296003937721
0.004199348855763674
0.0492137148976326
0.012494082562625408
0.0033069855999201536
0.017705479636788368
0.018656454980373383
0.007253226824104786
0.015708526596426964
0.006853180937469006
0.0628938227891922
0.0208647008985281
0.010080762207508087
0.02365332655608654
0.21241143345832825
0.06043737381696701
0.015866979956626892
0.0024156165309250355
0.021736446768045425
0.014556207694113255
0.023235660046339035
0.03266172111034393
0.019928237423300743
0.04135635867714882
0.02488679438829422
0.028917036950588226
0.023004760965704918
0.02366606332361698
0.03266216069459915
0.02351023629307747
0.061130814254283905
0.06564749777317047
0.027640415355563164
0.021664921194314957
0.09017662703990936
0.10856439918279648
0.026640018448233604
0.026668362319469452
0.02525542490184307
0.015623316168785095
0.022454947233200073
0.030410803854465485
0.02798214927315712
0.03479968383908272
0.00727364607155323
0.008476845920085907
0.03340192139148712
0.003569392254576087
0.017528541386127472
0.022075140848755836
0.016775798052549362
0.018014609813690186
0.02250010520219803
0.021203914657235146
0.02236318029463291
0.0253281369805336
0.0045710536651313305
0.022388167679309845
0.01915466971695423
0.0049766902811825275
0.02431693859398365
0.04925791919231415
0.000285387592157349
0.046890102326869965
0.028346344828605652
0.030235473066568375
0.002995488466694951
0.01346057653427124
0.016766615211963654
0.013551495969295502
0.044421982020139694
0.024225642904639244
0.004570276476442814
0.03699220344424248
0.020232848823070526
0.06105414405465126
0.004423382692039013
0.007461376488208771
0.025334833189845085
0.028904864564538002
0.0476059690117836
0.04106173664331436
0.031176432967185974
0.02664581499993801
0.018552793189883232
0.02863122522830963
0.004567208234220743
0.0059125698171556
0.018724368885159492
0.024500103667378426
0.0011918909149244428
0.028660587966442108
0.01656273752450943
0.039682015776634216
0.026523295789957047
0.13980518281459808
0.016395265236496925
0.07996030896902084
0.02800748497247696
0.029584214091300964
0.02051178552210331
0.002778049325570464
0.025563357397913933
0.004026985261589289
0.0013130014995113015
0.018099887296557426
0.0032293132971972227
0.03439265489578247
0.0012326509458944201
0.0441671647131443
0.019175635650753975
0.02107941545546055
0.05341917276382446
0.02830679342150688
0.03165319934487343
0.008685598149895668
0.028839414939284325
0.025258123874664307
0.029400339350104332
0.05196674168109894
0.01752208173274994
0.0318034403026104
0.0035431617870926857
0.0174055527895689
0.02262021414935589
0.052125681191682816
0.007691316306591034
0.03953132405877113
0.027707161381840706
0.10200964659452438
0.0960078164935112
0.04811052605509758
0.035217076539993286
0.02254069223999977
0.02283523418009281
0.01002770010381937
0.02120915800333023
0.03120695799589157
0.03709550201892853
0.024029120802879333
0.03410571813583374
0.02802019752562046
0.034943435341119766
0.014741774648427963
0.022569946944713593
0.005087192635983229
0.015116370283067226
0.10444886237382889
0.011941702105104923
0.029817141592502594
0.04352661967277527
0.020214593037962914
0.021369967609643936
0.02015400119125843
0.051335472613573074
0.023425603285431862
0.022663695737719536
0.012120567262172699
0.03775263950228691
0.06822697073221207
0.011715959757566452
0.013234053738415241
0.018221260979771614
0.14407628774642944
0.02242041938006878
0.0029438179917633533
0.038096267729997635
0.023347467184066772
0.03996303305029869
0.06988772004842758
0.004268296994268894
0.01934061199426651
0.045431770384311676
0.0038010338321328163
0.005394077859818935
0.03521198779344559
0.004660468082875013
0.01473080925643444
0.0308119747787714
0.020081529393792152
0.037565119564533234
0.13115090131759644
0.01310466043651104
0.03331582248210907
0.03333462402224541
0.043999359011650085
0.044556740671396255
0.042933009564876556
0.01850193738937378
0.029405856505036354
0.0029710305389016867
0.0017521199770271778
0.04238292574882507
0.016460109502077103
0.012259811162948608
0.016462553292512894
0.015832755714654922
0.007665725890547037
0.016108432784676552
0.010328451171517372
0.022079085931181908
0.021119408309459686
0.020311368629336357
0.001890976564027369
0.038149699568748474
0.01898176409304142
0.01830464042723179
0.021000726148486137
0.037141017615795135
0.02120928093791008
0.014686920680105686
0.03481919690966606
0.03852462023496628
0.033331967890262604
0.028255466371774673
0.00571227865293622
0.025117989629507065
0.02835577353835106
0.018353797495365143
0.039963871240615845
0.09207537770271301
0.0013410799438133836
0.021123824641108513
0.001162372063845396
0.03849100321531296
0.023695971816778183
0.04917008802294731
0.03300347179174423
0.011985612101852894
0.02151244878768921
0.01146436296403408
0.03275790810585022
0.07486989349126816
0.009758740663528442
0.016308579593896866
0.013943594880402088
0.021056687459349632
0.056081727147102356
0.0018058886053040624
0.01973889395594597
0.029981059953570366
0.02326885052025318
0.013659774325788021
0.04339136555790901
0.05147934332489967
0.025206150487065315
0.020444242283701897
0.01826808974146843
0.006324551999568939
0.03419581800699234
0.021808985620737076
0.05823748931288719
0.0323641374707222
0.015209733508527279
0.012983697466552258
0.016064798459410667
0.014993663877248764
0.016501234844326973
0.0263090580701828
0.04136798530817032
0.029398450627923012
0.02100958861410618
0.03164178878068924
0.03760700300335884
0.021606944501399994
0.01929144375026226
0.028585979714989662
0.020386211574077606
0.03648436442017555
0.009009243920445442
0.010653942823410034
0.049086153507232666
0.1203208714723587
0.09839366376399994
0.021760910749435425
0.01828547567129135
0.0014731241390109062
0.003403993556275964
0.015174461528658867
0.026675382629036903
0.06595159322023392
0.023646848276257515
0.018061107024550438
0.04698525741696358
0.025433411821722984
0.054729364812374115
0.01298834104090929
0.0032968581654131413
0.01204503420740366
0.031052159145474434
0.019969461485743523
0.03731326758861542
0.021202528849244118
0.009335096925497055
0.06376372277736664
0.02424503117799759
0.011685063131153584
0.0052407789044082165
0.028334619477391243
0.05977584794163704
0.014384971931576729
0.02384837530553341
0.012080092914402485
0.003090603044256568
0.02195332758128643
0.01366910059005022
0.03269777074456215
0.02467275969684124
