0.0019038293976336718
0.022982368245720863
0.061782579869031906
0.11048544198274612
0.16220884025096893
0.020694231614470482
0.10224068909883499
0.07984244078397751
0.022733813151717186
0.0019964890088886023
0.0037827123887836933
0.03344104439020157
0.0587121807038784
0.09416563808917999
0.03311891481280327
0.05512618273496628
0.06924594938755035
0.05464031174778938
0.062137242406606674
0.07273349165916443
0.0902455523610115
0.07351525872945786
0.03055488131940365
0.0698031336069107
0.060252562165260315
0.05064305290579796
0.04376513883471489
0.02865012176334858
0.089850053191185
0.023908620700240135
0.0873776376247406
0.0016137465136125684
0.07375865429639816
0.07839886844158173
0.07302730530500412
0.028308432549238205
0.08525340259075165
0.10329458117485046
0.06489662826061249
0.3017045855522156
0.1698583960533142
0.07971002906560898
0.06521565467119217
0.10639739781618118
0.09043645113706589
0.039586953818798065
0.1006619930267334
0.02117488719522953
0.06724542379379272
0.027002176269888878
0.05997162312269211
0.02487911842763424
0.049455754458904266
0.0778331309556961
0.009322055615484715
0.09239373356103897
0.019394826143980026
0.04656871408224106
0.09366556257009506
0.11957720667123795
0.03792145103216171
0.07546671479940414
0.09128332138061523
0.08889225870370865
0.036342669278383255
0.061502791941165924
0.094135582447052
0.04837280884385109
0.04255610704421997
0.03925037384033203
0.06593039631843567
0.10330361127853394
0.05892282724380493
0.04013272002339363
0.2382359802722931
0.057134006172418594
0.08275744318962097
0.05962200462818146
0.5371359586715698
0.06591171771287918
0.0854562371969223
0.014644062146544456
0.052033279091119766
0.10210462659597397
0.014028606005012989
0.09651124477386475
0.1437385231256485
0.050422437489032745
0.10040129721164703
0.003264348953962326
0.04300639405846596
0.032816775143146515
0.05577053129673004
0.10082291066646576
0.17127183079719543
0.0529906190931797
0.08768347650766373
0.03319670259952545
0.1840420663356781
0.010592963546514511
0.05121709778904915
0.02444336749613285
0.015042906627058983
0.0612606480717659
0.04508871212601662
0.04026385024189949
0.08456481993198395
0.09977338463068008
0.017739074304699898
0.09090518206357956
0.07765506207942963
0.02064235880970955
0.03050338663160801
0.05718917027115822
0.030087389051914215
0.028277847915887833
0.08343566209077835
0.11354222148656845
0.03521876037120819
0.05572638660669327
0.033522430807352066
0.07597069442272186
0.06457440555095673
0.021479498594999313
0.020027099177241325
0.050149112939834595
0.061077505350112915
0.0010983212850987911
0.09867426753044128
0.0651448667049408
0.09023396670818329
0.0006185166421346366
0.10096248984336853
0.002350143389776349
0.018253754824399948
0.5066195726394653
0.053375206887722015
0.046382464468479156
0.07282280176877975
0.002898177597671747
0.026249591261148453
0.10212160646915436
0.010784028097987175
0.0638977587223053
0.01928735338151455
0.12618117034435272
0.05730297416448593
0.08186517655849457
0.038796789944171906
0.007657843176275492
0.08059994131326675
0.01425872277468443
0.008812081068754196
0.020575016736984253
0.001098798937164247
0.1261332780122757
0.1791619509458542
0.0625935047864914
0.07076404988765717
0.04664412885904312
0.0412413515150547
0.027450725436210632
0.05808886140584946
0.06888768076896667
0.04231124371290207
0.06661088764667511
0.0696830078959465
0.05126994103193283
0.06674402207136154
0.03979085385799408
0.015231155790388584
0.26549413800239563
0.06495270878076553
0.4045177698135376
0.03428695723414421
0.9219329357147217
0.11566442251205444
0.020330943167209625
0.014907324686646461
0.24969865381717682
0.013822352513670921
0.05943043902516365
0.03549475595355034
0.036019761115312576
0.1059577539563179
0.0313325934112072
0.042434241622686386
0.08065933734178543
0.03221585974097252
0.021181859076023102
0.05588812008500099
0.11415302008390427
0.034806299954652786
0.06485368311405182
0.021078521385788918
0.037874914705753326
0.0316251739859581
0.07212512940168381
0.03970297425985336
0.022599179297685623
0.017186889424920082
0.010768101550638676
0.07738837599754333
0.15594473481178284
0.0917046070098877
0.11869140714406967
0.05540144443511963
0.06579913198947906
0.009421063587069511
0.09023861587047577
0.10554207116365433
0.03908121585845947
0.0297069251537323
0.021980101242661476
0.13922761380672455
0.07390957325696945
0.05548740178346634
0.044222064316272736
0.018429294228553772
0.037569303065538406
0.007053963374346495
0.08932178467512131
0.02342851832509041
0.0273541621863842
0.07614485919475555
0.037623800337314606
0.00192691246047616
0.017133399844169617
0.2952444851398468
0.05051743984222412
0.11154419183731079
0.08596102148294449
0.2923051714897156
0.02888370491564274
0.03650330379605293
0.04474566504359245
0.07341966778039932
0.04947173222899437
0.011704850010573864
0.023062855005264282
0.05313717946410179
0.002484417986124754
0.09197501093149185
0.09344850480556488
0.013840056024491787
0.09609682857990265
0.020462268963456154
0.18238085508346558
0.02789272554218769
0.034756869077682495
0.03375531733036041
0.019419346004724503
0.22453387081623077
0.11696604639291763
0.08505380153656006
0.07183285057544708
0.050645533949136734
0.05427084118127823
0.048781123012304306
0.08348774909973145
0.03193962946534157
0.07558321952819824
0.0552099347114563
0.015138925984501839
0.0661407858133316
0.030987625941634178
0.07627303898334503
0.0009349132305942476
0.04155190661549568
0.029467104002833366
0.011431333608925343
0.036931879818439484
0.03962754085659981
0.048319581896066666
0.07811271399259567
0.0533904992043972
0.0441281832754612
0.04341714456677437
0.07171881198883057
0.03674089536070824
0.04208841547369957
0.08946563303470612
0.23639777302742004
0.0619688481092453
0.03312838450074196
0.035826507955789566
0.03334958478808403
0.04143614321947098
0.0658644586801529
0.039994362741708755
0.04295448213815689
0.0349765382707119
0.07278739660978317
0.08462143689393997
0.022383226081728935
0.09703102707862854
0.11027009785175323
0.07752152532339096
0.10543650388717651
0.024416347965598106
0.04101089388132095
0.05468356981873512
0.06580794602632523
0.03476080670952797
0.045115258544683456
0.038651153445243835
0.04484089836478233
0.04892159625887871
0.03982441872358322
0.050897158682346344
0.002178394002839923
0.049066826701164246
0.020904021337628365
0.07983048260211945
0.040809907019138336
0.038632381707429886
0.05567137151956558
0.11031543463468552
0.021796541288495064
0.0337485671043396
0.0023423454258590937
0.0199652798473835
0.12018708139657974
0.04240335896611214
0.016958625987172127
0.046747736632823944
0.03187428042292595
0.15012739598751068
0.03213484585285187
0.04334694519639015
0.018596556037664413
0.02852693572640419
0.08910853415727615
0.01897909678518772
0.029309166595339775
0.0251243244856596
0.044389188289642334
0.16737231612205505
0.054656241089105606
0.05503559485077858
0.03089943341910839
0.054756879806518555
0.1179419457912445
0.11302626878023148
0.08423682302236557
0.09590122103691101
0.026057370007038116
0.1852308064699173
0.028778325766324997
0.030660253018140793
0.017456647008657455
0.014180906116962433
0.007781375199556351
0.04771154746413231
0.06971198320388794
0.1517525613307953
0.16514387726783752
0.04423687979578972
0.07654798030853271
0.09221731126308441
0.045560210943222046
0.05703742057085037
0.04254855960607529
0.018811704590916634
0.07456155866384506
0.07214256376028061
0.05108345299959183
0.6525605916976929
0.07476846128702164
0.019778285175561905
0.001740419422276318
0.16759370267391205
0.06356640160083771
0.021864240989089012
0.014224043115973473
0.0690016821026802
0.1396111249923706
0.12766967713832855
0.0003812659706454724
0.02805938944220543
0.23064573109149933
0.02052859030663967
0.043396249413490295
0.010218765586614609
0.03165138512849808
0.05027587339282036
0.08558333665132523
0.05758064612746239
0.2591962516307831
0.01695844903588295
0.22591443359851837
0.08788172155618668
0.002577074570581317
0.02027006261050701
0.022011909633874893
0.06793574243783951
0.28018516302108765
0.10329212993383408
0.04594472795724869
0.041423019021749496
0.028635911643505096
0.0023360198829323053
0.029644252732396126
0.10576613992452621
0.053116247057914734
0.01487090066075325
0.03158608451485634
0.04630809649825096
0.0014382663648575544
0.002160798292607069
0.018147306516766548
0.020769204944372177
0.044092029333114624
0.046465206891298294
0.04758278653025627
0.07663603127002716
0.0902244821190834
0.15001094341278076
0.06495112180709839
0.08648014813661575
0.05400196835398674
0.08363375812768936
0.05318645015358925
0.02909155562520027
0.11065439879894257
0.1307400017976761
0.08159901946783066
0.10470660030841827
0.05508054792881012
0.0357016921043396
0.10648705065250397
0.0009777481900528073
0.07436268031597137
0.040167003870010376
0.11690007150173187
0.05755747854709625
0.03024204634130001
0.07407290488481522
0.05894244462251663
0.05112743005156517
0.04395361617207527
0.0913761630654335
0.060207244008779526
0.13135717809200287
0.06278575211763382
0.049888838082551956
0.08758476376533508
0.0527515783905983
0.014649922028183937
0.1146545335650444
0.042946916073560715
0.052943672984838486
0.007165681105107069
0.005204441957175732
0.10058801621198654
0.030138226225972176
0.10171038657426834
0.30083751678466797
0.03997475281357765
0.00929392408579588
0.02368277870118618
0.06261710077524185
0.0030032878275960684
0.022582925856113434
0.04474353790283203
0.047339245676994324
0.08860678225755692
0.06082657724618912
0.0516570508480072
0.03992965444922447
0.057145774364471436
0.026294678449630737
0.03812593221664429
0.023325718939304352
0.06133368983864784
0.04758307337760925
0.03096267580986023
0.24306970834732056
0.13043218851089478
0.039573945105075836
0.058787982910871506
0.1232106164097786
0.10441264510154724
0.029328126460313797
0.0734047144651413
0.039763011038303375
0.06792790442705154
0.05683128908276558
0.1143033504486084
0.054294150322675705
0.038640428334474564
0.06535153090953827
0.11569495499134064
0.0979565680027008
0.06355495750904083
0.003979576751589775
0.025607431307435036
0.037865735590457916
0.014532960951328278
0.09740697592496872
0.0030430422630161047
0.058914653956890106
0.05826545134186745
0.017549363896250725
0.013230470940470695
0.03943541646003723
0.04280700162053108
0.051405202597379684
0.017721952870488167
0.04436811804771423
0.09944728016853333
0.04230141267180443
0.015947237610816956
0.03071775659918785
0.03049934096634388
0.04992027208209038
0.1278795301914215
0.022565465420484543
0.0445084273815155
0.027352625504136086
0.0583287850022316
0.060645729303359985
0.12542115151882172
0.03156864270567894
0.030344903469085693
0.03973470628261566
0.16376768052577972
0.023326614871621132
0.06744043529033661
0.035895440727472305
0.03766104578971863
0.03240806981921196
0.045887697488069534
0.03290101885795593
0.08744129538536072
0.015842558816075325
0.058970361948013306
0.017587091773748398
0.00225549703463912
0.01582435891032219
0.06499198824167252
0.005461494904011488
0.06396716088056564
0.0942964106798172
0.07546013593673706
0.07439510524272919
0.057074420154094696
0.05479447543621063
0.0016856634756550193
0.07489234209060669
0.15149426460266113
0.12404607981443405
0.1048707589507103
0.025366298854351044
0.012240610085427761
0.043185826390981674
0.033327315002679825
0.04515978321433067
0.011977690272033215
0.0468909814953804
0.0477575957775116
0.0849694013595581
0.03384667634963989
0.024445701390504837
0.02464829757809639
0.0067480821162462234
0.0032406614627689123
0.00931746605783701
0.2865850627422333
0.07471857964992523
0.0389816015958786
0.2099408209323883
0.042579226195812225
0.07499552518129349
0.11180519312620163
0.08269059658050537
0.03732287511229515
0.02748469077050686
0.05377620831131935
0.05661004036664963
0.18032094836235046
0.04027079790830612
0.037021126598119736
0.028384201228618622
0.0085111940279603
0.04283954203128815
0.042037803679704666
0.0374511294066906
0.05269361287355423
0.0714208334684372
0.022167684510350227
0.034574493765830994
0.028022807091474533
0.010020224377512932
0.03051481954753399
0.435678631067276
0.018906768411397934
0.06644067168235779
0.010421469807624817
0.09126847982406616
0.026632491499185562
0.1398005187511444
0.014191747643053532
0.09590256214141846
0.040827881544828415
0.5399473905563354
0.08633658289909363
0.009675291366875172
0.06783217191696167
0.002355691511183977
0.4687008559703827
0.05085008591413498
0.01328189391642809
0.020838815718889236
0.10576527565717697
0.06572775542736053
0.07529903203248978
0.10266730189323425
0.13967853784561157
0.03686416894197464
0.03553895652294159
0.028116103261709213
0.052255261689424515
0.0586678683757782
0.0012495173141360283
0.026393797248601913
0.08252211660146713
0.08318579196929932
0.005137207917869091
0.12250575423240662
0.03660585731267929
0.03491100296378136
0.011795545928180218
0.04573556035757065
0.08724618703126907
0.173395574092865
0.030648542568087578
0.07409647107124329
0.07192809879779816
0.05245017260313034
0.04146762192249298
0.04751688241958618
0.15606598556041718
0.03366211801767349
0.08630090206861496
0.09452317655086517
0.048629507422447205
0.09139371663331985
0.03392048180103302
0.03196471929550171
0.021648745983839035
0.03168949857354164
0.07060851901769638
0.010134682059288025
0.033272307366132736
0.057200510054826736
0.048442646861076355
0.09359970688819885
0.0586644783616066
0.02055453322827816
8.893039193935692e-05
0.058102935552597046
0.012283582240343094
0.23491458594799042
0.04651229456067085
0.04436543211340904
0.0024112598039209843
0.09694189578294754
0.008425191044807434
0.19287623465061188
0.09261422604322433
0.09904676675796509
0.15112483501434326
0.03600086271762848
0.08534199744462967
0.08905312418937683
0.05443417653441429
0.11400263756513596
0.05396677926182747
0.08267348259687424
0.01410391554236412
0.03790087252855301
0.031719744205474854
0.03637471795082092
0.013134229928255081
0.05375990271568298
0.019534511491656303
0.8647736310958862
0.048358313739299774
0.0029228958301246166
0.047622065991163254
0.0723349004983902
0.04012473300099373
0.049280501902103424
0.014558695256710052
0.04935093969106674
0.06658051908016205
0.10531549155712128
0.013652670197188854
0.08061422407627106
0.036487508565187454
0.1855824887752533
0.009280549362301826
0.13304850459098816
0.1015368327498436
0.10173855721950531
0.038841623812913895
0.024483615532517433
0.06701617687940598
0.036467209458351135
0.00483043072745204
0.07344481348991394
0.05111294239759445
0.048800278455019
0.034783296287059784
0.0942455604672432
0.09738612920045853
0.08648031949996948
0.007171642500907183
0.08684168756008148
0.030483417212963104
0.002529823686927557
0.027630187571048737
0.03690236434340477
0.03331506997346878
0.015828615054488182
0.012560253962874413
0.06546148657798767
0.0203692764043808
0.024107977747917175
0.03236803784966469
0.07777202129364014
0.08187501132488251
0.0014042562106624246
0.045849163085222244
0.060557495802640915
0.03942397981882095
0.04727480560541153
0.06617525219917297
0.08060692250728607
0.06345676630735397
0.021261148154735565
0.019321929663419724
0.10533727705478668
0.1417708843946457
0.03241206705570221
0.0278643649071455
0.04131514951586723
0.021824337542057037
0.05886039510369301
0.20914621651172638
0.06281667947769165
0.0023369952104985714
0.022149814292788506
0.013681317679584026
0.028920337557792664
0.053164783865213394
0.3370135426521301
0.056551042944192886
0.0702267736196518
0.14214570820331573
0.006848156452178955
0.027112990617752075
0.030040886253118515
0.002394538139924407
0.03229339420795441
0.04786285385489464
0.08714313060045242
0.03807634115219116
0.08477459847927094
0.06197918951511383
0.023476727306842804
0.08263221383094788
0.06707480549812317
0.024134960025548935
0.036450766026973724
0.00591769814491272
0.043869514018297195
0.07744121551513672
0.08005204051733017
0.08483321219682693
0.007527392357587814
0.07119251042604446
0.07410287857055664
0.05279714614152908
0.08400419354438782
0.05869489908218384
0.09738559275865555
0.009774869307875633
0.03585892915725708
0.02472151629626751
0.07926148921251297
0.03004058636724949
0.05524105206131935
0.10912931710481644
0.05284222215414047
0.10329721868038177
0.04577058181166649
0.005311337299644947
0.0017699527088552713
0.09393636137247086
0.02332579344511032
0.07171541452407837
0.10309141129255295
0.06685348600149155
0.026431329548358917
0.0037511170376092196
0.09018927067518234
0.05928284674882889
0.0021867535542696714
0.05003371834754944
0.07467001676559448
0.0888666883111
0.05912207439541817
0.012817973271012306
0.04766106605529785
0.0491621308028698
0.06221573427319527
0.0619441457092762
0.3127594292163849
0.12012559175491333
0.11960967630147934
0.06759412586688995
0.06412626802921295
0.02945037931203842
0.05696794018149376
0.056562334299087524
0.03269265592098236
0.0891975536942482
0.08270401507616043
0.01162729412317276
0.08743524551391602
0.0444374606013298
0.048066891729831696
0.08135060966014862
0.037592772394418716
0.5939459800720215
0.02259809523820877
0.01810283772647381
0.03373909369111061
0.02257431671023369
0.130350261926651
0.055623266845941544
0.015043153427541256
0.050162628293037415
0.008622606284916401
0.015967490151524544
0.027284197509288788
0.08387892693281174
0.026879189535975456
0.1293492317199707
0.028999170288443565
0.043716274201869965
0.06187687814235687
0.06381331384181976
0.03709220886230469
0.005692257545888424
0.051354385912418365
0.08864302188158035
0.07158762961626053
0.10213947296142578
0.0023203003220260143
0.0396374873816967
0.03936395049095154
0.08581138402223587
0.2558004856109619
0.07133269309997559
0.030334744602441788
0.1506018340587616
0.20550484955310822
0.0883292406797409
0.15180319547653198
0.15488234162330627
0.14243195950984955
0.002962172497063875
0.00713893910869956
0.02088320627808571
0.15489250421524048
0.05617119371891022
0.21076464653015137
0.06228578835725784
0.19008208811283112
0.0024109771475195885
0.04893333092331886
0.08020995557308197
0.24406708776950836
0.14179949462413788
0.04963560029864311
0.02118627540767193
0.08758145570755005
0.06351447105407715
0.03493718057870865
0.04270999878644943
0.0016803450416773558
0.05977317690849304
0.044275566935539246
0.050013329833745956
0.04562566801905632
0.12765933573246002
0.07926058769226074
0.0991475060582161
0.055363092571496964
0.06455130875110626
0.009726393967866898
0.03346409276127815
0.07029787451028824
0.054804958403110504
0.0018710240256041288
0.014539019204676151
0.006184163969010115
0.07626780867576599
0.12157592922449112
0.11313870549201965
0.09938395023345947
0.03816336765885353
0.11536192148923874
0.07378236949443817
0.061803437769412994
0.09050512313842773
0.21858440339565277
0.003389088436961174
0.10455802083015442
0.05744420737028122
0.0506390705704689
0.06111587584018707
0.15360325574874878
0.03455961495637894
0.0536133274435997
0.01787358522415161
0.04591590538620949
0.1644909828901291
0.06195630505681038
0.07269925624132156
0.06712441146373749
0.01657843217253685
0.07399068772792816
0.150664284825325
0.11429980397224426
0.08779138326644897
0.09726729989051819
0.030437229201197624
0.003733225166797638
0.018552266061306
0.04687466099858284
0.07117890566587448
0.0877714529633522
0.03943542391061783
0.07391615211963654
0.07243221253156662
0.022299950942397118
0.07680155336856842
0.03285631164908409
0.027069082483649254
0.10132468491792679
0.043874721974134445
0.0015758743975311518
0.08409590274095535
0.039645466953516006
0.03745649382472038
1.096398949623108
0.14812181890010834
0.036020901054143906
0.2162504941225052
0.01615399494767189
0.08249655365943909
0.033362701535224915
0.05075753480195999
0.026132408529520035
0.03453465551137924
0.057012978941202164
0.03744687885046005
0.05266016721725464
0.09911166876554489
0.013500655069947243
0.011135729029774666
0.13373638689517975
0.13253991305828094
0.05707262456417084
0.23557321727275848
0.0014600803842768073
0.06435953825712204
0.10916844010353088
0.05505950003862381
0.00433751568198204
0.015010593459010124
0.06782186776399612
0.03032582998275757
0.0757824257016182
0.04549796134233475
0.07165859639644623
0.05480067431926727
0.14137738943099976
0.09248915314674377
0.025529269129037857
0.03372858464717865
0.04076208919286728
0.026860177516937256
0.04728474095463753
0.0356728732585907
0.027180857956409454
0.18482926487922668
0.35289737582206726
0.10142479836940765
0.030977558344602585
0.021336695179343224
0.02872592583298683
0.01725727505981922
0.09286779910326004
0.10138101875782013
0.06391844898462296
0.04341651871800423
0.1208275854587555
0.008053427562117577
0.04407409578561783
0.03587909787893295
0.1419467031955719
0.08286691457033157
0.03729968145489693
0.06990612298250198
0.03689618781208992
0.053167205303907394
0.04321824386715889
0.057616136968135834
0.05135378986597061
0.01212860643863678
0.10494816303253174
0.0290643610060215
0.3194954991340637
0.01779184490442276
0.10142313688993454
0.13669276237487793
0.05782745033502579
0.009123892523348331
0.04028257727622986
0.21090394258499146
0.03830152377486229
0.040090762078762054
0.04918571189045906
0.04963400959968567
0.031643956899642944
0.030915193259716034
0.1414116472005844
0.0033055783715099096
0.07505615800619125
0.021970758214592934
0.06525931507349014
0.05062605068087578
0.03274165093898773
0.06417029350996017
0.2972608804702759
0.03716575354337692
0.049585048109292984
0.03239493817090988
0.09506270289421082
0.04994881525635719
0.3070272207260132
0.041661277413368225
0.048039425164461136
0.042433761060237885
0.36451098322868347
0.10558660328388214
0.03892405703663826
0.03936600685119629
0.07841569930315018
0.024747006595134735
0.02076241560280323
0.03149581700563431
0.35348546504974365
0.07097404450178146
0.034450650215148926
0.21826718747615814
0.09687327593564987
0.048554886132478714
0.06532271206378937
0.0609976127743721
0.03680794686079025
0.030890818685293198
0.09546411782503128
0.049383051693439484
0.07262018322944641
0.06686513125896454
0.04038599506020546
0.04867696762084961
0.04485764726996422
0.08421409130096436
0.015888545662164688
0.020590253174304962
0.14031557738780975
0.045515548437833786
0.027453329414129257
0.08662710338830948
0.027771173045039177
0.0902896299958229
0.035750120878219604
0.029668837785720825
0.08176003396511078
0.0835922583937645
0.0015264315297827125
0.11047656089067459
0.04148823022842407
0.08065231889486313
0.07582567632198334
0.03195250779390335
0.1180511862039566
0.01329638622701168
0.041914116591215134
0.12301092594861984
12.285920143127441
0.11448401212692261
0.05976759269833565
0.037282463163137436
0.0721881091594696
0.0415506586432457
0.020282229408621788
0.003466840134933591
0.07378347218036652
0.04701683297753334
0.028386222198605537
0.012153624556958675
0.1203523576259613
0.035608090460300446
0.033690471202135086
0.0016215447103604674
0.012621255591511726
0.052960872650146484
0.11048783361911774
0.001261739176698029
0.09916176646947861
0.08149956911802292
0.08746226876974106
0.05282576009631157
0.43575429916381836
0.037214476615190506
0.06035763397812843
0.11148342490196228
0.03355242684483528
0.07497385889291763
0.11180423200130463
0.004676961340010166
0.026981422677636147
0.00446790037676692
0.017724892124533653
0.05179818719625473
0.043950311839580536
0.0013151533203199506
0.09683801233768463
0.16782961785793304
0.050704631954431534
0.051102519035339355
0.025903720408678055
0.005072108935564756
0.07504846155643463
0.037138208746910095
0.09607355296611786
0.045978792011737823
0.05288061499595642
0.10127530992031097
0.04898788779973984
0.019879544153809547
0.016424719244241714
0.04422646015882492
0.07556082308292389
0.09832806140184402
0.060635052621364594
0.043868985027074814
0.06357192248106003
0.017370963469147682
0.04864368960261345
0.03540399298071861
0.15494346618652344
0.05160940811038017
0.027369052171707153
0.035562872886657715
0.3761155903339386
0.04842545464634895
0.0364144891500473
0.029185116291046143
0.043701883405447006
0.103770911693573
0.11307947337627411
0.05392418056726456
0.062198393046855927
0.07528078556060791
0.019306467846035957
0.27800071239471436
0.03658716753125191
0.03364374861121178
0.1202058494091034
0.018317297101020813
0.048776112496852875
0.0941300094127655
0.012697696685791016
0.10010503232479095
0.2385091930627823
0.02864772640168667
0.12184502184391022
0.06821559369564056
0.00719459867104888
0.0018840850098058581
0.07114899158477783
0.059500303119421005
0.02820136770606041
0.06601306051015854
0.057433657348155975
0.028475727885961533
0.03713277727365494
0.023788824677467346
0.06966947019100189
0.07344110310077667
0.0744442418217659
0.17377932369709015
0.06700606644153595
0.06557592004537582
0.11712826043367386
0.02165239490568638
0.10712702572345734
0.03924441337585449
0.12321021407842636
0.01782062277197838
0.037340037524700165
0.0022033504210412502
0.06234455108642578
0.004521046299487352
0.08430930972099304
0.001615246757864952
0.15453602373600006
0.12149026989936829
0.016247523948550224
0.03724260255694389
0.13272511959075928
0.061487458646297455
0.04732679948210716
0.06662923842668533
0.1811402142047882
0.03195010870695114
0.03864171728491783
0.03709705173969269
0.05097556486725807
0.09628710895776749
0.06685294210910797
0.10856117308139801
0.035776738077402115
0.013626951724290848
0.022984806448221207
0.020499402657151222
0.042700838297605515
0.06538601219654083
0.0014112602220848203
0.06180638074874878
0.009780162945389748
0.05864740163087845
0.04522911459207535
0.03852168470621109
0.033430315554142
0.031688060611486435
0.4673985540866852
0.02600611373782158
0.12215977162122726
0.026006707921624184
0.03470730781555176
0.022721339017152786
0.5637064576148987
0.019374065101146698
0.051343124359846115
0.029605209827423096
0.04360942170023918
0.05829526484012604
0.07905175536870956
0.03422617167234421
0.026240263134241104
0.1243182048201561
0.08791042864322662
0.07828386127948761
0.04336453229188919
0.06787528097629547
0.029921889305114746
0.08583399653434753
0.07201787084341049
0.043889157474040985
0.2348097860813141
0.29510611295700073
0.050438642501831055
0.05023203045129776
0.08050892502069473
0.18710477650165558
0.03243699297308922
0.03722427040338516
0.002581511391326785
0.07380808144807816
0.07489215582609177
0.020869513973593712
0.035524968057870865
0.027935830876231194
0.031170319765806198
0.09945786744356155
0.043988555669784546
0.04684389382600784
0.017722271382808685
0.027885224670171738
0.07272782176733017
0.041640158742666245
0.07727095484733582
0.03329308331012726
0.07211048901081085
0.06445807963609695
0.06474756449460983
0.03290126100182533
0.05543223395943642
0.06908838450908661
0.05023254454135895
0.0495828278362751
0.20383106172084808
0.1529768705368042
0.15355892479419708
0.10405344516038895
0.10391887277364731
0.0048259105533361435
0.3440279960632324
0.0032087599392980337
0.182090625166893
0.025805501267313957
0.02267157845199108
0.11386758834123611
0.08759820461273193
0.0195162370800972
0.05238162353634834
0.06797324120998383
0.110186368227005
0.014864262193441391
0.04559198021888733
0.051604706794023514
0.024399511516094208
0.043087102472782135
0.02216138318181038
0.06726071238517761
0.0676388144493103
0.0044704582542181015
0.03889841213822365
0.0634535476565361
0.0335095040500164
0.016427526250481606
0.05997403338551521
1.093408465385437
0.07300648838281631
0.038542523980140686
0.050465140491724014
0.06267465651035309
0.04729360342025757
0.04445672407746315
0.06391924619674683
0.0640302449464798
0.027665242552757263
0.0027667819522321224
0.006661101244390011
0.14402425289154053
0.030582258477807045
0.0027111107483506203
0.05515860393643379
0.07297638803720474
0.13876082003116608
0.015970973297953606
0.09768186509609222
0.024809887632727623
0.0221412293612957
0.09539496898651123
0.11759823560714722
0.056262288242578506
0.1690772920846939
0.07206512987613678
0.041142117232084274
0.034311529248952866
0.033273667097091675
0.027177168056368828
0.0035183290019631386
0.0442439541220665
0.09201551973819733
0.1051693856716156
0.03809367120265961
0.07512093335390091
0.03823179006576538
0.028128383681178093
0.05149952322244644
0.0431927926838398
0.02939419075846672
0.03201659396290779
0.08427927643060684
0.023905279114842415
0.04940127208828926
0.12477357685565948
0.002952203154563904
0.09684804081916809
0.041830819100141525
0.001297494163736701
0.11083142459392548
0.04753023013472557
0.0013611940667033195
0.02135021984577179
0.023611487820744514
0.05308973044157028
0.10821988433599472
0.29490822553634644
0.04674060270190239
0.08423782885074615
0.10264615714550018
0.06898890435695648
0.014530522748827934
0.08288177847862244
0.0656856819987297
0.09412939846515656
0.015114343725144863
0.02802920714020729
0.003331074258312583
0.09288518875837326
0.05570477992296219
0.26700252294540405
0.06784432381391525
0.024445926770567894
0.0744103193283081
0.033360376954078674
0.04920738562941551
0.05886544659733772
0.07751418650150299
0.14144571125507355
0.1314709335565567
0.5432527661323547
0.04692434147000313
0.038789939135313034
0.0774274468421936
0.11157096177339554
0.1678796112537384
0.1417069137096405
0.06276923418045044
0.08767396211624146
0.07864443957805634
0.0987287387251854
0.24552418291568756
0.10469955950975418
0.09192893654108047
0.04028881713747978
0.02973812259733677
0.03035266324877739
0.07938171923160553
0.03121524676680565
0.021728912368416786
0.0417105071246624
0.1141124963760376
0.10513235628604889
0.15829534828662872
0.09556664526462555
0.04383956268429756
0.036799654364585876
0.00237628654576838
0.047277431935071945
0.22225967049598694
0.08943399786949158
0.0852065160870552
0.029680553823709488
0.029476439580321312
0.026821965351700783
0.09856896102428436
0.18667341768741608
0.1245344951748848
0.0817791000008583
0.03449641913175583
0.050116442143917084
0.14636999368667603
0.028550276532769203
0.34059202671051025
0.1216202825307846
0.06076086685061455
0.09642940014600754
0.06630954146385193
0.044443320482969284
0.06928487122058868
0.040636058896780014
0.06015333533287048
0.09791179746389389
0.025073571130633354
0.01922190561890602
0.03165625035762787
0.13961973786354065
0.07027788460254669
0.04479270428419113
0.0021850159391760826
0.14990577101707458
0.05493803694844246
0.2036731243133545
0.08472497016191483
0.045699551701545715
0.034881602972745895
0.07480879127979279
0.20970569550991058
0.041431743651628494
0.06124594062566757
0.10278011113405228
0.08290500938892365
0.05883384868502617
0.05295679345726967
0.03970786929130554
0.031630244106054306
0.1250590980052948
0.06437578797340393
0.0011369776912033558
0.04820891097187996
0.13102363049983978
0.09237271547317505
0.0028639906086027622
0.02860105037689209
0.017376897856593132
0.07295531034469604
0.05465923994779587
0.17924177646636963
0.17121034860610962
0.10506857931613922
0.09972581267356873
0.05474197119474411
0.05824391916394234
0.10278614610433578
0.031124573200941086
0.05571172758936882
0.04923462122678757
0.10717961937189102
0.0693073645234108
0.02873956970870495
0.365514874458313
0.0820491835474968
0.1253543496131897
0.043083660304546356
0.04929472878575325
0.09947657585144043
0.03197527304291725
0.0850859060883522
0.04995093122124672
0.020512783899903297
0.046805404126644135
0.07388538867235184
0.048313871026039124
0.0513332299888134
0.09357184916734695
0.0033493118826299906
0.1226745992898941
0.1122107058763504
0.0520738884806633
0.04886641725897789
0.02703520655632019
0.06537552922964096
0.01919940859079361
0.01024157926440239
0.09586601704359055
0.062157608568668365
0.0016775798285380006
0.015589969232678413
0.032211609184741974
0.029425041750073433
0.05953662469983101
0.09924783557653427
0.07266389578580856
0.053871508687734604
0.10980018228292465
0.07912174612283707
0.17734497785568237
0.041173264384269714
0.13611948490142822
0.0662459209561348
0.0333678238093853
0.0738978236913681
0.027394268661737442
0.03386585786938667
0.06612558662891388
0.03320655971765518
0.08067981898784637
0.05608898401260376
0.45996391773223877
0.06277285516262054
0.0364382266998291
0.06836845725774765
0.22379335761070251
0.02322499081492424
0.03626783937215805
0.01330600492656231
0.20043638348579407
0.13003405928611755
0.10903014242649078
0.6801628470420837
0.06822244822978973
0.054949626326560974
0.0378369577229023
0.08915793895721436
0.0012810071930289268
0.06933525204658508
0.06048713997006416
0.01869800128042698
0.06642141938209534
0.052200376987457275
0.085313580930233
0.1033211201429367
0.05363309383392334
0.05457643046975136
0.09224254637956619
0.054388150572776794
0.048129498958587646
0.07791077345609665
0.02330387569963932
0.04881412535905838
0.15629218518733978
0.031063193455338478
0.039259329438209534
0.06419414281845093
0.04559263586997986
0.026515519246459007
0.06946180760860443
0.002356493379920721
0.07823120057582855
0.13743121922016144
0.04453006386756897
0.09903457015752792
0.07291017472743988
0.0011706087971106172
0.08193372935056686
0.10404287278652191
0.21883371472358704
0.02669466659426689
0.08830909430980682
0.1028122827410698
0.06254398077726364
0.051047250628471375
0.037018198519945145
0.048703424632549286
0.06896337121725082
0.017461221665143967
0.018187390640378
0.004461946897208691
0.0065333228558301926
0.029630932956933975
0.059022076427936554
0.13819245994091034
0.0976691022515297
0.006127391010522842
0.07922303676605225
0.10334586352109909
0.05378059297800064
0.014160070568323135
0.08401266485452652
0.10644431412220001
0.029602879658341408
0.04916130006313324
0.08474477380514145
0.07367562502622604
0.0017177355475723743
0.02118082344532013
0.055960074067115784
0.06761607527732849
0.06640154123306274
0.0509721040725708
0.10311317443847656
0.01787569187581539
0.016419751569628716
0.052731115370988846
0.11127220839262009
0.05641936883330345
0.013545051217079163
0.01006541308015585
0.024194322526454926
0.10231173783540726
0.016165459528565407
0.12796911597251892
0.1007319837808609
0.06807253509759903
0.01694505847990513
0.09831562638282776
0.00202470482327044
0.09055063873529434
0.20020781457424164
0.03728507086634636
0.3765416145324707
0.03856887295842171
0.07791547477245331
0.16089163720607758
0.8183866143226624
0.08796868473291397
0.08914182335138321
0.009115633554756641
0.00912514142692089
0.04019293934106827
0.08892699331045151
0.12396427989006042
0.03316572681069374
0.05747934430837631
0.14502578973770142
0.5045208930969238
0.013812761753797531
0.08934987336397171
0.07578510791063309
0.06306986510753632
0.022202957421541214
0.03884173184633255
0.034060038626194
0.13484762609004974
0.016606532037258148
0.03701305761933327
0.0014340970665216446
0.05669427290558815
0.0492207333445549
0.06310310959815979
0.001366879092529416
0.0993017628788948
0.07436458766460419
0.027880514040589333
0.07873532921075821
0.07578229159116745
0.07828903943300247
0.05803409218788147
0.05385487899184227
0.027159010991454124
0.0063139828853309155
0.0016477251192554832
0.08878712356090546
0.07443985342979431
0.06648746132850647
0.09150780737400055
0.01079620886594057
0.08212462067604065
0.08976776152849197
0.06613386422395706
0.010330538265407085
0.02335568703711033
0.003737873397767544
0.011432765051722527
0.16293200850486755
0.07159115374088287
0.01338006928563118
0.011055690236389637
0.04373565688729286
0.10575591772794724
0.04405754804611206
0.005514437332749367
0.7408539056777954
0.03089764714241028
0.1089988499879837
0.03116251528263092
0.07026757299900055
0.10993985086679459
0.08486226201057434
0.019074194133281708
0.040530912578105927
0.0014982189750298858
0.03155573457479477
0.37777674198150635
0.07150501757860184
0.04604068398475647
0.015512727200984955
0.04650912061333656
0.10924617946147919
0.054138727486133575
0.027033638209104538
0.06791677325963974
0.05123347043991089
0.024289391934871674
0.039102986454963684
0.04837612807750702
0.031033804640173912
0.028117896988987923
0.0475802905857563
0.03872334212064743
0.03221873566508293
0.01556236483156681
0.3124907910823822
0.0974198579788208
0.05143877863883972
0.014335175976157188
0.609216034412384
0.07848317176103592
0.1089949756860733
0.004515620414167643
0.03840998187661171
0.004104659892618656
0.0019307362381368876
0.19285644590854645
0.13662245869636536
0.021017342805862427
0.08821813017129898
0.10677890479564667
0.06737150251865387
0.03066638857126236
0.05200422927737236
0.0807529017329216
0.04235909879207611
0.05157836526632309
0.03875989094376564
0.042158640921115875
0.05570169910788536
0.014446216635406017
0.036723364144563675
0.03079594299197197
0.1728026568889618
0.12395820766687393
0.04266893491148949
0.08669242262840271
0.054742299020290375
0.039801109582185745
0.04762302711606026
0.005266941152513027
0.02656734734773636
0.021007046103477478
0.058620989322662354
0.029344163835048676
0.07282780110836029
0.07592702656984329
0.09172885119915009
0.07061232626438141
0.11118117719888687
0.06254012882709503
0.04139610752463341
0.020970294252038002
0.021962029859423637
0.08007138222455978
0.11303941160440445
0.05542837828397751
0.341257244348526
0.023570667952299118
0.07649502903223038
0.024534499272704124
0.03396759554743767
0.04592910781502724
0.04113388434052467
0.05225391685962677
0.04973842203617096
0.10349036753177643
0.10868137329816818
0.022299377247691154
0.060260109603405
0.1227288693189621
0.030191652476787567
0.03396227955818176
0.3269217312335968
0.035605184733867645
0.04004107043147087
0.0680798813700676
0.15827077627182007
0.0034668894950300455
0.030515238642692566
0.06846475601196289
0.031217293813824654
0.026348112151026726
0.031215164810419083
0.04297947138547897
0.055850882083177567
0.04557357728481293
0.0035973372869193554
0.13701194524765015
0.03271203115582466
0.05519913136959076
0.034384049475193024
0.06401556730270386
0.014910940080881119
0.09365582466125488
0.08428897708654404
0.03176385164260864
0.03873855248093605
0.04668886587023735
0.08073725551366806
0.15680892765522003
0.34077322483062744
0.45548588037490845
0.007206320762634277
0.038753051310777664
0.0015581760089844465
0.05751924589276314
0.11109001189470291
0.07005034387111664
0.018678495660424232
0.3373429477214813
0.09707476198673248
0.04607314243912697
0.04021793603897095
0.017672056332230568
0.015509343706071377
0.07898662239313126
0.034066081047058105
0.06852035224437714
0.05198483169078827
0.06272640824317932
0.0019324789755046368
0.07880301028490067
0.04629885032773018
0.027630824595689774
0.0400422066450119
0.08950178325176239
0.03516717627644539
0.006680441554635763
0.07878829538822174
0.027702128514647484
0.036432743072509766
0.017926864326000214
0.12182892858982086
0.055774182081222534
0.0339951366186142
0.07775768637657166
0.07389558106660843
0.06436369568109512
0.03920075297355652
0.004114571027457714
0.05106819421052933
0.0998372882604599
0.04048891365528107
0.044136762619018555
0.016014238819479942
0.031864434480667114
0.051665306091308594
0.03149229288101196
0.043035149574279785
0.06466259062290192
0.12262359261512756
0.0711909830570221
0.035653822124004364
0.03506145998835564
0.13042645156383514
0.03465396910905838
0.2752765119075775
0.022238217294216156
0.14865118265151978
0.07707177847623825
0.026921117678284645
0.00255857827141881
0.02781226858496666
0.1593790203332901
0.08147803694009781
0.03870663046836853
0.0017981056589633226
0.10620145499706268
0.042343929409980774
0.0008880552486516535
0.04098838195204735
0.0732288807630539
0.03761523216962814
0.0038711773231625557
0.08403362333774567
0.09366529434919357
0.06646396219730377
0.01242856029421091
0.03925486281514168
0.04094570130109787
0.022562457248568535
0.04666512832045555
0.04010394960641861
0.0318765752017498
0.03974098339676857
0.012901116162538528
0.059108130633831024
0.11351101100444794
0.12147313356399536
0.10723665356636047
0.041635993868112564
0.0378258191049099
0.08581322431564331
0.0011209961958229542
0.01477570366114378
0.0032400949858129025
0.05648941174149513
0.032232072204351425
0.07289844006299973
0.05649026855826378
0.033365264534950256
0.12207459658384323
0.06535609811544418
0.049544740468263626
0.05080109462141991
0.040388721972703934
0.055359337478876114
0.08266615122556686
0.051751092076301575
0.03495661914348602
0.20732633769512177
0.020748721435666084
0.023447075858712196
0.10248733311891556
0.028733856976032257
0.04794710502028465
0.02893669344484806
0.09281621128320694
0.04074106365442276
0.023024078458547592
0.050837017595767975
0.06036099046468735
0.03614028915762901
0.050795916467905045
0.06138373166322708
0.014244737103581429
0.0033783132676035166
0.30037251114845276
0.04502280801534653
0.0370759479701519
0.04893529415130615
0.006879928521811962
0.23618148267269135
0.06669479608535767
0.038118865340948105
0.06163324788212776
0.004520650487393141
0.057085540145635605
0.03082333691418171
0.021130386739969254
0.042525142431259155
0.051062628626823425
0.04484359174966812
0.35920658707618713
0.009879372082650661
0.025903135538101196
0.06600862741470337
0.09138360619544983
0.08256520330905914
0.01910608634352684
0.07204440236091614
0.03500799834728241
0.060749251395463943
0.03705423325300217
0.08547324687242508
0.07743117213249207
0.13407818973064423
0.14824096858501434
0.047701314091682434
0.14808325469493866
0.1976822465658188
0.09163858741521835
0.045328766107559204
0.0768326073884964
0.05294213816523552
0.11817154288291931
0.04214710742235184
0.05808109790086746
0.0016454842407256365
0.07818762958049774
0.24404379725456238
0.045095548033714294
0.03387285768985748
0.11446873098611832
0.048035211861133575
0.06050291284918785
0.17359335720539093
0.049030303955078125
0.04798780754208565
0.04312264919281006
0.06485041230916977
0.04317963123321533
0.03853371739387512
0.07310696691274643
0.06256803870201111
0.14665815234184265
0.09569195657968521
0.04425082728266716
0.09514111280441284
0.028160851448774338
0.10675767064094543
0.13042187690734863
0.015708953142166138
0.007180056069046259
0.07525910437107086
0.036452945321798325
0.01619596965610981
0.05564941465854645
0.027643509209156036
0.09792019426822662
0.01897183246910572
0.05909264460206032
0.02761109173297882
0.06698165833950043
0.016629409044981003
0.0676083192229271
0.029727233573794365
0.029929660260677338
0.041615262627601624
0.04696308448910713
0.15869413316249847
0.0742899477481842
0.08067502826452255
0.09267879277467728
0.02232939749956131
0.04194221645593643
0.038215432316064835
0.014873077161610126
0.06630288064479828
0.03071032650768757
0.115015409886837
0.02767391875386238
0.026780230924487114
0.045733995735645294
0.003602238604798913
0.0016357722925022244
0.06306090950965881
0.0674474686384201
0.04910344257950783
0.037064455449581146
0.08502856642007828
0.033957965672016144
0.01499318890273571
0.021868055686354637
0.26704803109169006
0.03699056804180145
0.04430665448307991
0.058370862156152725
0.06129031628370285
0.09424275159835815
0.02164308726787567
0.09159813076257706
0.38071995973587036
0.01742919161915779
0.003751852083951235
0.00509869446977973
0.033051807433366776
0.03479086235165596
0.07162309437990189
0.014179438352584839
0.020356453955173492
0.02909150905907154
0.124615378677845
0.07001569867134094
0.06032818183302879
0.04197943955659866
0.0630616843700409
0.05816331505775452
0.0397142730653286
0.059427812695503235
0.02961239032447338
0.03889888897538185
0.22201299667358398
0.04227117821574211
0.028902612626552582
0.09957309812307358
0.04870030656456947
0.04660657420754433
0.08806198835372925
0.20312371850013733
0.010953100398182869
0.031051350757479668
0.011835901066660881
0.02561860904097557
0.05989661067724228
0.01368640549480915
0.08141609281301498
0.09751088172197342
0.03411488980054855
0.054030969738960266
0.04711035266518593
0.03802347183227539
0.09072961658239365
0.05911406874656677
0.04867853224277496
0.06985793262720108
0.0492929182946682
0.061769239604473114
0.15110191702842712
0.46269968152046204
0.03637116029858589
0.06378783285617828
0.24207845330238342
0.009911996312439442
0.07193183898925781
0.059090230613946915
0.16569675505161285
0.05992729961872101
0.11391837149858475
0.029704811051487923
0.07112082839012146
0.007686312776058912
0.06997951120138168
0.022491099312901497
0.05694287642836571
0.024843111634254456
0.030206389725208282
0.06814749538898468
0.10076798498630524
0.025447027757763863
0.0790446549654007
0.08742625266313553
0.0021875184029340744
0.01801280863583088
0.1328158676624298
0.01986405812203884
0.06466413289308548
0.07214765250682831
0.04504922777414322
0.0030022873543202877
0.07011344283819199
0.07946817576885223
0.047131702303886414
0.034848377108573914
0.020264536142349243
0.16213242709636688
0.0007411211263388395
0.033040206879377365
0.014575627632439137
0.03214356303215027
0.2223607450723648
0.3241424262523651
0.07470245659351349
0.020807500928640366
0.020211754366755486
0.11180924624204636
0.08423305302858353
0.011952477507293224
0.02867085300385952
0.08656761795282364
0.08510907739400864
0.025525711476802826
0.014259826391935349
0.025503220036625862
0.009959829971194267
0.004658558871597052
0.018825175240635872
0.06733167171478271
0.04593653976917267
0.10847454518079758
0.23556073009967804
0.1192428469657898
0.012303400784730911
0.09606891870498657
0.025077780708670616
0.035813186317682266
0.08766789734363556
0.09836728870868683
0.03695147484540939
0.05881424993276596
0.0952669084072113
0.07250573486089706
0.02934219315648079
0.04548114910721779
0.08224757015705109
0.06357455998659134
0.06919263303279877
0.039996106177568436
0.057288967072963715
0.0017330453265458345
0.0010675090597942472
0.04272002726793289
0.027438752353191376
0.021406687796115875
0.10874685645103455
0.0011165448231622577
0.03761929273605347
0.04968031495809555
0.07763224840164185
0.002540573012083769
0.03514300286769867
0.05501876398921013
0.02834068238735199
0.13945139944553375
0.0008875812054611742
0.043202150613069534
0.00719493767246604
0.06949760019779205
0.13430777192115784
0.06092090904712677
0.044813886284828186
0.11872560530900955
0.1573779135942459
0.09433934092521667
0.06190730631351471
0.23394474387168884
0.2491627186536789
0.16976945102214813
0.005382520146667957
0.07594762742519379
0.03671231493353844
0.00978492945432663
0.06177935004234314
0.1445806622505188
0.052254561334848404
0.09569180011749268
0.04628889262676239
0.040838271379470825
0.07027661055326462
0.0017776003805920482
0.08941670507192612
0.08259468525648117
0.02485004812479019
0.021676717326045036
0.006463626399636269
0.047007083892822266
0.020294373854994774
0.03686903789639473
0.013478207401931286
0.05552215874195099
0.05868202820420265
0.13036884367465973
0.0011648392537608743
0.04602924361824989
0.03549854829907417
0.04016219079494476
0.06546501070261002
0.036364033818244934
0.04866700991988182
0.002156826900318265
0.03186812251806259
0.04110176861286163
0.04439268261194229
0.015321217477321625
0.006121694575995207
0.08790645748376846
0.16743138432502747
0.047486864030361176
0.06607281416654587
0.05153648555278778
0.10786768049001694
0.09177794307470322
0.05113866925239563
0.019494205713272095
0.051547709852457047
0.036064356565475464
0.009888620115816593
0.035187967121601105
0.05179537460207939
0.0742206797003746
0.03451421111822128
0.09826461225748062
0.024025730788707733
0.05002039670944214
0.05867317318916321
0.05260646343231201
0.07780062407255173
0.009169517084956169
0.12849068641662598
0.020642926916480064
0.052595555782318115
0.06132667884230614
0.07572560757398605
0.05147324502468109
0.12071924656629562
0.05188653990626335
0.00914919562637806
0.024150148034095764
0.05611787363886833
0.0244077630341053
0.049701470881700516
0.024244945496320724
0.05839962512254715
0.08495327830314636
0.06235304847359657
0.04619302973151207
0.07347787916660309
0.04774758964776993
0.08674756437540054
0.08111467957496643
0.02778908982872963
0.05236806347966194
0.05516032874584198
0.09048259258270264
0.05532656982541084
0.06473066657781601
0.02803833596408367
0.01153531763702631
0.3732445538043976
0.18750733137130737
0.0790618509054184
0.00614609569311142
0.0389423705637455
0.04581457003951073
0.11402248591184616
0.09666305780410767
0.05942323058843613
0.04148120805621147
0.3183452785015106
0.11419659107923508
0.436811625957489
0.007866143248975277
0.28906044363975525
0.037697792053222656
0.07570240646600723
0.07010979950428009
0.14667700231075287
0.033552009612321854
0.05829174071550369
0.05685167759656906
0.010945932939648628
0.15285056829452515
0.06040465459227562
0.03131098300218582
0.03197875991463661
0.47131049633026123
0.0919962003827095
0.09602627903223038
0.25540825724601746
0.023490654304623604
0.04394551366567612
0.03361479192972183
0.004669602960348129
0.08378657698631287
0.14690548181533813
0.053368691354990005
0.06566939502954483
0.22593802213668823
0.002618220169097185
0.04854622483253479
0.04955722764134407
0.07730042189359665
0.07438796758651733
0.030831145122647285
0.060448214411735535
0.01571192406117916
0.058728281408548355
0.07313313335180283
0.08483286201953888
0.06488730013370514
0.058562543243169785
0.05762539058923721
0.023403296247124672
0.11496541649103165
0.025849293917417526
0.002784952288493514
0.168055921792984
0.019915871322155
0.06126563623547554
0.0023707717191427946
0.08973564952611923
0.042462706565856934
0.054969582706689835
0.2828000783920288
0.05116138979792595
0.06285431236028671
0.025521062314510345
0.13231363892555237
0.13228392601013184
0.15930280089378357
0.01761949621140957
0.038834504783153534
0.011415412649512291
0.09068954735994339
0.0762489065527916
0.048747166991233826
0.477189302444458
0.04962281510233879
0.021682780236005783
0.05160876736044884
0.033345092087984085
0.07467971742153168
0.11028029024600983
0.04026205092668533
0.010789057239890099
0.04190050810575485
0.11557506769895554
0.012060259468853474
0.04298800602555275
0.029839014634490013
0.001390569843351841
0.0708773136138916
0.022856391966342926
0.07264214009046555
0.023671496659517288
0.03399185463786125
0.15992432832717896
0.001992993988096714
0.024863941594958305
0.015553046017885208
0.05424295365810394
0.00870515126734972
0.2265661060810089
0.08093037456274033
0.03610467165708542
0.17133012413978577
0.1463584005832672
0.05064969137310982
0.05568058416247368
0.014410127885639668
0.02611062116920948
0.1765928864479065
0.14330580830574036
0.12307186424732208
0.07584269344806671
0.04961395263671875
0.0407613143324852
0.04356466606259346
0.072225421667099
0.07807596027851105
0.041077639907598495
0.01893387921154499
0.07836824655532837
0.05098774656653404
0.04536264017224312
0.10495208948850632
0.10616989433765411
0.0676264762878418
0.0709708109498024
0.07975491881370544
0.07189656049013138
0.0751466304063797
0.03100098855793476
0.09371767193078995
0.06645233929157257
0.1045093759894371
0.07581214606761932
0.20376509428024292
0.07267408818006516
0.11957209557294846
0.028000803664326668
0.09690660238265991
0.04036826267838478
0.013768107630312443
0.09981302917003632
0.044715460389852524
0.07832220196723938
0.06526824086904526
0.027638651430606842
0.06871585547924042
0.0807417780160904
0.0625453069806099
0.03941037505865097
0.015505080111324787
0.017438720911741257
0.026987282559275627
1.2096682786941528
0.05467371270060539
0.10285694897174835
0.06096731498837471
0.033788006752729416
0.07515952736139297
0.039603110402822495
0.011010478250682354
0.023936189711093903
0.10894942283630371
0.05900771543383598
0.7122321724891663
0.014113388955593109
0.03341137245297432
0.048331260681152344
0.05905802175402641
0.046992503106594086
0.01912565715610981
0.052503444254398346
0.04014967754483223
0.10353074222803116
0.002803206443786621
0.008379986509680748
0.12844756245613098
0.04223679006099701
0.11884113401174545
0.04560511186718941
0.07489943504333496
0.054718200117349625
0.05624641850590706
0.055381543934345245
0.07849190384149551
0.028658349066972733
0.0626138299703598
0.06325243413448334
0.09861981123685837
0.13702690601348877
0.026539454236626625
0.8784489035606384
0.0027393961790949106
0.03409608080983162
0.0884806215763092
0.05475163459777832
0.05956745520234108
0.022654641419649124
0.047595467418432236
0.025099974125623703
0.02079622633755207
0.18643870949745178
0.044330403208732605
0.03228113055229187
0.06090692803263664
0.05704011395573616
0.03234562650322914
0.4121333062648773
0.059685174375772476
0.027101170271635056
0.04279130697250366
0.047649070620536804
0.041485659778118134
0.049008987843990326
0.08647732436656952
0.028130080550909042
0.054262783378362656
0.01533598080277443
0.04819236695766449
0.07077404111623764
0.6873812675476074
0.01803862303495407
0.031127162277698517
0.04151296988129616
0.08973395079374313
0.3650318682193756
0.05896599963307381
0.025402633473277092
0.2017378807067871
0.06574443727731705
0.0596393384039402
0.08966238796710968
0.09533464163541794
0.11731651425361633
0.021123312413692474
0.09801365435123444
0.06129448488354683
0.03353051096200943
0.08284643292427063
0.040650755167007446
0.002157130977138877
0.15182864665985107
0.051917169243097305
0.02508859895169735
0.06359808146953583
0.08019375056028366
0.03803810849785805
0.08116726577281952
0.018840257078409195
0.04428020492196083
0.056801289319992065
0.09094489365816116
0.04534348100423813
0.03388906270265579
0.0829315260052681
0.17941714823246002
0.030091838911175728
0.020757440477609634
0.03639085218310356
0.08887945860624313
0.06209404766559601
0.041204120963811874
0.24387897551059723
0.02506687305867672
0.008879062719643116
0.04632170498371124
0.05780559778213501
0.06032973900437355
0.1313544660806656
0.06565109640359879
0.011668205261230469
0.042255204170942307
0.013839783146977425
0.07835466414690018
0.0547022670507431
0.15584638714790344
0.11930494755506516
0.04766538366675377
0.03599728271365166
0.028817612677812576
0.051249660551548004
0.09072306752204895
0.6678575873374939
0.06625819951295853
0.001425472553819418
0.0075559611432254314
0.06711874157190323
0.07960830628871918
0.04072968289256096
0.059946540743112564
0.022661708295345306
0.0007663833093829453
0.15590991079807281
0.016437401995062828
0.0651630163192749
0.05166606977581978
0.06550069153308868
0.262113094329834
0.009546473622322083
0.01723015308380127
0.10397733002901077
0.03237493708729744
0.011206761002540588
0.1295679360628128
0.08769538998603821
0.0017838762141764164
0.017828959971666336
0.07816096395254135
0.054010018706321716
0.03624246269464493
0.030944839119911194
0.014031506143510342
0.04930052533745766
0.04006443917751312
0.072268545627594
0.049848366528749466
0.04902319982647896
0.0834885984659195
0.07424759119749069
0.03266594558954239
0.03403520584106445
0.060312364250421524
0.11554297059774399
0.03624758869409561
0.0518869012594223
0.05994945764541626
0.021587226539850235
0.005489683710038662
0.02784910425543785
0.06729395687580109
0.019666489213705063
0.04161018133163452
0.12650829553604126
0.07228314131498337
0.0021297577768564224
0.029405541718006134
0.1604240983724594
0.1630469560623169
0.0821082592010498
0.011121838353574276
0.06015223637223244
0.08073168992996216
0.04448172077536583
0.03718278184533119
0.07950729876756668
0.002140861237421632
0.04137837141752243
0.13472603261470795
0.06975796073675156
0.040707673877477646
0.020686477422714233
0.08540338277816772
0.06497891247272491
0.12332398444414139
0.0545467846095562
0.026357831433415413
0.03588775172829628
0.23925983905792236
0.009741324000060558
0.16171705722808838
0.07973062992095947
0.030838610604405403
0.03318648412823677
0.11358967423439026
0.07566182315349579
0.08364473283290863
0.04606180265545845
0.05501849949359894
0.1732412874698639
0.03972628712654114
0.026781180873513222
0.0174259003251791
0.06959249824285507
0.07231634855270386
0.031017161905765533
0.036404144018888474
0.029577061533927917
0.007455154322087765
0.03361557051539421
0.038209278136491776
0.034023068845272064
0.07926179468631744
0.054469283670186996
0.1354241669178009
0.05684984475374222
0.12309692054986954
0.0394359827041626
0.05376475676894188
0.03270307183265686
0.19729185104370117
0.03666817769408226
0.002747654914855957
0.08338617533445358
0.01748591475188732
0.06156328693032265
0.06474167108535767
0.0862235277891159
0.03544171527028084
0.2454647272825241
0.0011205002665519714
0.09919140487909317
0.059103116393089294
0.07941871881484985
0.01765776053071022
0.05139031261205673
0.024855731055140495
0.05219872295856476
0.03419465199112892
0.07000328600406647
0.04444149136543274
0.08427318185567856
0.07403742522001266
0.036626510322093964
0.06455790251493454
0.024393046274781227
0.06146523728966713
0.034419044852256775
0.030290711671113968
0.032830506563186646
0.051718756556510925
0.1815515011548996
0.1087321937084198
0.03385256975889206
0.07976778596639633
0.07891090214252472
0.035958223044872284
0.014469333924353123
0.056462470442056656
0.04198992997407913
0.06678786128759384
0.06378398835659027
0.0468548946082592
0.07243408262729645
0.07423768937587738
0.03179071098566055
0.04247128590941429
0.08014936745166779
0.04231298714876175
0.01975788176059723
0.023660728707909584
0.022067338228225708
0.044041503220796585
0.43439921736717224
0.01628013327717781
0.0052215284667909145
0.03520442917943001
0.13259562849998474
0.022275187075138092
0.021330270916223526
0.019994188100099564
0.0912698432803154
0.10876526683568954
0.056413646787405014
0.030713267624378204
0.04437630996108055
0.04451415315270424
0.03090665116906166
0.025764241814613342
0.012004388496279716
0.04331593215465546
0.08242832869291306
0.08893866091966629
0.0739058181643486
0.030205098912119865
0.08729791641235352
0.06593871861696243
0.0023643074091523886
0.1119551956653595
0.02952481433749199
0.08965746313333511
0.028642849996685982
0.06255637854337692
0.021515842527151108
0.1586875170469284
0.0353018194437027
0.10054615139961243
0.048351164907217026
0.07750305533409119
0.02444750815629959
0.018101688474416733
0.34691521525382996
0.02793935127556324
0.05742957442998886
0.03783233463764191
0.0439743772149086
0.05989285185933113
0.006875074002891779
0.15505315363407135
0.051984891295433044
0.12140923738479614
0.049486495554447174
0.13447825610637665
0.002662316197529435
0.06205690652132034
0.054224926978349686
0.05346320569515228
0.05992626026272774
0.09082196652889252
0.05554770678281784
0.12121056020259857
0.05415838584303856
0.1100132167339325
0.048562001436948776
0.02085750550031662
0.053758036345243454
0.17436739802360535
0.04509688913822174
0.05996130034327507
0.036315761506557465
0.04065192490816116
0.03117171861231327
0.0027559504378587008
0.026749346405267715
0.01892755925655365
0.012533881701529026
0.05093923956155777
0.06750333309173584
0.059979040175676346
0.04656432569026947
0.030597727745771408
0.031385354697704315
0.05314616486430168
0.09093300998210907
0.03338046371936798
0.04039989411830902
0.042061831802129745
0.0954921692609787
0.03860296308994293
0.020898867398500443
0.03421047329902649
0.32683899998664856
0.03362031653523445
0.05376754701137543
0.015888739377260208
0.01578865572810173
0.09504187852144241
0.6101274490356445
0.058948419988155365
0.11121165752410889
0.027153396978974342
0.07339981198310852
0.028998373076319695
0.02833627723157406
0.04124424606561661
0.04150352627038956
0.24145518243312836
0.03574100881814957
0.03632952272891998
0.0959080159664154
0.019132206216454506
0.03817148506641388
0.412477970123291
0.02074393816292286
0.06796077638864517
0.06716907769441605
0.14460590481758118
0.12119844555854797
0.11925617605447769
0.09119628369808197
0.06532956659793854
0.06633345037698746
0.09608408063650131
0.03532514348626137
0.1354183703660965
0.023461028933525085
0.08208408206701279
0.29979512095451355
0.05949633941054344
0.11159374564886093
0.016499461606144905
0.10768578946590424
0.04041028395295143
0.021804852411150932
0.1384546160697937
0.002096293494105339
0.0769481211900711
0.06201931834220886
0.12975741922855377
0.05070623755455017
0.007177181076258421
0.023080043494701385
0.07164900004863739
0.08492904901504517
0.037443432956933975
0.07068105041980743
0.09467343986034393
0.15732264518737793
0.12142039090394974
0.11419966071844101
0.1047036349773407
0.1386992633342743
0.06080210581421852
0.054857902228832245
0.03579450398683548
0.06503000110387802
0.022606629878282547
0.04290023446083069
0.09196176379919052
0.013160900212824345
0.01782631315290928
0.022339066490530968
0.038058631122112274
0.0398237407207489
0.02144680544734001
0.0708194375038147
0.27939191460609436
0.03887707740068436
0.04787570610642433
0.02883591130375862
0.14617086946964264
0.046989183872938156
0.07215037941932678
0.041254498064517975
0.044283341616392136
0.046080414205789566
0.08118154108524323
0.1211085394024849
0.09152157604694366
0.03733968362212181
0.05995771288871765
0.013209151104092598
0.04040304198861122
0.030419643968343735
0.0453922301530838
0.02548075281083584
0.17217063903808594
0.07873392105102539
0.03906222805380821
0.052422914654016495
0.0641883909702301
0.051080372184515
0.03951391577720642
0.01766768842935562
0.040189117193222046
0.056342970579862595
0.04730851948261261
0.12942318618297577
0.0010264584561809897
0.04314974322915077
0.001582285389304161
0.016254520043730736
0.03863096609711647
0.014404197223484516
0.08749514073133469
0.05961345508694649
0.0013108296552672982
0.0420076884329319
0.08448124676942825
0.057893674820661545
0.015409798361361027
0.11070503294467926
0.04454377293586731
0.0314156748354435
0.0018746056593954563
0.07369998097419739
0.02412748895585537
0.062044162303209305
0.0760563388466835
0.012204533442854881
0.028006983920931816
0.052611228078603745
0.0427047461271286
0.06767642498016357
0.0844896212220192
0.04728543385863304
0.07890607416629791
0.1407126933336258
0.036564409732818604
0.05200595781207085
0.05229472368955612
0.09008269011974335
0.05019986256957054
0.0027528642676770687
0.03225862234830856
0.06085767596960068
0.1485690176486969
0.05124329403042793
0.002844987204298377
0.08929729461669922
0.042616136372089386
0.023088788613677025
0.030525946989655495
0.05140973627567291
0.07381007820367813
0.046146344393491745
0.03858419880270958
0.0035404337104409933
0.09882734715938568
0.06573475152254105
0.05584569275379181
0.1518092006444931
0.005394207779318094
0.2489066869020462
0.06854509562253952
0.03337670862674713
0.01057168934494257
0.030235793441534042
0.02640414796769619
0.05777397006750107
0.003354198532178998
0.0709785595536232
0.06777209043502808
0.12284789979457855
0.022304989397525787
0.03812156245112419
0.07596342265605927
0.04534490779042244
0.028442053124308586
0.025375299155712128
0.017709927633404732
0.01908111944794655
0.02519235387444496
0.1264822632074356
0.011797089129686356
0.03952479362487793
0.11043616384267807
0.06403154879808426
