0.044523097574710846
0.05614941939711571
0.04024258628487587
0.10524079203605652
0.08133257180452347
0.042703621089458466
0.9000029563903809
0.3094710111618042
0.056663792580366135
0.06296265870332718
0.08020786941051483
0.14486761391162872
0.0606706328690052
0.08557502925395966
0.18888556957244873
0.16817787289619446
0.019402381032705307
0.05542704835534096
0.077609121799469
0.09820058196783066
0.03453608974814415
0.06411135941743851
0.9037561416625977
0.22882099449634552
0.06684645265340805
0.07249876111745834
0.08531229943037033
0.1191435381770134
0.05286473035812378
0.15950894355773926
0.11052396893501282
0.02881358005106449
0.3803364932537079
0.17866626381874084
0.07109003514051437
0.6164363622665405
0.07514739036560059
0.08500081300735474
0.016781983897089958
0.0549856461584568
0.293835312128067
0.0783829465508461
0.17827564477920532
0.11330482363700867
0.08314302563667297
0.357663094997406
0.059031933546066284
0.08659220486879349
0.11602519452571869
0.048506803810596466
0.0508553571999073
0.07343845069408417
0.7114031314849854
0.13754571974277496
0.19972510635852814
0.09420505911111832
0.06395947188138962
0.5635227560997009
0.03503688424825668
0.05866999924182892
0.13529105484485626
0.16999268531799316
0.1387774497270584
0.5985420942306519
0.007583071477711201
0.01681026630103588
0.004009882919490337
0.01180222537368536
0.003015827154740691
0.002975571434944868
0.0034053074195981026
0.002853680169209838
0.005542570725083351
0.0029078456573188305
0.003102921647951007
0.006310312543064356
0.007495119236409664
0.0028451120015233755
0.0028130896389484406
0.0035162337590008974
0.0028647517319768667
0.00308682001195848
0.025119444355368614
0.01726401597261429
0.0031665524002164602
0.004179635085165501
0.012616043910384178
0.004272810649126768
0.004024788271635771
0.026126274839043617
0.00739762419834733
0.06901594996452332
0.0028796643018722534
0.003916531801223755
0.007919610477983952
0.003067376557737589
0.015393465757369995
0.04515817016363144
0.005654740612953901
0.010088376700878143
0.0030322771053761244
0.0036438084207475185
0.007277457509189844
0.023352112621068954
0.0031722215935587883
0.003179788589477539
0.032903894782066345
0.005155068822205067
0.003322950564324856
0.008571039885282516
0.00303659331984818
0.02621835470199585
0.002961579943075776
0.003220778424292803
0.03169532120227814
0.06647598743438721
0.002828853437677026
0.0031109738629311323
0.01331723015755415
0.010329124517738819
0.0030611760448664427
0.013515250757336617
0.0030120902229100466
0.0032627589534968138
0.0030655632726848125
0.007907062768936157
0.0037069127429276705
0.006510498467832804
0.03063899837434292
0.13180935382843018
0.046081285923719406
0.0457051657140255
0.07127349078655243
0.08540012687444687
0.06431175023317337
0.06225118786096573
0.03413323312997818
0.09548412263393402
0.05139016732573509
0.037545204162597656
0.040100716054439545
0.04527721926569939
0.09913404285907745
0.04550465568900108
0.03897066414356232
0.10842996090650558
0.049425721168518066
0.047442562878131866
0.08320021629333496
0.026038190349936485
0.06418050825595856
0.027654722332954407
0.0825176015496254
0.032997116446495056
0.07900132238864899
0.051748208701610565
0.034845639020204544
0.037134140729904175
0.054022617638111115
0.10042276233434677
0.02304573357105255
0.04480992257595062
0.08991416543722153
0.05683654546737671
0.04386556148529053
0.04596412181854248
0.038877859711647034
0.05364660918712616
0.03825054690241814
0.14425459504127502
0.05761520192027092
0.04439908266067505
0.05989367514848709
0.04005565494298935
0.06367247551679611
0.05527305230498314
0.028979595750570297
0.04212742671370506
0.03406020998954773
0.020328648388385773
0.08224596083164215
0.07069128006696701
0.03793511912226677
0.04240655526518822
0.05244499817490578
0.052799567580223083
0.044894978404045105
0.05271729826927185
0.04513649269938469
0.05061729624867439
0.048084259033203125
0.022505996748805046
0.003923038020730019
0.008784200996160507
0.004906659480184317
0.03431122377514839
0.026003727689385414
0.008666730485856533
0.009206092916429043
0.010819579474627972
0.01521515566855669
0.005851081106811762
0.009588782675564289
0.01509089209139347
0.005532578099519014
0.006364990957081318
0.08966181427240372
0.005048938095569611
0.011646086350083351
0.005249321926385164
0.015705697238445282
0.1691737025976181
0.0053873867727816105
0.006323428824543953
0.00516846077516675
0.006502280477434397
0.0115062166005373
0.007045896723866463
0.005800830665975809
0.23541955649852753
0.006303025409579277
0.0054533109068870544
0.004833203740417957
0.007394428830593824
0.00421143090352416
0.005417524371296167
0.004949030000716448
0.006465769372880459
0.004768101032823324
0.009451827965676785
0.0065297014079988
0.005880385637283325
0.008297746069729328
0.003766275942325592
0.006026992108672857
0.009720993228256702
0.0049371421337127686
0.011432887054979801
0.00479863490909338
0.0051065669395029545
0.004696736577898264
0.009076254442334175
0.0055176131427288055
0.018749607726931572
0.008366399444639683
0.2246350795030594
0.004919740371406078
0.0035139177925884724
0.030660714954137802
0.005328499246388674
0.007298048119992018
0.005883856676518917
0.003985205199569464
0.004650176037102938
0.0039789509028196335
0.010964789427816868
0.008983463048934937
0.010655529797077179
0.009505472145974636
0.008734998293220997
0.022165099158883095
0.00786271970719099
0.00715440372005105
0.05566880479454994
0.04493940994143486
0.006926880218088627
0.008858230896294117
0.009864670224487782
0.009720677509903908
0.009437461383640766
0.020487932488322258
0.011412478983402252
0.009751890785992146
0.05047149211168289
0.02490754798054695
0.011316269636154175
0.012600523419678211
0.04278353601694107
0.010097486898303032
0.0164773091673851
0.012415718287229538
0.011275042779743671
0.006668077316135168
0.046887535601854324
0.008204258047044277
0.007143625058233738
0.011447872035205364
0.010060750879347324
0.012937309220433235
0.007983893156051636
0.05421164259314537
0.04572225734591484
0.008448407053947449
0.06990281492471695
0.03617161512374878
0.007280881982296705
0.006391593720763922
0.019032299518585205
0.04403409734368324
0.016906214877963066
0.009748084470629692
0.011282963678240776
0.011417941190302372
0.049681901931762695
0.009105602279305458
0.009038062766194344
0.007522504776716232
0.06310098618268967
0.006350446958094835
0.010335173457860947
0.008167648687958717
0.06865080446004868
0.010781269520521164
0.012270133011043072
0.00824064202606678
0.24802212417125702
0.038486260920763016
0.00719440495595336
0.010494757443666458
0.010854729451239109
0.010421239770948887
0.010272891260683537
0.012642279267311096
0.008111308328807354
0.008049656637012959
0.015780635178089142
0.011767124757170677
1.178833246231079
0.009014468640089035
0.18189072608947754
0.014758615754544735
0.005904924590140581
0.008750353008508682
0.009416941553354263
0.013099996373057365
0.01951298862695694
0.026754602789878845
0.016387712210416794
0.008001954294741154
0.017381930723786354
0.012865307740867138
0.019117817282676697
0.015085622668266296
0.0068161324597895145
0.01006509643048048
0.007878598757088184
0.007212309166789055
0.009389267303049564
0.00997879821807146
0.008549272082746029
0.11682555824518204
0.013028770685195923
0.11451102048158646
0.011757773347198963
0.03601275384426117
0.014516769908368587
0.01627582497894764
0.007552681490778923
0.008646207861602306
0.009014350362122059
0.007803724613040686
0.02531641162931919
0.011467641219496727
0.0084373839199543
0.019205786287784576
0.14071187376976013
0.007994282990694046
0.012896239757537842
0.013180564157664776
0.010342429392039776
0.010953274555504322
0.008668424561619759
0.008346129208803177
0.011353801004588604
0.022407080978155136
0.0066874707117676735
0.01088082604110241
0.008345097303390503
0.012564457952976227
0.012866473756730556
0.012204434722661972
0.007232743315398693
0.012151715345680714
0.04457661509513855
0.27636227011680603
0.006375545170158148
0.006818498019129038
0.0094043780118227
0.0148398382589221
0.009919569827616215
0.014158213511109352
0.01488795317709446
0.007843537256121635
0.01579548977315426
0.00813026912510395
0.1779569387435913
0.013188609853386879
0.19480063021183014
0.011224515736103058
0.011662008240818977
0.008033333346247673
0.009530284442007542
0.0599060133099556
0.23738569021224976
0.008352624252438545
0.010703644715249538
0.01127251610159874
0.009177089668810368
0.03882146254181862
0.009331805631518364
0.007322147022932768
0.008645923808217049
0.016469130292534828
0.0059464420191943645
0.013507789932191372
0.008019635453820229
0.15141062438488007
0.016483338549733162
0.01977291703224182
0.010983427986502647
0.009060291573405266
0.007506473921239376
0.013116821646690369
0.030574847012758255
0.018118929117918015
0.021822644397616386
0.008499156683683395
0.007630494423210621
0.007149113807827234
0.011776196770370007
0.009086718782782555
0.011147284880280495
0.018932683393359184
0.009688276797533035
0.13830964267253876
0.012718548066914082
0.008355135098099709
0.011632654815912247
0.005016631446778774
0.01205126941204071
0.007545373402535915
0.01531184185296297
0.006683923304080963
0.011312560178339481
0.0553012378513813
0.015102417208254337
0.019081756472587585
0.011587520129978657
0.037362273782491684
0.01153064239770174
0.015551897697150707
0.023372452706098557
0.012238632887601852
0.021664181724190712
0.0189666785299778
0.09981133043766022
0.7972533702850342
0.011980530805885792
0.022396666929125786
0.021459396928548813
0.012140288017690182
0.017491035163402557
0.029026031494140625
0.023692110553383827
0.01315314695239067
0.013234497047960758
0.011970149353146553
0.020673194900155067
0.010616201907396317
0.016987310722470284
0.018599271774291992
0.0216207318007946
0.025191882625222206
0.030577925965189934
0.009268327616155148
0.025199107825756073
0.025000255554914474
0.013763485476374626
1.0616693496704102
0.024630919098854065
0.017533481121063232
0.014777584932744503
0.012660729698836803
0.011530034244060516
0.013238893821835518
0.013980588875710964
0.013180228881537914
0.06649993360042572
0.020934898406267166
0.014729480259120464
0.14386755228042603
0.013964150100946426
0.3919931948184967
0.09887602180242538
0.02039189077913761
0.02189284935593605
0.5408148169517517
0.012692367658019066
0.011534641496837139
0.014874180778861046
0.7847753763198853
0.012935918755829334
0.38078179955482483
0.011916087009012699
0.026585666462779045
0.013500944711267948
0.011878062039613724
0.018301311880350113
0.016738373786211014
0.016943324357271194
0.012843429110944271
0.02956458553671837
0.03520703688263893
0.012378445826470852
0.1404971182346344
0.008148613385856152
0.006096606142818928
0.0066639743745327
0.009559152647852898
0.07420574873685837
0.031902115792036057
0.008578147739171982
0.013605491258203983
0.0073277004994452
0.019513431936502457
0.0052079265005886555
0.006297924090176821
0.016246039420366287
0.02261192351579666
0.040959399193525314
0.00589786097407341
0.007014387287199497
0.0070305331610143185
0.01017345953732729
0.052695244550704956
0.010717789642512798
0.007349048741161823
0.00935340952128172
0.079825758934021
0.00711479876190424
0.028900112956762314
0.005865361541509628
0.009527372196316719
0.012675042264163494
0.040426649153232574
0.015559423714876175
0.005550226662307978
0.008924170397222042
0.017994491383433342
0.010228469967842102
0.006059875246137381
0.009456714615225792
0.006292113568633795
0.015815144404768944
0.004729089327156544
0.0055850171484053135
0.04908554255962372
0.03154610097408295
0.005266483407467604
0.021905140951275826
0.016241023316979408
0.008339772000908852
0.011759464628994465
0.00791376642882824
0.040511611849069595
0.006295814178884029
0.04127536341547966
0.005077478010207415
0.015493368729948997
0.011226954869925976
0.012262008152902126
0.009777367115020752
0.005991111043840647
0.013185358606278896
0.006842669099569321
0.006329831201583147
0.0149717777967453
0.009031292051076889
0.021210256963968277
0.018423907458782196
0.01676732860505581
0.017831897363066673
0.013192025013267994
0.016830485314130783
0.03267771750688553
0.009024429135024548
0.016711335629224777
0.02415188029408455
0.013891666196286678
0.025467295199632645
0.018147408962249756
0.016040528193116188
0.014433328993618488
0.01285949070006609
0.026686111465096474
0.08893230557441711
0.014539999887347221
0.015804428607225418
0.015424666926264763
0.01760839857161045
0.01775478571653366
0.017020346596837044
0.019445577636361122
0.011027014814317226
0.013051769696176052
0.021123623475432396
0.019254446029663086
0.023550067096948624
0.019155753776431084
0.012006486766040325
0.018141498789191246
0.013218051753938198
0.011360445991158485
0.012353253550827503
0.014756848104298115
0.019259173423051834
0.012042363174259663
0.013025166466832161
0.011145170778036118
0.020907564088702202
0.015409923158586025
0.035473644733428955
0.011805836111307144
0.02103036642074585
0.018768765032291412
0.015243388712406158
0.04019727185368538
0.011472520418465137
0.010832211934030056
0.03939288854598999
0.009773509576916695
0.028052538633346558
0.01153214368969202
0.011532096192240715
0.019992154091596603
0.014147194102406502
0.025821557268500328
0.014975408092141151
0.02322808839380741
0.01937066949903965
0.016438208520412445
0.014909470453858376
0.029689835384488106
0.01626940816640854
0.061796288937330246
0.017067596316337585
0.016668224707245827
0.019847776740789413
0.029032019898295403
0.012359938584268093
0.18525633215904236
0.030865436419844627
0.03119434230029583
0.014612440019845963
0.014213357120752335
0.03133738785982132
0.017916465178132057
0.0379205159842968
0.019683880731463432
0.12002905458211899
0.21215978264808655
0.04033441096544266
0.02267736941576004
0.0712476372718811
0.02709498256444931
0.009289810433983803
0.014073997735977173
0.011040762066841125
0.0136328786611557
0.013354572467505932
0.012500826269388199
0.012074287980794907
0.024129681289196014
0.011384106241166592
0.01178669836372137
0.016715556383132935
0.01161416620016098
0.02470456436276436
0.013042881153523922
0.009136398322880268
0.011114289984107018
0.010420897975564003
0.011951561085879803
0.015852438285946846
0.017693331465125084
0.017433255910873413
0.009994840249419212
0.016820358112454414
0.023357881233096123
0.01606394350528717
0.014425170607864857
0.013523809611797333
0.11078877747058868
0.007225360255688429
0.026160752400755882
0.011444050818681717
0.05423805117607117
0.09174016118049622
0.013172064907848835
0.024868471547961235
0.01605883054435253
0.011571313254535198
0.012699996121227741
0.016683636233210564
0.07773454487323761
0.006460072007030249
0.04081486910581589
0.04025460407137871
0.005216421093791723
0.06561432033777237
0.004191900137811899
0.10244819521903992
0.029467379674315453
0.014252282679080963
0.003102028276771307
0.003279755124822259
0.0029227505438029766
0.02905900962650776
0.0162544883787632
0.05587043613195419
0.02789950929582119
0.002891211537644267
0.0033863538410514593
0.03823211416602135
0.002836385974660516
0.01265717577189207
0.03616322576999664
0.034637175500392914
0.004917601589113474
0.0031850177329033613
0.006315973587334156
0.04162812978029251
0.012488755397498608
0.044903792440891266
0.004304598085582256
0.02423899807035923
0.008922826498746872
0.00288997869938612
0.025049971416592598
0.00312991626560688
0.0031376176048070192
0.06890381127595901
0.0028399217408150434
0.0028338690754026175
0.0036004281137138605
0.002817185129970312
0.0038191077765077353
0.11205858737230301
0.00937286950647831
0.0032849053386598825
0.008501306176185608
0.005273814313113689
0.03297259658575058
0.07984369993209839
0.005907515063881874
0.00361445895396173
0.0030332463793456554
0.020709816366434097
0.003045590128749609
0.003524826606735587
0.002927588066086173
0.003300956916064024
0.011766533367335796
0.008497337810695171
0.0030538837891072035
0.002817368833348155
0.008540342561900616
0.003010345622897148
