0.10029777139425278
0.10053076595067978
0.12796321511268616
0.08912616968154907
0.14335191249847412
0.16257883608341217
0.09761912375688553
0.11453691869974136
0.828578531742096
0.09393934905529022
0.12636272609233856
0.1888018101453781
0.10317815840244293
0.10478891432285309
0.19764573872089386
0.08793384581804276
0.11606817692518234
0.1670609712600708
0.09178568422794342
0.11552215367555618
0.0699133425951004
0.09356004744768143
0.08516522496938705
0.1645573079586029
0.08939412236213684
0.09983500838279724
0.13774049282073975
0.07224540412425995
0.08529087901115417
0.13092845678329468
0.14665576815605164
0.11304120719432831
0.13533665239810944
0.08392565697431564
0.0958479717373848
0.09134027361869812
0.09299273788928986
0.17299364507198334
0.10319602489471436
0.09225250035524368
0.10268384218215942
0.07119106501340866
0.11645219475030899
0.320584237575531
0.0888240709900856
0.09129136800765991
0.07513560354709625
0.11486119031906128
0.0970260500907898
0.09350698441267014
0.10442522913217545
0.08456248790025711
0.0880807638168335
0.10056426376104355
1.00666344165802
0.11941103637218475
0.09458337724208832
0.13546450436115265
0.11636783927679062
0.08191010355949402
0.12271915376186371
0.17279981076717377
0.1257118284702301
0.07830584049224854
0.12188999354839325
0.18483656644821167
0.16167649626731873
0.14007309079170227
0.1889200359582901
0.12436995655298233
0.22021153569221497
0.18553714454174042
0.11677670478820801
0.14267092943191528
0.11234133690595627
0.10836587846279144
2.084028720855713
0.17920759320259094
0.21854960918426514
0.16762585937976837
0.18234117329120636
0.11764202266931534
0.23223169147968292
0.12140579521656036
0.14032146334648132
0.10849475860595703
0.10717659443616867
0.14232900738716125
0.14013206958770752
0.18958401679992676
0.1643906831741333
0.20988018810749054
0.1408863067626953
0.21442797780036926
0.1736164689064026
0.1270773559808731
0.19042259454727173
0.154804527759552
0.12133441120386124
0.18452884256839752
0.1398843675851822
0.20248664915561676
0.10357481241226196
0.12545447051525116
0.1382637619972229
0.18240118026733398
0.14328326284885406
0.09757102280855179
0.14773830771446228
0.16217432916164398
0.15993182361125946
0.11558274924755096
0.14361393451690674
0.1608101725578308
0.13695263862609863
0.13633355498313904
0.13081662356853485
2.0489964485168457
0.12634475529193878
0.14401112496852875
0.1499207466840744
0.1107250228524208
0.12408397346735
0.19855152070522308
0.12232711166143417
0.1281019151210785
0.20920974016189575
0.15497775375843048
0.17926517128944397
0.18892495334148407
0.1662919670343399
0.2106470763683319
0.20103377103805542
0.18445447087287903
0.18310409784317017
0.1987113654613495
0.16048213839530945
0.2804695963859558
0.1702515333890915
0.19727487862110138
0.2030888795852661
0.26581335067749023
0.1456683725118637
0.19326117634773254
0.21506325900554657
0.2605489492416382
0.18618130683898926
0.3187215030193329
0.1900278776884079
0.2431134730577469
0.18947593867778778
0.19004036486148834
0.9657891988754272
0.23121659457683563
0.2352745234966278
0.2005660980939865
0.17920300364494324
0.18531113862991333
0.26989370584487915
0.18054109811782837
0.16556014120578766
0.20330744981765747
0.20061500370502472
0.15593312680721283
0.2018258422613144
0.2144925445318222
0.18645857274532318
0.2870766222476959
0.17619681358337402
0.2733204662799835
0.19672901928424835
0.42041438817977905
0.18734876811504364
0.20028755068778992
0.1742733120918274
0.2003055214881897
7.321427345275879
0.19998201727867126
0.19101543724536896
0.16017277538776398
0.3337450623512268
0.1650674045085907
0.1855936497449875
0.2011781930923462
0.19317415356636047
0.19831344485282898
0.17996256053447723
0.29149582982063293
0.3090989887714386
0.2575286030769348
0.18149171769618988
0.1913498044013977
0.2817000448703766
0.24734757840633392
0.23777031898498535
3.945585250854492
0.21903033554553986
0.2023293823003769
0.14982008934020996
0.14216956496238708
0.17806844413280487
0.15762753784656525
0.15057224035263062
0.25333985686302185
0.20828665792942047
0.18627914786338806
0.18906113505363464
0.18579693138599396
0.16818760335445404
0.1484401524066925
0.1883031576871872
0.18462876975536346
0.17980603873729706
0.1657988280057907
0.17213910818099976
0.17431874573230743
0.18489529192447662
0.17214086651802063
0.1343708336353302
0.21647600829601288
0.1437353938817978
0.14126388728618622
0.3133980333805084
0.18305207788944244
0.17075170576572418
0.19598838686943054
0.17185623943805695
0.19780340790748596
0.18798963725566864
0.16449372470378876
0.18888555467128754
0.22422312200069427
0.15452738106250763
0.18304048478603363
0.2058948129415512
0.19384519755840302
0.1945188045501709
0.16681718826293945
0.15410587191581726
0.15814603865146637
0.14943449199199677
0.1638188362121582
0.20762915909290314
0.19925999641418457
1.4203258752822876
0.15819309651851654
0.20651058852672577
0.23855385184288025
0.1965164989233017
0.196143239736557
0.1739429086446762
0.18469451367855072
0.17413873970508575
0.2776305675506592
0.1768801510334015
0.16445405781269073
0.23400120437145233
0.33635973930358887
0.2638491988182068
0.21080289781093597
0.14242108166217804
0.23002924025058746
0.17344467341899872
0.17794109880924225
0.1802152842283249
0.20238304138183594
0.17328518629074097
0.21320751309394836
0.21457268297672272
0.3138282895088196
0.1903526782989502
0.19219568371772766
3.492154836654663
0.24488164484500885
0.2564636170864105
0.25654417276382446
0.19009029865264893
0.16292788088321686
0.22407406568527222
0.22195978462696075
0.19352298974990845
1.5233877897262573
0.223406121134758
0.16340263187885284
0.1976052224636078
0.20708592236042023
0.1869095414876938
0.1963939517736435
0.19264130294322968
0.1707628220319748
0.18863420188426971
0.15725553035736084
0.2743922770023346
0.19043010473251343
0.17227807641029358
0.17605501413345337
0.22844314575195312
0.18413913249969482
0.15737490355968475
0.17326800525188446
0.1726904809474945
0.18398043513298035
0.20186492800712585
0.20121411979198456
0.1661473512649536
0.28435298800468445
0.1866980940103531
0.18959257006645203
0.19388669729232788
0.17773467302322388
0.18259833753108978
0.17734664678573608
0.20237603783607483
0.23470008373260498
0.2101718932390213
0.15958692133426666
0.17919468879699707
0.18213769793510437
0.21909959614276886
0.1880093812942505
0.16512557864189148
0.17501193284988403
1.6937355995178223
0.1705261468887329
0.20091167092323303
6.5141730308532715
0.15752524137496948
0.18675993382930756
0.14911919832229614
0.19834674894809723
0.15130025148391724
0.2133704423904419
0.14505289494991302
0.21869701147079468
0.16183452308177948
0.19092674553394318
0.1883808970451355
0.1826668679714203
0.26654666662216187
0.18125735223293304
0.2007426768541336
0.15882940590381622
0.19107447564601898
0.2754206359386444
0.1949150115251541
0.21697531640529633
0.1872960925102234
0.2030472606420517
0.1496151238679886
0.16231800615787506
0.19643637537956238
0.19586367905139923
0.19422124326229095
0.14614969491958618
0.2104329764842987
0.18580394983291626
0.23399955034255981
0.15931570529937744
0.1746470183134079
0.18810126185417175
0.19915887713432312
0.16097044944763184
0.16699643433094025
0.18578070402145386
0.15057997405529022
0.15263646841049194
0.15288275480270386
0.2204505354166031
0.199112206697464
0.1709153801202774
0.19089557230472565
0.23329731822013855
0.14730530977249146
0.20733466744422913
0.20181187987327576
0.17432615160942078
0.1950274109840393
0.23133231699466705
0.18017256259918213
0.1752694696187973
0.19814744591712952
0.2511259615421295
0.18997371196746826
0.19614852964878082
0.2383924126625061
0.1397133618593216
0.21919311583042145
0.16891543567180634
0.18527564406394958
0.23695501685142517
0.2631729245185852
0.1007644310593605
0.20155730843544006
0.22437669336795807
0.1288088858127594
0.1665034294128418
0.1917436569929123
0.18199416995048523
0.21349337697029114
0.25083738565444946
0.15509238839149475
0.2302272915840149
0.17469777166843414
0.9978249669075012
0.1328296810388565
0.1829155832529068
0.20120854675769806
0.13852258026599884
0.20116198062896729
0.19025661051273346
0.2073104977607727
0.17124898731708527
0.18448013067245483
0.2237575650215149
0.27080023288726807
0.22155462205410004
0.18611250817775726
0.22269023954868317
0.1648475080728531
0.12530340254306793
0.2242882400751114
0.23006300628185272
0.17101597785949707
0.3146861791610718
0.15335597097873688
0.12432454526424408
0.13318882882595062
0.16628272831439972
0.13411496579647064
0.17198283970355988
0.21452805399894714
0.20878063142299652
0.15983982384204865
0.22831252217292786
0.19096076488494873
0.20935498178005219
0.16118989884853363
0.2109101563692093
0.15938600897789001
0.16904500126838684
0.17623434960842133
0.20977328717708588
0.16018016636371613
0.18119913339614868
0.1674923598766327
2.465787887573242
0.22680430114269257
0.13888847827911377
0.19013935327529907
0.1681070774793625
0.09096981585025787
0.28473520278930664
0.1685873568058014
0.21799729764461517
0.13729196786880493
0.26077380776405334
0.14807862043380737
0.1335577666759491
0.17029452323913574
0.20111317932605743
0.21101152896881104
0.17641128599643707
0.15448236465454102
0.21321548521518707
0.1262567788362503
0.13905374705791473
0.15104837715625763
0.1895437091588974
0.15453468263149261
0.1376645416021347
0.12334532290697098
0.20746424794197083
0.15940739214420319
0.17922811210155487
0.14711254835128784
0.13336999714374542
0.17146620154380798
0.28166401386260986
2.7858633995056152
0.16367733478546143
0.23079732060432434
0.16746598482131958
0.15533114969730377
0.1725214421749115
0.1172645092010498
0.19162695109844208
0.19617244601249695
0.21356843411922455
0.18360911309719086
1.702340841293335
0.21609733998775482
0.18966801464557648
0.14444288611412048
0.10746367275714874
0.18793776631355286
0.23427891731262207
0.1612424999475479
0.18329660594463348
0.45788055658340454
0.17966285347938538
0.15772804617881775
0.159730926156044
0.20008201897144318
0.1460760533809662
0.21058796346187592
0.17831680178642273
0.16648603975772858
0.1523044854402542
0.16479288041591644
0.13474705815315247
0.17135924100875854
0.19397826492786407
0.1208157166838646
0.11570227891206741
0.10042460262775421
0.20163723826408386
0.1383223831653595
0.1384352445602417
0.12175467610359192
0.09702667593955994
0.11054340749979019
0.11242061108350754
0.15613871812820435
1.9814269542694092
0.12297655642032623
0.11302468925714493
0.17313392460346222
0.1055663526058197
0.287001371383667
0.1261606067419052
0.12665216624736786
0.13000261783599854
0.16100865602493286
0.15103024244308472
0.09640835225582123
0.12885063886642456
0.23843926191329956
0.21510528028011322
0.10922753065824509
0.11337611079216003
0.10519897937774658
0.21945253014564514
0.13041453063488007
0.11262890696525574
0.11611983180046082
0.11765545606613159
0.15394029021263123
0.12531347572803497
0.13693249225616455
0.15549737215042114
0.09145933389663696
0.6241881847381592
0.10267135500907898
0.11150775104761124
0.13513703644275665
0.11008551716804504
0.10624923557043076
0.11009513586759567
0.17811742424964905
0.10537119209766388
0.1138678789138794
0.096272312104702
0.11830942332744598
0.10710863023996353
0.1150677502155304
0.24309709668159485
0.1792549192905426
0.11748681962490082
0.11725504696369171
0.10123763978481293
0.2773246467113495
0.17437225580215454
0.17209459841251373
0.10688022524118423
0.4696929156780243
0.19209416210651398
0.11770009994506836
0.16345541179180145
0.1439553201198578
0.17343133687973022
0.12896856665611267
0.1278660148382187
0.13496579229831696
0.13058826327323914
0.12957656383514404
0.14357203245162964
0.1391187310218811
0.14914947748184204
0.15164053440093994
0.23390260338783264
0.17495018243789673
0.13272900879383087
0.1416289508342743
0.19369681179523468
0.14214825630187988
0.13738305866718292
0.11304996907711029
0.17510780692100525
0.11973845958709717
0.18804363906383514
3.026846170425415
0.1281970590353012
0.149434432387352
0.18171699345111847
0.13635529577732086
0.13239923119544983
0.12697963416576385
0.1170387864112854
0.17459046840667725
0.16324634850025177
0.12982448935508728
0.15723375976085663
0.26787567138671875
0.15567752718925476
0.16116075217723846
0.14495696127414703
0.17625692486763
0.14018692076206207
0.13206307590007782
0.15050889551639557
0.1433817595243454
0.18372897803783417
0.16336078941822052
0.13561756908893585
0.12924495339393616
0.12652190029621124
0.14859920740127563
0.13894885778427124
0.12908540666103363
0.13734832406044006
0.15319150686264038
0.16158707439899445
0.1321357637643814
0.1473744809627533
1.7883292436599731
0.13942290842533112
0.15808898210525513
0.10974384099245071
0.13200141489505768
0.18583616614341736
0.0832226499915123
0.09198909252882004
0.12489199638366699
0.07890918105840683
0.09679435938596725
0.11351946741342545
0.10645805299282074
0.11601033806800842
0.12359808385372162
0.06678302586078644
0.1081688404083252
0.07380141317844391
0.09655749797821045
0.06964578479528427
0.07344595342874527
1.0727558135986328
0.07973111420869827
0.06297388672828674
0.16973809897899628
0.1334160566329956
0.06824182718992233
0.07691554725170135
1.4375993013381958
0.06597805768251419
4.0416741371154785
0.7489005923271179
0.07717344164848328
0.09273914992809296
0.08710408210754395
0.18011057376861572
0.2061392366886139
0.07474348694086075
0.09676206856966019
0.10012174397706985
0.06783096492290497
0.07665570825338364
0.06530547142028809
0.08547098189592361
0.12807583808898926
0.06388209015130997
0.10816220194101334
0.16686603426933289
0.0799480751156807
0.06310195475816727
0.07648240029811859
0.0661449134349823
0.10618747025728226
0.08272441476583481
0.11601133644580841
0.08856463432312012
0.09521019458770752
0.07941482961177826
0.10819680988788605
0.1059686616063118
0.056429531425237656
0.08021815866231918
0.8271764516830444
0.06518261879682541
0.09200364351272583
0.09610705822706223
0.16013303399085999
0.09137789905071259
0.09197086840867996
0.10521508008241653
0.1757352650165558
0.14967022836208344
0.16183151304721832
0.2861204743385315
0.15605637431144714
0.1380058377981186
0.15082015097141266
0.18999487161636353
0.16185222566127777
0.16003809869289398
0.1404806524515152
0.13425639271736145
0.13259084522724152
0.12912704050540924
0.13497814536094666
0.14068087935447693
0.1350996047258377
0.17998303472995758
0.17116381227970123
0.1721503883600235
0.18319395184516907
0.1475999504327774
2.476531982421875
0.17761629819869995
0.15291666984558105
0.15661774575710297
0.15589289367198944
0.14137546718120575
0.14379540085792542
0.12900663912296295
0.17029225826263428
0.16767089068889618
0.12001241743564606
0.1798076629638672
0.2197737991809845
0.14371594786643982
0.14552541077136993
0.22437088191509247
0.1259671151638031
0.15931090712547302
0.17809416353702545
0.2175055593252182
0.17248089611530304
0.17562653124332428
0.1535857915878296
0.1520579755306244
0.22637581825256348
0.23278167843818665
0.1953810304403305
0.22545434534549713
0.1975102573633194
0.16392108798027039
0.13403072953224182
0.18683172762393951
0.13612483441829681
0.20677556097507477
3.428800106048584
0.14028505980968475
0.12576891481876373
0.13970357179641724
0.18629173934459686
0.15868720412254333
0.2056552767753601
0.1771577149629593
