0.19721098244190216
0.1136280819773674
0.22902926802635193
0.1267729103565216
0.15341117978096008
0.0961141437292099
0.48275333642959595
0.18919360637664795
0.10326847434043884
0.12966275215148926
0.0855783224105835
0.13536618649959564
0.19440987706184387
0.12382319569587708
0.14414313435554504
0.20102903246879578
0.13972145318984985
0.12794379889965057
0.11249193549156189
0.1347782462835312
0.1693362593650818
0.14212825894355774
0.08721427619457245
0.21103057265281677
0.2551237642765045
0.11453114449977875
0.08167513459920883
0.1288757175207138
0.18108929693698883
0.1186249852180481
0.08737911283969879
0.196012943983078
0.1394633799791336
0.15748034417629242
0.12703409790992737
0.14655311405658722
0.14789777994155884
0.11134648323059082
0.11563766747713089
0.46567603945732117
0.1443786770105362
0.1411442756652832
0.1327667087316513
0.18588018417358398
0.10221892595291138
0.13229511678218842
0.15705876052379608
0.2714576721191406
0.10456617921590805
0.17933212220668793
0.11008124053478241
0.1339113861322403
0.1081276386976242
0.10438808053731918
0.10200657695531845
0.15269555151462555
0.17559723556041718
0.11316736787557602
0.18054550886154175
0.7477800846099854
0.1584104299545288
0.12580417096614838
0.19401070475578308
0.0988096222281456
0.15132783353328705
0.05324258655309677
0.08078235387802124
0.2166164070367813
0.06553173810243607
0.06319033354520798
0.18596602976322174
0.10770665854215622
0.07461375743150711
0.20707574486732483
0.12234226614236832
0.15779903531074524
0.09375805407762527
0.08610910922288895
0.16925384104251862
0.10077124834060669
0.057091668248176575
0.07414001226425171
0.09491550922393799
0.2992623448371887
0.06441841274499893
1.4808567762374878
0.11660660803318024
0.061984263360500336
0.40886151790618896
0.11535101383924484
0.061442017555236816
0.1004815399646759
0.06026770547032356
0.06671296060085297
0.12433304637670517
0.07078490406274796
0.1749524176120758
0.10571050643920898
0.11965791136026382
0.05121148005127907
0.05495651438832283
0.08491230010986328
0.06700702011585236
15.786062240600586
0.09890389442443848
0.07123087346553802
0.06820989400148392
0.059030257165431976
0.06998217105865479
0.04925939068198204
0.08996078372001648
0.076239675283432
0.09057700634002686
0.09681905806064606
0.06109679490327835
0.07559387385845184
0.1562223881483078
0.0510360412299633
0.04035263508558273
0.05634288489818573
0.14741607010364532
0.05894780531525612
0.07576075196266174
0.0630156397819519
0.0623803436756134
0.07155193388462067
0.07226478308439255
0.08040110021829605
0.21779295802116394
0.2598050832748413
0.19758498668670654
0.14744135737419128
0.15012158453464508
0.36847490072250366
0.18549080193042755
0.16942904889583588
0.12563437223434448
0.2629457116127014
0.1576749086380005
0.20758308470249176
0.20134010910987854
0.17417791485786438
0.1993837058544159
0.23151522874832153
0.36375948786735535
0.16402220726013184
0.3367898762226105
0.22785691916942596
0.2164151817560196
0.1866438239812851
0.19754017889499664
0.15047207474708557
0.1995052695274353
0.16922527551651
0.19443440437316895
0.2444136142730713
0.20330142974853516
0.2790466547012329
0.2351291924715042
1.173567771911621
0.16365432739257812
0.12758849561214447
0.18237975239753723
0.23691578209400177
0.1860681027173996
0.20864051580429077
0.17499342560768127
0.3162631690502167
0.18312422931194305
0.21237683296203613
0.29775768518447876
0.28086692094802856
0.15681688487529755
0.6433072090148926
0.12699921429157257
0.18869546055793762
0.17518818378448486
0.20579907298088074
0.122564896941185
0.24107325077056885
0.16256773471832275
0.282039612531662
0.268119215965271
0.13805240392684937
0.38350826501846313
0.18219594657421112
0.24536657333374023
0.21859905123710632
0.17064401507377625
0.34698522090911865
0.19650791585445404
0.16154079139232635
0.332364022731781
0.1480424851179123
0.5699179768562317
0.08713093400001526
0.08066214621067047
0.07820887118577957
0.08253505825996399
0.11732404679059982
0.12008123099803925
0.09275452792644501
0.18394581973552704
0.11378123611211777
0.11552709341049194
0.1304263025522232
0.06623668223619461
0.2214576005935669
0.10991674661636353
0.07796590030193329
0.0631331205368042
0.08707895874977112
0.11009977757930756
0.13615885376930237
0.1350836604833603
0.38097813725471497
0.21758930385112762
0.19393104314804077
0.14576594531536102
0.10186127573251724
0.12771594524383545
0.06578518450260162
0.16185350716114044
0.1784593015909195
0.09289222955703735
0.20073202252388
0.21185007691383362
0.117459736764431
0.12968099117279053
0.10136671364307404
0.09742777049541473
0.0873144343495369
0.10389084368944168
0.08154862374067307
0.09694258123636246
0.07535300403833389
0.09857992082834244
0.15092334151268005
0.16132602095603943
0.07392568141222
0.10576461255550385
0.11961045861244202
0.11372458189725876
0.10177997499704361
0.09334036707878113
0.1399170458316803
0.09540431946516037
0.06232669577002525
0.1093216985464096
0.1427667886018753
0.07164840400218964
0.12382157891988754
0.08716551959514618
0.0704834833741188
0.12869825959205627
0.07512916624546051
0.11680806428194046
0.11852974444627762
0.11738929152488708
0.1374002993106842
0.08023368567228317
0.19082710146903992
0.11581340432167053
0.12800879776477814
0.10791841894388199
0.11440706253051758
0.14707106351852417
0.13719210028648376
0.14403681457042694
0.09161470830440521
0.08765606582164764
0.11027196049690247
0.12564872205257416
0.12009625136852264
0.07953241467475891
0.11361969262361526
0.13344404101371765
0.08955324441194534
0.47571757435798645
0.1014503538608551
0.9311636686325073
0.13201335072517395
0.12140458077192307
0.1422894299030304
0.07831999659538269
0.14340518414974213
0.09936724603176117
0.4007629156112671
0.12260027974843979
0.08030759543180466
0.12758514285087585
0.16656164824962616
0.17637479305267334
0.12040263414382935
0.1032819151878357
0.11668054014444351
0.13983535766601562
0.1853586584329605
0.07402146607637405
0.11918758600950241
0.09825266897678375
0.10291698575019836
0.11277873069047928
0.16426324844360352
0.1792651116847992
0.1399804949760437
0.10446503013372421
0.10108679533004761
0.1120111420750618
0.10696163028478622
0.10694226622581482
0.0979507714509964
0.0838669165968895
0.362588107585907
0.12039436399936676
0.12968415021896362
0.1576574593782425
0.0834026038646698
0.11858760565519333
0.07945277541875839
0.16595584154129028
0.1095409169793129
0.13090041279792786
0.12527386844158173
0.12331024557352066
0.13183946907520294
0.14305201172828674
0.15343992412090302
0.1447630524635315
0.12963412702083588
0.13927584886550903
0.10000644624233246
0.09396018832921982
0.11156076192855835
0.24059610068798065
0.08709893375635147
0.13280680775642395
0.09642709046602249
0.3776993155479431
0.11542217433452606
0.14200255274772644
0.1097317561507225
0.11147595942020416
0.1003275215625763
0.21828240156173706
0.14893710613250732
0.16210226714611053
0.17994394898414612
0.10172834992408752
0.17235949635505676
0.20625928044319153
0.1316191703081131
0.151718407869339
0.12972334027290344
0.14186182618141174
0.12203329801559448
2.0340752601623535
0.17654822766780853
0.13125045597553253
0.14678920805454254
0.09839297086000443
0.10689117014408112
0.12824302911758423
0.1694062203168869
0.2125225067138672
0.13613542914390564
0.165277361869812
0.12691029906272888
0.11309903860092163
0.11474373936653137
0.11707476526498795
0.2841774523258209
0.17571128904819489
0.09895355254411697
0.10544572025537491
0.0764111652970314
0.16127009689807892
0.09760512411594391
0.15296874940395355
0.0834169015288353
0.10310664772987366
0.1649559885263443
0.12223847210407257
0.358970046043396
0.2998315989971161
0.12481498718261719
0.27920544147491455
0.1596704125404358
0.1668294072151184
0.16046927869319916
0.3183099627494812
0.18934227526187897
0.12220051884651184
0.24816779792308807
0.18744735419750214
0.14623410999774933
0.16789951920509338
0.21091629564762115
0.19024455547332764
0.1538609117269516
0.18465937674045563
0.18772104382514954
0.17712000012397766
0.204520583152771
0.13208523392677307
0.129686638712883
0.17415569722652435
0.18221515417099
0.1771078109741211
0.36499184370040894
0.2315192073583603
0.29329773783683777
0.180482417345047
0.15771283209323883
0.2366468459367752
0.19470912218093872
0.2707531750202179
0.10964222997426987
0.13874588906764984
0.21336376667022705
0.1784626543521881
0.16645562648773193
0.134323850274086
0.2998792827129364
0.16909044981002808
0.15337543189525604
0.1755744069814682
0.15277598798274994
0.8545591235160828
0.1215115636587143
0.16158778965473175
0.15795005857944489
0.15711380541324615
0.147281214594841
0.1636572629213333
0.20132198929786682
0.19256243109703064
0.1446934938430786
0.13787801563739777
0.1386774480342865
0.23148642480373383
0.2110823690891266
0.14752615988254547
0.2108016312122345
0.17396946251392365
0.18411126732826233
0.24965402483940125
0.19760368764400482
1.6868326663970947
0.19000841677188873
0.10411360114812851
0.09601962566375732
0.10508040338754654
0.11033613979816437
0.1154673621058464
0.12066173553466797
0.11930824816226959
0.6110044121742249
0.4870678186416626
0.11106213182210922
0.12241271883249283
0.13282018899917603
0.06442814320325851
0.12209554761648178
0.1534692496061325
0.1587442010641098
0.1784617155790329
0.18984010815620422
0.0961071029305458
0.10761561989784241
0.13662269711494446
0.10851887613534927
0.10714497417211533
0.1430867314338684
0.15633846819400787
0.10572502762079239
0.14321394264698029
0.15917633473873138
0.12804652750492096
0.1660051941871643
0.125040665268898
0.1109791249036789
0.11958909779787064
0.1191776692867279
0.09444156289100647
0.12931334972381592
0.11266020685434341
0.6589138507843018
0.10996028780937195
0.13617770373821259
0.10199898481369019
0.08604877442121506
0.08817558735609055
0.11264833062887192
0.08924037963151932
0.158488467335701
0.10818175971508026
0.20862646400928497
0.09528672695159912
0.1566542387008667
0.10844144970178604
0.1551104485988617
0.1279052346944809
0.1266242265701294
0.1044679582118988
0.11764909327030182
0.08676169067621231
0.12614326179027557
0.12231860309839249
0.11992368847131729
0.18427851796150208
0.12792113423347473
0.11813236027956009
0.10910754650831223
0.14805418252944946
0.10513472557067871
0.09313040971755981
0.11711371690034866
0.12933629751205444
0.1115618422627449
0.10765666514635086
0.14513759315013885
0.08604815602302551
0.12613455951213837
0.13692975044250488
0.9287625551223755
0.1084144338965416
0.10454551130533218
0.09590604156255722
0.11862809211015701
0.10026133805513382
0.12344378978013992
0.08050084114074707
0.14591537415981293
0.08285249024629593
0.15771232545375824
0.15904785692691803
0.1189967691898346
0.1453993171453476
0.11322127282619476
0.14268268644809723
0.1111501008272171
0.15237630903720856
0.09692420065402985
0.09043189883232117
0.094448983669281
0.11371523141860962
0.17932982742786407
0.1342546045780182
0.11540088057518005
0.09341681003570557
0.13630270957946777
0.10253679007291794
1.0110074281692505
0.11029098182916641
0.10803813487291336
0.14817078411579132
0.14463165402412415
0.18628856539726257
0.14993111789226532
0.1071443259716034
0.1243763193488121
0.08668366819620132
0.11311376839876175
0.14174365997314453
0.12394474446773529
0.10884346067905426
0.14625227451324463
0.11676788330078125
0.12605734169483185
0.09319031238555908
0.1519126296043396
0.19619493186473846
0.10098300874233246
0.13173207640647888
0.08323784917593002
0.15302635729312897
0.09217552095651627
0.11027911305427551
0.1646638661623001
0.15542380511760712
0.1288011521100998
0.11842148005962372
0.12670649588108063
0.15926632285118103
0.1493576169013977
0.1078198105096817
0.13989728689193726
0.10880225896835327
0.20556974411010742
0.23884527385234833
0.09974789619445801
0.11447225511074066
0.11756696552038193
0.1321224570274353
0.1578206568956375
0.10242690145969391
0.17920656502246857
0.11365443468093872
0.6856513023376465
0.11773907393217087
0.09717708826065063
0.33444204926490784
0.09378208220005035
0.1261880248785019
0.11147888749837875
0.12826970219612122
0.11788412183523178
0.15333853662014008
0.10050627589225769
0.3299044966697693
0.15134482085704803
0.17323081195354462
0.13708044588565826
0.1084110364317894
0.15325893461704254
0.12190424650907516
0.176147922873497
0.1473841369152069
0.1034519225358963
0.16269634664058685
0.14070942997932434
0.07460668683052063
0.17881621420383453
0.5392532348632812
0.12233391404151917
0.1621687114238739
0.17843098938465118
0.11382396519184113
0.13885284960269928
0.21187593042850494
0.14608047902584076
0.46320396661758423
0.21781408786773682
0.12431973963975906
0.10398228466510773
0.1672915667295456
0.1003091111779213
0.1417142152786255
0.18094030022621155
0.19804394245147705
0.1109623983502388
0.15249207615852356
0.22675707936286926
0.1586291790008545
0.23941099643707275
0.12671875953674316
0.09663695096969604
0.12159083783626556
0.11310219019651413
0.7936797738075256
0.11056464165449142
0.1098533421754837
0.0958368182182312
0.11530310660600662
0.17050154507160187
0.19466671347618103
0.13366566598415375
0.12631069123744965
0.10917124152183533
0.12486355751752853
0.25076448917388916
0.15605084598064423
0.11440546065568924
0.10707854479551315
0.16817930340766907
0.27900010347366333
0.08798918128013611
0.1782088279724121
0.14015813171863556
0.09396830201148987
0.18740041553974152
0.10251768678426743
0.26896774768829346
0.14725342392921448
0.14606067538261414
0.10705221444368362
0.06914854049682617
0.09017623960971832
0.09580305218696594
0.08292370289564133
0.1361950933933258
0.08907841145992279
0.10549172759056091
0.14541466534137726
0.17285460233688354
0.09646391868591309
0.16178353130817413
0.16658121347427368
0.08266036212444305
0.165723517537117
0.1481635868549347
0.09344562888145447
0.20345978438854218
0.609240710735321
0.5600365996360779
0.13321195542812347
0.23884692788124084
0.13775216042995453
0.07986556738615036
0.08500327914953232
0.17166242003440857
0.1719399094581604
0.12750405073165894
0.10016811639070511
0.07580570131540298
0.16241303086280823
0.14966000616550446
0.09228471666574478
0.10475649684667587
0.16229252517223358
0.3048763573169708
0.10244954377412796
0.12740212678909302
0.07847306877374649
0.07838915288448334
0.8443964123725891
0.20379409193992615
0.07398918271064758
0.09220235794782639
0.13614045083522797
0.0777340978384018
0.10969024151563644
0.07199642807245255
0.08992240577936172
0.18614128232002258
0.48708614706993103
0.062206387519836426
0.08923836797475815
0.10477885603904724
0.08611903339624405
0.10663923621177673
0.09170215576887131
0.16750368475914001
0.08775122463703156
0.06692185252904892
0.0997079610824585
0.07223306596279144
0.08629301190376282
0.07938050478696823
0.09782055765390396
0.06306200474500656
0.11239076405763626
0.16750705242156982
0.25289472937583923
0.07835503667593002
0.15521956980228424
0.09905097633600235
0.0672842338681221
0.08022374659776688
0.06693582981824875
0.09192650765180588
0.07140955328941345
0.09789013117551804
0.1193980872631073
0.12226169556379318
0.1014910563826561
0.08348827064037323
0.08628743886947632
0.13017110526561737
0.0897749811410904
0.13777801394462585
0.11210451275110245
0.07695787400007248
0.07398511469364166
0.4397231936454773
0.0753670334815979
0.07657924294471741
