0.15397153794765472
0.15881876647472382
0.16416285932064056
0.15325568616390228
0.17510317265987396
0.2897706627845764
0.19415295124053955
0.18955139815807343
0.16948282718658447
0.18168000876903534
0.1837397962808609
0.2733961343765259
0.1492462307214737
0.17228883504867554
0.17918407917022705
0.14349371194839478
0.17819440364837646
0.20314593613147736
0.23092477023601532
0.2510405480861664
0.16489863395690918
0.15042270720005035
0.21020030975341797
0.17438270151615143
0.17682789266109467
0.1561264991760254
0.17417073249816895
0.13753151893615723
0.24444866180419922
0.22897405922412872
0.515625
0.2002294808626175
0.1424274891614914
0.2137177735567093
0.22863952815532684
0.16731446981430054
1.626448154449463
0.14121969044208527
0.14319778978824615
0.12365324050188065
0.18032747507095337
0.15983152389526367
0.18561704456806183
0.16207750141620636
0.1644691377878189
0.6798833608627319
0.25854456424713135
0.1438315063714981
0.14440380036830902
0.1646028310060501
0.17868241667747498
0.15120995044708252
0.16424061357975006
0.15464657545089722
0.19097532331943512
0.14252060651779175
0.1774924248456955
0.21713197231292725
0.5733559727668762
0.14764244854450226
0.23778770864009857
0.1823795586824417
0.20563273131847382
0.1382857859134674
0.17748183012008667
0.18996340036392212
0.1613093465566635
0.16404440999031067
0.44742128252983093
0.12337274104356766
0.21580970287322998
0.16668201982975006
0.3803535997867584
0.18884189426898956
0.14561840891838074
0.15237171947956085
0.18820327520370483
0.12144675105810165
0.19714197516441345
0.1357567459344864
0.15562593936920166
0.16740421950817108
0.2186206877231598
0.24194395542144775
0.16411420702934265
0.15005995333194733
0.18367715179920197
1.2738168239593506
0.19369801878929138
0.14993858337402344
0.1432821899652481
0.13966481387615204
0.2074202299118042
0.15110991895198822
0.30601030588150024
1.1728293895721436
0.11894986033439636
0.1394519954919815
0.20668405294418335
0.2057129293680191
0.12244263291358948
0.1428232491016388
0.19309274852275848
0.21236862242221832
0.23027965426445007
0.14990945160388947
0.10711155831813812
0.18511219322681427
0.13348186016082764
0.1469281017780304
0.14452175796031952
0.1651982069015503
0.1704181581735611
0.13063944876194
0.21712355315685272
0.13050317764282227
0.12569233775138855
0.14528584480285645
0.13750365376472473
0.1385275274515152
0.19568121433258057
0.26355791091918945
0.14130470156669617
0.1297089159488678
0.14385579526424408
0.1480766087770462
0.2180604338645935
0.18272466957569122
0.15438053011894226
0.15558786690235138
0.16802220046520233
0.2217584103345871
0.1261703372001648
2.40716814994812
0.15894155204296112
0.18132491409778595
0.15929467976093292
0.16588208079338074
0.16771699488162994
0.20566454529762268
0.1509334295988083
0.13612991571426392
0.23987340927124023
0.1413620263338089
0.17575722932815552
0.1651981920003891
0.1525033414363861
0.16520701348781586
0.20913082361221313
0.15879040956497192
0.1684579700231552
1.7247858047485352
0.15644608438014984
0.1400151252746582
0.33396175503730774
0.1523500680923462
0.1859463006258011
0.14649665355682373
0.12075341492891312
0.15025608241558075
0.16599632799625397
0.15094774961471558
0.13368046283721924
0.13133102655410767
0.17997026443481445
0.1610880047082901
0.12924860417842865
0.16269154846668243
2.1822621822357178
0.1712384968996048
0.16021358966827393
0.1678486317396164
0.17623229324817657
0.16279292106628418
0.18826116621494293
0.14327575266361237
0.15979324281215668
0.18380290269851685
0.14999620616436005
0.17582249641418457
0.13920949399471283
0.1934109926223755
0.18221090734004974
0.1342051476240158
0.15116819739341736
0.18017254769802094
0.1595066785812378
0.1749430149793625
0.16999121010303497
0.20818433165550232
0.14643529057502747
0.16189846396446228
0.1303490847349167
0.2028990238904953
0.10804232954978943
0.15985742211341858
0.4650839865207672
0.13238286972045898
0.1593133509159088
0.4378119707107544
0.17722231149673462
0.11356577277183533
0.28739139437675476
0.14062045514583588
0.13610506057739258
0.17103327810764313
0.14296704530715942
0.1302577257156372
0.13854867219924927
0.14671900868415833
0.1623462289571762
0.16453872621059418
0.1528516411781311
0.14002296328544617
0.14257283508777618
0.13135629892349243
0.15074561536312103
0.18216769397258759
0.17682993412017822
0.14101219177246094
0.14619489014148712
0.20539313554763794
0.1874600201845169
0.15552589297294617
0.1851317584514618
0.13673444092273712
0.1640980839729309
0.2376881241798401
0.12271381169557571
0.14324776828289032
0.11997649073600769
0.12561437487602234
0.2961917817592621
0.12044601142406464
0.4668425917625427
0.10600192844867706
0.1255582720041275
0.15584364533424377
0.10658349096775055
0.8023028373718262
0.17293395102024078
0.1420709639787674
0.1788482964038849
0.16646936535835266
0.13377125561237335
0.1771138310432434
0.11394881457090378
0.11999098211526871
0.13818515837192535
0.15398776531219482
0.21754767000675201
0.1290271282196045
0.20718489587306976
0.20567671954631805
0.13806065917015076
0.14497943222522736
0.23951871693134308
0.2521337568759918
0.29146867990493774
0.26129207015037537
0.3002452552318573
0.19241882860660553
0.19660575687885284
0.2524319887161255
0.22097148001194
0.19626541435718536
1.0016124248504639
0.1950746327638626
0.3675244450569153
0.2651185095310211
0.2604193687438965
0.3485141396522522
0.15378519892692566
0.22977255284786224
0.19090092182159424
0.23867076635360718
0.17970557510852814
1.045289397239685
0.27296513319015503
0.19510424137115479
0.21951435506343842
0.37721773982048035
0.19672422111034393
0.28596973419189453
0.22680583596229553
0.18696466088294983
0.24286718666553497
0.2966446578502655
0.18712173402309418
0.19124121963977814
0.22821268439292908
1.62273371219635
0.30028536915779114
0.20651954412460327
0.2476666122674942
0.17946462333202362
0.30481138825416565
0.18618838489055634
0.22042493522167206
0.24039243161678314
0.22863034904003143
0.22908823192119598
0.1801793873310089
0.18874844908714294
0.2439912110567093
0.19012418389320374
0.19814857840538025
0.18137890100479126
0.2525523602962494
0.2619599997997284
0.21934181451797485
0.1850748211145401
0.18049506843090057
0.19515307247638702
0.21283097565174103
0.19695636630058289
0.19150444865226746
0.21669283509254456
0.1950565129518509
0.31674736738204956
0.25599926710128784
0.17531248927116394
0.18257030844688416
0.21725918352603912
0.18487749993801117
0.3270743191242218
0.18379800021648407
0.2018345147371292
0.18742483854293823
0.1979941725730896
0.2001010775566101
0.2183803766965866
0.17532354593276978
0.20152026414871216
0.16270551085472107
0.23178379237651825
0.19909924268722534
0.2522951066493988
0.1636945903301239
0.2331305593252182
0.23352496325969696
0.19065387547016144
0.18698354065418243
0.20666196942329407
0.19560828804969788
0.15862177312374115
0.1618121862411499
0.24015572667121887
0.2082957923412323
0.17364312708377838
0.273157000541687
0.17643629014492035
0.17798732221126556
1.0360219478607178
0.25665345788002014
0.2143246829509735
0.21321986615657806
0.15542128682136536
0.28438374400138855
0.31105390191078186
0.15137121081352234
0.18770118057727814
0.17587515711784363
0.19867944717407227
0.25829383730888367
0.208039790391922
0.2240457385778427
0.1694898009300232
0.15615616738796234
0.22572322189807892
0.19255396723747253
0.23446424305438995
0.1939360797405243
0.20692990720272064
0.2649109363555908
0.2535404860973358
0.2223181426525116
0.22770658135414124
0.18059608340263367
2.569946050643921
0.18747328221797943
0.26877641677856445
0.6312922835350037
0.20981162786483765
0.13168106973171234
0.1874176412820816
0.3012807071208954
0.16283313930034637
0.13320237398147583
1.0840147733688354
0.13377432525157928
0.14962881803512573
0.10583452135324478
0.17659245431423187
0.1099618449807167
0.2018408328294754
0.16109681129455566
0.1634250432252884
0.12946383655071259
0.11762644350528717
0.1426217257976532
0.13091948628425598
0.12258118391036987
0.17378921806812286
0.1375814974308014
0.15941910445690155
0.14600208401679993
0.1499568521976471
0.12557128071784973
0.18054351210594177
0.16127417981624603
0.13993576169013977
0.12061703950166702
0.39842575788497925
0.18546640872955322
0.13848239183425903
0.17670008540153503
0.14269091188907623
0.13216494023799896
0.1300971955060959
0.22284671664237976
0.1524832546710968
0.1414041370153427
0.10682909190654755
0.25711768865585327
0.15074828267097473
0.11618684232234955
0.10756605863571167
0.16554570198059082
0.13639602065086365
0.17923596501350403
0.1262427717447281
0.19379310309886932
0.443101167678833
0.1520034670829773
0.19830474257469177
0.11680598556995392
0.16109661757946014
0.11220595985651016
0.16386038064956665
0.12732768058776855
0.12633836269378662
0.10072605311870575
0.1601865142583847
0.3132697343826294
0.16155976057052612
0.1320122331380844
0.19117377698421478
0.20379790663719177
0.3161347806453705
0.18104958534240723
0.2143367975950241
0.15431350469589233
1.6612414121627808
0.14756402373313904
0.17634275555610657
0.1495763659477234
0.18222792446613312
0.19745714962482452
0.18733711540699005
0.12488432228565216
0.17459198832511902
0.14955779910087585
0.17731983959674835
0.19449308514595032
0.19025366008281708
0.17172151803970337
0.18940484523773193
0.10595888644456863
0.13803556561470032
0.6076493263244629
0.357942134141922
0.18093355000019073
0.27676090598106384
0.17005564272403717
0.15033754706382751
0.22015738487243652
0.12519226968288422
0.14063361287117004
0.1559055894613266
0.12499076128005981
0.2976279556751251
0.1575319468975067
0.2005414217710495
0.128205806016922
0.13951338827610016
0.1650698333978653
0.18518373370170593
0.15014943480491638
0.28765106201171875
0.19733068346977234
0.206817626953125
0.23579752445220947
0.16932091116905212
0.126930832862854
0.14811424911022186
0.16718287765979767
0.3065495491027832
0.17555059492588043
0.31462016701698303
0.30335530638694763
0.17695024609565735
0.20303796231746674
0.18909676373004913
0.2392042577266693
0.17387625575065613
0.215948224067688
0.1405351758003235
0.21412919461727142
0.16609501838684082
0.1727786809206009
0.14010915160179138
0.2247837483882904
1.065619945526123
0.17758193612098694
0.20581096410751343
0.20518873631954193
0.25748777389526367
0.24234208464622498
0.1733110100030899
0.1852622777223587
0.1917039006948471
0.19424588978290558
0.21434438228607178
0.2155723124742508
0.22337423264980316
0.19673946499824524
0.20425772666931152
0.2142951786518097
0.18747060000896454
0.19425593316555023
0.18834266066551208
0.23664678633213043
0.284024178981781
0.27265840768814087
0.4872662127017975
2.0610852241516113
0.2071785181760788
0.18737341463565826
0.23941315710544586
0.6191402077674866
0.29670655727386475
0.19162824749946594
0.19263389706611633
0.23099420964717865
0.21979141235351562
0.21650096774101257
0.394605427980423
0.2530198395252228
0.2162097990512848
0.20538029074668884
0.2021692395210266
0.22436895966529846
0.2084323614835739
0.20736163854599
0.2110806256532669
0.18950726091861725
0.17645227909088135
0.2175433188676834
0.20471727848052979
0.18032144010066986
0.19368800520896912
0.1972063034772873
0.23287467658519745
0.23577827215194702
0.2454538494348526
0.17922954261302948
0.19540472328662872
0.25025200843811035
0.2967974543571472
0.2177814096212387
0.24490301311016083
0.20009425282478333
0.16420479118824005
0.19846507906913757
0.2990994453430176
0.0853588804602623
0.15903039276599884
0.11983539164066315
0.11714465916156769
0.1454174965620041
0.16333253681659698
0.09828615933656693
0.09835666418075562
0.09041240066289902
0.18390874564647675
0.18971624970436096
0.157005175948143
0.12499634921550751
0.18454471230506897
0.09576905518770218
0.10940557718276978
0.10618552565574646
0.12513014674186707
0.08660230785608292
0.13434214890003204
3.284093141555786
0.09141957014799118
0.12179645895957947
0.15653304755687714
0.10238172858953476
0.16862531006336212
0.12472370266914368
0.3786807358264923
0.12322859466075897
0.28326717019081116
0.11422565579414368
0.09933735430240631
0.10411261022090912
0.126002237200737
0.11021800339221954
0.12942342460155487
0.11518728733062744
0.09476518630981445
0.1485910415649414
0.13289251923561096
0.14867310225963593
0.11955266445875168
0.10768105834722519
0.07686436176300049
0.17347978055477142
0.09335789084434509
0.11096000671386719
0.08653492480516434
0.26383551955223083
0.09145745635032654
0.7188758254051208
0.13352926075458527
0.14683839678764343
0.09595843404531479
0.07692130655050278
0.12963898479938507
0.13254612684249878
0.1267748773097992
0.11331731081008911
0.1599677950143814
0.16712333261966705
0.20291699469089508
0.13067448139190674
0.10326685011386871
0.1676020622253418
0.13708774745464325
0.12229809910058975
0.145657017827034
0.23741191625595093
0.10913848131895065
0.1517936885356903
0.17068690061569214
0.18123355507850647
0.10067930072546005
0.16107280552387238
0.1116659864783287
0.14704787731170654
0.17333677411079407
0.12753595411777496
0.1707960069179535
0.17022207379341125
0.19707246124744415
0.2365473359823227
0.1747744381427765
0.2709794044494629
1.5107613801956177
0.1757446974515915
0.1544904112815857
0.1386120617389679
0.2347256988286972
0.15871234238147736
0.19476091861724854
0.21557964384555817
0.17397141456604004
0.16715624928474426
0.2204137146472931
0.2187826782464981
0.1583987921476364
0.1627013385295868
0.3405391275882721
0.20629708468914032
0.1468605399131775
0.1979682594537735
0.20684100687503815
0.16687382757663727
0.11834242194890976
0.16404643654823303
0.17770081758499146
0.17587822675704956
0.13401369750499725
0.14889900386333466
0.18576374650001526
0.14955274760723114
0.15653923153877258
0.13792908191680908
0.15662266314029694
0.20410163700580597
0.1706213653087616
0.1295376867055893
0.2811999022960663
0.1095970869064331
0.1667579561471939
1.824255108833313
0.1337253749370575
0.1596558690071106
0.17992059886455536
0.1754109263420105
0.16371136903762817
0.13006216287612915
0.14322371780872345
0.17256109416484833
0.14606691896915436
0.13893458247184753
0.13788552582263947
0.16225560009479523
0.1577991098165512
0.1993277668952942
0.16246327757835388
0.1453925371170044
0.15163324773311615
0.15036319196224213
0.1264500617980957
0.16547845304012299
0.15751683712005615
0.1388390213251114
0.17566603422164917
0.10795406252145767
0.17141543328762054
0.14996455609798431
0.10691074281930923
0.1493871957063675
0.15326987206935883
0.1466943770647049
0.14757150411605835
0.1471143662929535
0.1899503916501999
0.16370248794555664
0.49930572509765625
0.15856891870498657
0.4098435640335083
0.11962390691041946
0.15000614523887634
0.19845466315746307
0.15253113210201263
0.15178215503692627
0.4485693573951721
0.16466493904590607
0.11554621160030365
0.1591951698064804
0.16093751788139343
0.14864492416381836
0.1984071135520935
0.21395179629325867
0.2784287631511688
0.14639566838741302
0.15355218946933746
0.18000467121601105
0.1668083667755127
0.17126838862895966
0.1619817465543747
0.12258730828762054
0.1337333470582962
0.12636089324951172
0.17103156447410583
0.16564056277275085
0.20672398805618286
0.17169272899627686
0.14500771462917328
1.9385876655578613
0.5300588011741638
0.16911423206329346
0.19188988208770752
