0.02077077329158783
0.011476718820631504
0.01335106324404478
0.008334126323461533
0.009035713039338589
0.012079596519470215
0.014069684781134129
0.008199389092624187
0.010924789123237133
0.0067976717837154865
0.007666914723813534
0.011070426553487778
0.006658545695245266
0.010076220147311687
0.01527815219014883
0.009008335880935192
0.020052315667271614
0.017639093101024628
0.0070680477656424046
0.021174345165491104
0.00748678483068943
0.013800648972392082
0.01437524426728487
0.010402915067970753
0.019685139879584312
0.29359638690948486
0.006388713140040636
0.006406035274267197
0.0059227850288152695
0.008854234591126442
0.01667134091258049
0.013072998262941837
0.011843630112707615
0.00842609815299511
0.011671890504658222
0.011244653724133968
0.011612980626523495
0.0066337306052446365
0.0069885472767055035
0.0062902760691940784
0.012808091938495636
0.017525697126984596
0.008847231045365334
0.008282939903438091
0.00610724464058876
0.0058962395414710045
0.035922326147556305
0.015322241000831127
0.007334044203162193
0.0057060373947024345
0.011764130555093288
0.01633758284151554
0.007752168923616409
0.0099166389554739
0.018498806282877922
0.008472451940178871
0.012360239401459694
0.010672641918063164
0.012150534428656101
0.012177635915577412
0.007252142298966646
0.014205247163772583
0.013844934292137623
0.006478298921138048
0.026028813794255257
0.013048127293586731
0.015335801988840103
0.0230651143938303
0.023542510345578194
0.017528118565678596
0.020057756453752518
0.014420481398701668
0.033219754695892334
0.017478425055742264
0.01640896685421467
0.01568792760372162
0.020791802555322647
0.01692911610007286
0.014604605734348297
0.9983309507369995
0.017338905483484268
0.027272911742329597
0.029442481696605682
0.01645628921687603
0.015961140394210815
0.012929675169289112
0.015756340697407722
0.01904868520796299
0.020792800933122635
0.02080451138317585
0.036270663142204285
0.02298818528652191
0.016826462000608444
0.03500223532319069
0.02635418064892292
0.016467420384287834
0.017772546038031578
0.022715484723448753
0.052026476711034775
0.019151980057358742
0.01707421988248825
0.02031627669930458
0.021324047818779945
0.022535258904099464
0.13644865155220032
0.022071612998843193
0.016713423654437065
0.024536656215786934
0.01737394370138645
0.047210369259119034
0.03056867979466915
0.022112352773547173
0.019922079518437386
0.021145889535546303
0.017006544396281242
0.027207210659980774
0.01791219972074032
0.022892162203788757
0.0209993626922369
0.019821666181087494
0.012583857402205467
0.016362493857741356
0.02083527483046055
0.029214410111308098
0.020120028406381607
0.0213664248585701
1.2633424997329712
0.01544633787125349
0.019575655460357666
0.00481893215328455
0.00550461933016777
0.0033596346620470285
0.0031167296692728996
0.003794127143919468
0.003052028128877282
0.004419011063873768
0.003665345720946789
0.0034212442114949226
0.00588905019685626
0.010745098814368248
0.05006907880306244
0.003345975885167718
0.015417567454278469
0.1083454117178917
0.003368356032297015
0.024218443781137466
0.008363289758563042
0.005709411110728979
0.0031889055389910936
0.011382482014596462
0.040358759462833405
0.00632087979465723
0.007895092479884624
0.052267253398895264
0.0046903775073587894
0.036096081137657166
0.029916977509856224
0.05438907817006111
0.005340248811990023
0.004361394327133894
0.0042434982024133205
0.0032211176585406065
0.06069331616163254
0.0033424673601984978
0.017768822610378265
0.0034570826683193445
0.0058350590988993645
0.003530205925926566
0.05497727915644646
0.003204583888873458
0.023904327303171158
0.015941279008984566
0.0035477234050631523
0.03133446350693703
0.03795286640524864
0.0033179756719619036
0.008081087842583656
0.1757085770368576
0.016018452122807503
0.0035189103800803423
0.08313383907079697
0.032735567539930344
0.0033760282676666975
0.018177922815084457
3.09845232963562
0.004049213603138924
0.0046992492862045765
0.009408372454345226
0.05737793445587158
0.004060652107000351
0.02892269380390644
0.016841398552060127
0.056080546230077744
0.057961057871580124
0.08706825971603394
0.037407975643873215
0.043525297194719315
0.06418927013874054
0.08953926712274551
0.058316919952631
0.05713445320725441
0.039361100643873215
0.0328575074672699
0.035864636301994324
0.03193977475166321
0.06535933911800385
0.04341067746281624
0.06490355730056763
0.03402980789542198
0.0580926313996315
0.03155503049492836
0.08868918567895889
0.08483871817588806
0.040539633482694626
0.09926659613847733
0.09389926493167877
0.06995665282011032
0.07097095251083374
0.05071547254920006
0.01921132579445839
0.04857403039932251
0.0382130928337574
0.029051175341010094
0.04796281456947327
0.07277581095695496
0.07943298667669296
0.03057532198727131
0.07094269245862961
0.08020194619894028
0.034669794142246246
0.0467972606420517
0.037387020885944366
0.029083332046866417
0.15431132912635803
0.041688088327646255
0.03410744294524193
0.030514394864439964
0.03111277148127556
0.050784964114427567
0.029583321884274483
0.07062314450740814
0.0498817153275013
0.04978833720088005
0.05804787203669548
0.03815070167183876
0.08721446990966797
0.04696530103683472
0.0952092781662941
0.05280223861336708
0.07402396947145462
0.055463310331106186
0.18990740180015564
0.026843935251235962
0.049025606364011765
0.04212666675448418
0.0281837098300457
1.58620023727417
0.614625096321106
0.03746209666132927
0.003249339759349823
0.003994294907897711
0.01229687500745058
0.003122024005278945
0.029412206262350082
0.010329926386475563
0.03400065749883652
0.00531253544613719
0.012793450616300106
0.0030956193804740906
0.011893273331224918
0.005585210397839546
0.009340804070234299
0.008773929439485073
0.012888205237686634
0.003168006194755435
0.00544713344424963
0.0910746306180954
0.6227863430976868
0.015354217030107975
0.003467937931418419
0.007554787211120129
0.003153708763420582
0.014241691678762436
0.011442425660789013
0.006678356789052486
0.0031368935015052557
0.024330439046025276
0.012635660357773304
0.004322052001953125
0.8727743029594421
0.0032674819231033325
0.003210056573152542
0.0035513441544026136
0.012355787679553032
0.024612998589873314
0.0031974732410162687
0.0032373068388551474
0.0037423528265208006
0.003228706307709217
0.004074503667652607
0.003490329021587968
0.0255575068295002
0.030545635148882866
0.010709562338888645
0.0033971795346587896
0.0032548862509429455
0.061653755605220795
0.0033483020961284637
0.009647232480347157
0.0044680405408144
0.003365039126947522
0.025711463764309883
0.003150015836581588
0.005901464261114597
0.00334911304526031
0.010516127571463585
0.009565601125359535
0.0030881033744663
0.005365053191781044
0.03089183196425438
0.005944923032075167
0.00480187451466918
0.005054127890616655
0.003610500367358327
0.004816894885152578
0.008559555746614933
0.003936294000595808
0.003365958109498024
0.009699265472590923
0.006252147722989321
0.003983804024755955
0.010750231333076954
0.005140391644090414
0.003485635854303837
0.003669325029477477
0.005647900979965925
0.003751284210011363
0.003443622263148427
0.009137400425970554
0.003951928112655878
0.004536101594567299
0.003928150981664658
0.008855467662215233
0.003950839396566153
0.003829951398074627
0.0052413553930819035
0.003593378234654665
0.005786451511085033
0.003716319100931287
0.0046367947943508625
0.003598360810428858
0.006716215517371893
0.0032430801074951887
0.004322280175983906
0.006244119256734848
0.0036444328725337982
0.005348204169422388
0.004876391962170601
0.007379723712801933
0.004211645573377609
0.003957510460168123
0.007521259598433971
0.0038582426495850086
0.0070345439016819
0.00395892933011055
0.006505145691335201
0.011212474666535854
0.003839864395558834
0.0035959063097834587
0.004248799290508032
0.004525243770331144
0.0033484064042568207
0.003745757043361664
0.005885014310479164
0.009279160760343075
0.004096685443073511
0.0038910037837922573
0.004068006295710802
0.004021145403385162
0.0037762592546641827
0.003482022089883685
0.006441200152039528
0.003916118759661913
0.005419282242655754
0.5849448442459106
0.022081315517425537
0.5100650191307068
0.011960516683757305
0.009969095699489117
0.01753847301006317
0.008734802715480328
0.01976740173995495
0.016832411289215088
0.014133105985820293
0.07333984971046448
0.00652156351134181
0.007017421070486307
0.06419776380062103
0.006331315729767084
0.01252297405153513
0.07021738588809967
0.8269418478012085
0.02177085541188717
0.005388945806771517
0.0210742000490427
0.021107111126184464
0.010343587026000023
0.3225012719631195
0.004146385006606579
0.344493567943573
0.003842098405584693
0.004530928563326597
0.017176715657114983
0.005657493136823177
0.019031081348657608
0.005536781623959541
0.011157190427184105
0.01064027938991785
0.0046957116574049
0.01961713284254074
0.011931050568819046
0.0060410997830331326
0.009657507762312889
0.01543898694217205
0.022324463352560997
0.02256891317665577
0.005073069129139185
0.5989711284637451
0.0211480725556612
0.014553388580679893
0.010242195799946785
0.11510084569454193
0.024218518286943436
0.00998508557677269
0.20329925417900085
0.004051943309605122
0.02171739563345909
0.01356646791100502
0.0038462565280497074
0.01389963086694479
0.00968192145228386
0.4816456437110901
0.0038354441057890654
0.007402878720313311
0.00953836552798748
0.008213774301111698
0.007165475282818079
2.034716844558716
0.01160788256675005
0.005515608470886946
0.010755473747849464
0.005013473331928253
0.006293924525380135
0.005868840962648392
0.004976377822458744
0.005317553877830505
0.00490490673109889
0.007193064782768488
0.006938051898032427
0.004805064760148525
0.005239130463451147
0.005162881221622229
0.004501856863498688
0.005346297286450863
0.010519125498831272
0.0063410596922039986
0.005116262473165989
0.004959587473422289
0.004660383332520723
0.004713704343885183
0.01983502134680748
0.004854684695601463
0.004523453768342733
0.004788135644048452
0.005776223726570606
0.004349302034825087
0.005405473057180643
0.004477953538298607
0.008203254081308842
0.005338444374501705
0.008556004613637924
0.005768309347331524
0.011539784260094166
0.006052645854651928
0.004582631401717663
0.00561964325606823
0.005602515768259764
0.0069346013478934765
0.006860160268843174
0.005766827147454023
0.004708915017545223
0.004651916678994894
0.004902226384729147
0.004967354238033295
0.005039549898356199
0.010635864920914173
0.005668920930474997
0.013607491739094257
0.005046909675002098
0.0064451186917722225
0.0053422339260578156
0.004378123674541712
0.005254915449768305
0.004264333751052618
0.005498459562659264
0.0044008586555719376
0.011972259730100632
0.004692689049988985
0.004884644877165556
0.0046989875845611095
0.0078052254393696785
0.004990041255950928
0.24262258410453796
0.34553098678588867
0.18545415997505188
0.23370501399040222
0.26353713870048523
0.197791188955307
0.2634166181087494
0.20393578708171844
0.19311931729316711
0.2877921164035797
0.2648286819458008
0.28546765446662903
0.21680814027786255
0.2869868576526642
0.30991703271865845
0.29638949036598206
0.25506892800331116
0.2588939368724823
0.1915799379348755
0.36200523376464844
0.14791889488697052
0.2399711012840271
0.35355135798454285
0.2214626967906952
0.3522719144821167
0.15889406204223633
0.4252229928970337
0.19583606719970703
0.27850815653800964
0.20675155520439148
0.18957418203353882
0.23771998286247253
0.21551910042762756
0.15239858627319336
0.2017650157213211
0.20146605372428894
0.24637213349342346
0.17144909501075745
0.23388972878456116
0.22465039789676666
0.21889890730381012
0.1729629784822464
0.31588777899742126
0.304105281829834
0.19460178911685944
0.206617534160614
0.1872728168964386
0.2983089089393616
0.21830834448337555
0.2260705679655075
0.31633955240249634
0.21918095648288727
0.2021176964044571
0.17899367213249207
0.23603057861328125
0.6942859888076782
0.18338413536548615
0.18478712439537048
0.14241132140159607
0.3218073844909668
0.21717269718647003
0.2085333615541458
0.20495444536209106
0.18238438665866852
0.006940523628145456
0.007323996163904667
0.003407583339139819
0.0036937922704964876
0.007109883241355419
0.00479618227109313
0.007341831456869841
0.003966033924371004
0.004560735076665878
0.0037937769666314125
0.006307071540504694
0.003806269494816661
0.007168409880250692
0.008029640652239323
0.0070147207006812096
0.003864384489133954
0.004705639090389013
0.0038363689091056585
0.004275933373719454
0.003482729895040393
0.003921509720385075
0.00529802031815052
0.006119184195995331
0.005345035810023546
0.0036160494200885296
0.006131695117801428
0.0043332260102033615
0.0036820112727582455
0.021833479404449463
0.005355063360184431
0.2450581192970276
0.03484141081571579
0.0035859732888638973
0.0060852933675050735
0.004093148745596409
0.006051304284483194
0.006394509691745043
0.0036603149492293596
0.004291034769266844
0.005522921681404114
0.005504685454070568
0.007542248349636793
0.004512382671236992
0.01547857653349638
0.004118102602660656
0.007551167160272598
0.004336548037827015
0.006238891743123531
0.017119871452450752
0.24410231411457062
0.0058908117935061455
0.00407260050997138
0.00380062242038548
0.005465933587402105
0.0041296351701021194
0.005142015404999256
0.003785571316257119
0.8488209843635559
0.007222839165478945
0.004982117097824812
0.005315027665346861
0.005181002896279097
0.006006699055433273
0.0047585489228367805
0.5761035680770874
0.0892055332660675
0.07625170052051544
0.31380289793014526
0.09982134401798248
0.05251288786530495
0.1326645016670227
0.19992172718048096
0.11550233513116837
0.1380154937505722
0.08372791111469269
0.07475288957357407
0.3963358700275421
0.25326037406921387
0.452619731426239
0.1112690195441246
0.06043993681669235
0.3748915195465088
0.7031424045562744
0.1396876573562622
0.8570728898048401
0.0776732787489891
0.09205169975757599
0.6230102777481079
0.07778187841176987
0.17996828258037567
0.16233862936496735
1.407444953918457
0.044332120567560196
2.196516990661621
0.18430571258068085
1.8761686086654663
0.0793745145201683
0.3450219929218292
3.2444100379943848
0.06163259968161583
0.9224824905395508
0.12527422606945038
0.05601032078266144
0.2467804104089737
2.483711004257202
0.08901173621416092
0.17778468132019043
1.491612434387207
4.5864033699035645
0.4184017777442932
0.10177505761384964
0.09092355519533157
0.08968163281679153
0.09039228409528732
0.20761418342590332
0.5308226346969604
0.09818671643733978
0.5964016914367676
0.1364729255437851
0.09780923277139664
0.07868058979511261
1.984928011894226
0.30030015110969543
0.6017810702323914
0.07169046252965927
0.14143523573875427
0.09664314240217209
0.08400130271911621
0.018261628225445747
0.01663297973573208
0.030269907787442207
0.013971364125609398
0.016916312277317047
0.02207385189831257
0.01906869374215603
0.017915185540914536
0.02886890061199665
0.017906183376908302
0.018960077315568924
0.021468456834554672
0.0425465852022171
0.018183758482336998
0.011864211410284042
0.019565735012292862
0.01881810463964939
0.02267068438231945
0.015708593651652336
0.020075518637895584
0.014830151572823524
0.018887437880039215
0.01650800183415413
0.024431560188531876
0.044658392667770386
0.0246485136449337
0.028557734563946724
0.014614906162023544
0.017692647874355316
0.016938937827944756
0.012613651342689991
0.021465392783284187
0.015454634092748165
0.02415778860449791
0.028006400913000107
0.039680324494838715
0.023226169869303703
0.0216977521777153
0.01897713541984558
0.014244165271520615
0.027316715568304062
0.024214034900069237
0.3869420886039734
0.015336277894675732
0.014854257926344872
0.018394527956843376
0.020592842251062393
0.015978345647454262
0.017161725088953972
0.020165888592600822
0.02619900368154049
0.020699338987469673
0.03033103235065937
0.02465898171067238
0.025373008102178574
0.02882707118988037
0.025580938905477524
0.011121058836579323
0.041463106870651245
0.01723974384367466
0.018515564501285553
0.02466924861073494
0.030860576778650284
0.023724298924207687
