0.3193266689777374
0.1856449693441391
0.0717589408159256
0.6094184517860413
0.004616446327418089
0.11546400189399719
0.6659863591194153
0.011426402255892754
0.019075630232691765
0.10298801958560944
0.06434932351112366
0.07642418891191483
0.049402277916669846
0.19013337790966034
0.03292921930551529
0.07146959751844406
0.7372943758964539
0.5768580436706543
0.032228417694568634
0.017743533477187157
0.007486546877771616
0.9490103125572205
0.06301328539848328
0.2197437435388565
0.06015188619494438
0.0028550615534186363
0.02114238776266575
0.32878148555755615
0.3169696629047394
0.017750492319464684
0.1827489733695984
0.28754162788391113
0.06027870625257492
0.191581591963768
0.09983126074075699
0.052793875336647034
0.047302793711423874
0.19743964076042175
0.19346940517425537
0.17182378470897675
0.13878054916858673
0.05993296951055527
0.08547594398260117
0.6452855467796326
0.05186181515455246
0.26056182384490967
0.04866284877061844
0.31879279017448425
0.05759459733963013
0.13975515961647034
0.002101100282743573
0.07163277268409729
0.04338940232992172
0.0881364569067955
0.0005529687623493373
0.04560723528265953
0.3181694447994232
0.07538126409053802
1.440154790878296
0.03549125790596008
0.03582408279180527
0.14430974423885345
0.06263291835784912
0.030596710741519928
0.020745232701301575
0.1122237965464592
0.13820616900920868
0.03981700539588928
0.049559786915779114
0.09296002984046936
0.1282309889793396
0.021410055458545685
0.06246592104434967
0.14939208328723907
0.19876493513584137
0.15161819756031036
0.03529844805598259
0.028329193592071533
0.1598922610282898
0.2665795087814331
0.1394374519586563
0.035128816962242126
0.11631719768047333
0.183273047208786
0.1013549417257309
0.04082367569208145
1.4427728652954102
0.014003636315464973
0.06575547903776169
0.23612497746944427
0.38933882117271423
0.08363190293312073
0.2033839225769043
0.06928952038288116
0.10471910983324051
0.6121213436126709
0.5427073240280151
0.008582981303334236
0.07884303480386734
0.12636490166187286
0.011431699618697166
0.0652676373720169
0.3343125581741333
0.010857011191546917
0.02739504911005497
0.02474812977015972
0.1174655482172966
0.01945766992866993
0.24668806791305542
0.1095171719789505
1.3675426244735718
0.06142181158065796
0.027017980813980103
0.05584112927317619
0.06660652160644531
0.13321553170681
0.09288891404867172
0.020432552322745323
0.009393274784088135
0.025152314454317093
0.13698385655879974
0.12148860096931458
0.03501153364777565
0.09191177040338516
0.34544655680656433
0.06457632035017014
0.11106707900762558
0.03467586636543274
0.03394303470849991
0.014512521214783192
0.5431703925132751
0.047968026250600815
0.023318646475672722
0.04911990463733673
0.003029086161404848
0.04433262348175049
0.07779550552368164
0.041365206241607666
0.07414570450782776
0.12350223958492279
0.11500820517539978
0.008243432268500328
0.08786005526781082
0.018768398091197014
0.16977547109127045
0.14835257828235626
0.06356898695230484
0.07459574937820435
0.13882607221603394
0.042614586651325226
0.13330647349357605
0.1317543089389801
0.08595017343759537
0.0012884406605735421
0.26318830251693726
0.03300923481583595
0.16583329439163208
0.008631219156086445
0.07874669879674911
0.2413327544927597
0.06071566790342331
0.03268533572554588
0.0541502945125103
0.011437245644629002
0.006049631163477898
0.03413412347435951
0.07902142405509949
0.6707931160926819
1.1755070686340332
0.10723214596509933
0.06863409280776978
0.1433591991662979
0.28471121191978455
0.0706951916217804
0.45607978105545044
0.4899643659591675
0.15352964401245117
0.036692529916763306
0.08426496386528015
0.1114969253540039
0.016607144847512245
0.24928541481494904
0.10417912900447845
0.015560216270387173
0.06532881408929825
0.18044547736644745
0.05717131122946739
0.8524402379989624
0.03786465525627136
0.09270751476287842
0.18332302570343018
0.02020685002207756
0.11539068818092346
0.016918964684009552
0.08635208010673523
0.11604049801826477
0.0532059445977211
0.012418299913406372
0.05367155000567436
0.2277386635541916
0.10884404927492142
0.16100560128688812
0.3520566523075104
0.10383208096027374
0.02205638587474823
0.04092610999941826
0.6968985795974731
0.07451409846544266
0.052277736365795135
0.020587753504514694
0.13607248663902283
0.16119590401649475
0.03342370688915253
0.0642804279923439
0.7242991924285889
0.33270031213760376
0.19835767149925232
0.231143057346344
0.011271308176219463
0.6488843560218811
0.07902643829584122
0.1635115146636963
0.019971352070569992
0.0747424066066742
0.04354402422904968
0.08521709591150284
0.06762050837278366
0.022655276581645012
0.1535031497478485
0.08705925196409225
0.09303873777389526
0.16770759224891663
0.08572132140398026
0.01050686463713646
0.4040002226829529
0.5547757744789124
0.17784960567951202
0.04654853790998459
0.2339714616537094
0.021919315680861473
0.032685287296772
0.2628268599510193
0.047764718532562256
0.14649830758571625
0.08447577059268951
0.0782058909535408
0.07910794764757156
0.007098452188074589
0.08343005925416946
0.07906468957662582
0.18917109072208405
0.004317174199968576
0.013399412855505943
1.7915459871292114
0.07861986011266708
0.04969377443194389
0.07008703052997589
0.010174069553613663
0.08719318360090256
0.0772387683391571
0.539048433303833
0.05727642402052879
0.06353750079870224
0.011510513722896576
0.41462287306785583
0.3250671327114105
0.013475412502884865
0.07748214155435562
0.2035021334886551
0.028198692947626114
0.007776387967169285
0.01582442969083786
0.1154450997710228
0.02442546933889389
0.02958950214087963
0.21925082802772522
0.2343064695596695
0.15961404144763947
0.2012198269367218
0.15237495303153992
0.041283510625362396
0.008288281038403511
0.007556204684078693
0.016803769394755363
0.01656743511557579
0.000864473928231746
3.0144248008728027
0.0005393842002376914
0.010733171366155148
0.020234374329447746
0.28152668476104736
0.08816390484571457
0.35367003083229065
0.07750211656093597
0.04398885369300842
0.03411474451422691
0.13362383842468262
0.04669094458222389
0.07185345888137817
0.1916167140007019
0.0681934654712677
0.28255417943000793
0.07244837284088135
0.26153290271759033
0.04477563500404358
0.10187948495149612
0.057720933109521866
0.12447606027126312
0.09897735714912415
0.0327167734503746
0.08309366554021835
0.11468750238418579
0.08026387542486191
0.102397620677948
0.49247151613235474
0.33838409185409546
0.21058689057826996
0.09139024466276169
0.0399073101580143
0.05419470742344856
0.313353031873703
0.036709148436784744
0.14172738790512085
0.0409652478992939
0.02297663316130638
0.029072154313325882
0.02983466349542141
0.029443295672535896
0.019160157069563866
0.05456773191690445
0.000549741555005312
0.3482193648815155
0.6130378842353821
0.0028202433604747057
0.0744798555970192
0.055804118514060974
0.05549907684326172
0.2182195782661438
0.05152628943324089
0.0330158956348896
0.11759268492460251
0.030135503038764
0.06797093152999878
0.13094593584537506
0.01694779098033905
0.09849969297647476
0.013382798060774803
0.029960084706544876
0.019788304343819618
0.12675389647483826
0.42197439074516296
0.5457296371459961
0.07046734541654587
0.028043309226632118
0.06005888059735298
0.04256598278880119
0.014794256538152695
0.093613401055336
0.47121375799179077
0.7673185467720032
0.029489466920495033
0.073675237596035
0.274204283952713
0.023617418482899666
0.08057765662670135
0.07787340134382248
0.016935143619775772
0.05994270741939545
0.03401414304971695
1.451907753944397
0.03647809103131294
0.34266066551208496
0.04487944766879082
0.10839614272117615
0.08167244493961334
0.059102535247802734
0.07542983442544937
0.0056741503067314625
0.10862760990858078
0.5960808396339417
0.03173605725169182
0.036270834505558014
0.12447048723697662
1.3049770593643188
0.5107305645942688
0.059970129281282425
0.0035905898548662663
0.044723812490701675
0.012407662346959114
0.08933264762163162
0.01345524936914444
0.16184476017951965
0.004165377933532
0.043082479387521744
0.21920758485794067
0.1258314698934555
0.3005390763282776
0.10667812824249268
0.04356484115123749
0.06959614902734756
0.019158288836479187
0.22996468842029572
0.028408702462911606
0.41926881670951843
0.0703057050704956
0.056236159056425095
0.556190013885498
0.29665520787239075
0.06742489337921143
0.04405801743268967
0.009945746511220932
0.0617603175342083
1.4785349369049072
0.33196505904197693
0.012094751931726933
0.04215550422668457
1.1624215841293335
0.04227053374052048
0.04865731671452522
0.4874867796897888
0.04881290718913078
0.03286740928888321
0.035620857030153275
0.01784675568342209
0.03571559488773346
0.16130629181861877
1.476633906364441
0.04669544845819473
0.07615748792886734
0.0058431196957826614
0.10342716425657272
0.09767506271600723
0.4791789650917053
0.12755653262138367
0.06299348175525665
0.049646373838186264
0.0867520272731781
0.14525315165519714
0.07139555364847183
0.009038575924932957
0.12137056887149811
0.09309805929660797
1.5168099403381348
0.066612109541893
0.5095496773719788
0.035825543105602264
0.06391600519418716
0.26895657181739807
0.2729105055332184
0.12171849608421326
0.02052493393421173
0.40196728706359863
0.1169971227645874
0.08420547097921371
0.036779627203941345
0.01426649373024702
0.054669152945280075
0.07034676522016525
0.08450207114219666
0.01135424617677927
0.04267503693699837
0.043667107820510864
0.001187003217637539
0.013001637533307076
0.04701923578977585
0.18292799592018127
0.21592912077903748
0.1291096955537796
0.1329183578491211
0.036064039915800095
0.06563890725374222
0.05098385736346245
0.08869975060224533
0.08553286641836166
0.0902547836303711
0.18670570850372314
0.016860200092196465
0.5026564002037048
0.25124794244766235
0.049861107021570206
0.003354408545419574
0.09119869768619537
0.01716645620763302
0.36869463324546814
0.03921932727098465
0.04070701450109482
0.4481094479560852
0.018531937152147293
0.03981541842222214
0.05609212443232536
0.08863026648759842
0.0008930047042667866
0.0019440737087279558
0.5908743143081665
0.09009718894958496
0.04769271984696388
0.06892424076795578
0.18200945854187012
0.11522082984447479
0.04442179575562477
0.030445057898759842
0.08416052907705307
0.026528406888246536
0.019121209159493446
0.06940632313489914
0.19005393981933594
1.1466022729873657
0.04153865575790405
0.11875905841588974
0.005237016826868057
0.13318312168121338
0.7519356608390808
0.14959539473056793
0.011455124244093895
0.016502417623996735
0.15873122215270996
0.24099011719226837
0.07522089779376984
0.11266037076711655
0.03090052306652069
0.16375985741615295
0.10940691828727722
0.03910413011908531
0.05847824364900589
0.2288602590560913
0.035339657217264175
0.12372653186321259
0.32475048303604126
0.04354947432875633
0.044272154569625854
0.009174608625471592
0.050892215222120285
1.9721759557724
0.10314194858074188
0.6239420771598816
0.021621830761432648
0.2135026901960373
0.380551278591156
0.006835867650806904
0.04211578145623207
0.10515464842319489
0.18548080325126648
0.021099910140037537
0.017920227721333504
0.03200289607048035
0.018011339008808136
0.15837761759757996
0.16897724568843842
0.06296724826097488
0.0149669935926795
0.5786876082420349
0.04976915940642357
0.1270255148410797
0.01883913390338421
0.018146704882383347
0.21929700672626495
0.20189648866653442
0.46007469296455383
0.20196717977523804
0.042280107736587524
0.051059186458587646
0.008053919300436974
0.1399945318698883
0.08111418038606644
0.0026695537380874157
0.10089047998189926
0.04234573617577553
0.1085844412446022
0.03123207949101925
0.08258411288261414
0.06384968012571335
0.1806572526693344
0.06392377614974976
0.06907855719327927
0.03573116660118103
0.058198265731334686
0.3024347424507141
0.04244503751397133
0.3530367612838745
0.19235992431640625
0.2793377637863159
0.03463193029165268
1.0012730360031128
0.3858550786972046
0.0529012531042099
2.9147019386291504
0.1390923410654068
0.3068985939025879
0.027261026203632355
1.2544749975204468
0.02186768501996994
0.011759771965444088
0.2069607377052307
0.021932581439614296
0.2770172655582428
0.035665787756443024
0.1155644878745079
0.08407270163297653
0.08743755519390106
0.28472453355789185
0.13701003789901733
0.35102757811546326
0.01672198809683323
0.18544478714466095
0.2267230600118637
0.09129168838262558
0.04970567300915718
1.824084997177124
0.11183103919029236
0.4035781919956207
0.004046970512717962
0.09608912467956543
0.21374063193798065
0.018017860129475594
0.04169602692127228
0.0038590228650718927
0.6402124166488647
0.017899930477142334
0.03933170065283775
0.11611797660589218
0.05787498876452446
0.01269771158695221
0.3908652067184448
0.023332681506872177
0.7311541438102722
0.022829830646514893
0.7293370962142944
0.020621955394744873
0.044059593230485916
0.052667804062366486
0.0871121734380722
0.013538621366024017
0.05336575582623482
0.09782391041517258
0.10489484667778015
0.06336280703544617
0.0705709233880043
0.0866340771317482
0.04586122930049896
0.054975636303424835
0.061811745166778564
0.4903465509414673
0.1714807003736496
0.053564734756946564
0.14959314465522766
0.012168916873633862
4.625076144293416e-06
0.09186592698097229
0.24686168134212494
0.023184284567832947
0.11389794945716858
0.05639198422431946
0.11495698243379593
0.19469790160655975
0.030309446156024933
0.19311071932315826
0.04772937297821045
0.47904881834983826
0.10279020667076111
0.06637884676456451
0.03869347274303436
0.18248999118804932
0.0581713505089283
0.7364220023155212
0.07154080271720886
0.04587094858288765
0.019365550950169563
0.010116011835634708
0.233711376786232
0.0035721363965421915
0.01013950165361166
0.012792490422725677
0.09501456469297409
1.1036356687545776
0.4385554790496826
1.9813677072525024
0.3608498275279999
0.0007323706522583961
0.10908275842666626
0.1350463330745697
0.20517469942569733
0.034459188580513
0.047229137271642685
0.07311497628688812
3.5508487224578857
0.05250328406691551
0.10905559360980988
0.06327417492866516
1.4976513385772705
0.009408066980540752
0.16129529476165771
1.9674593210220337
0.043342530727386475
0.007561920210719109
0.08459994196891785
0.0569460429251194
1.1085734367370605
0.06501323729753494
0.05152213200926781
0.3141656219959259
0.14479169249534607
0.03854406625032425
0.13495665788650513
0.02014864981174469
0.013839996419847012
0.2290588766336441
0.0843406543135643
0.05914917588233948
0.1819942742586136
0.7108973860740662
0.14065618813037872
0.07734934240579605
0.014651745557785034
0.09697796404361725
0.03723161667585373
0.2506020665168762
1.2027047872543335
0.09336522221565247
0.015830684453248978
0.01614360697567463
0.06853322684764862
0.07748638838529587
0.23012681305408478
0.2795173227787018
0.0781492367386818
0.049237243831157684
0.4531906545162201
0.053522758185863495
0.019161559641361237
0.02728203684091568
0.03674750030040741
0.05084427446126938
0.000756746856495738
0.11785100400447845
0.17787349224090576
0.3123069107532501
0.10062376409769058
0.014954345300793648
0.43306806683540344
0.08699870109558105
0.044940147548913956
0.02491714619100094
0.05711052194237709
0.06900500506162643
0.3948282301425934
0.02742067165672779
0.21894899010658264
0.1875593513250351
0.1274733990430832
0.008862707763910294
0.16193260252475739
0.05560198053717613
0.09395460784435272
0.012708674184978008
0.008549789898097515
0.045054446905851364
0.08358702063560486
0.21800027787685394
0.027371864765882492
0.022380707785487175
0.008413229137659073
0.04587607830762863
0.031909067183732986
0.8965067863464355
0.18758726119995117
0.0329664945602417
0.0762430876493454
0.11581530421972275
0.012822819873690605
0.0964619368314743
0.06975263357162476
0.023372620344161987
0.11514634639024734
0.08185803890228271
0.12987712025642395
0.0006454312242567539
0.050893571227788925
0.12088505923748016
0.21389168500900269
0.16994452476501465
0.06461779773235321
0.004021161701530218
0.05890418589115143
0.025768768042325974
0.04690117388963699
0.7572393417358398
0.03137953206896782
0.030655572190880775
0.15446177124977112
0.010380272753536701
0.12889480590820312
0.09419984370470047
0.15173137187957764
0.031830545514822006
0.09025219082832336
0.04161028563976288
0.05747491121292114
0.038045484572649
0.3115924894809723
0.04755677655339241
0.21193797886371613
0.07207878679037094
0.013755572028458118
0.05790198594331741
0.31113454699516296
0.07000836730003357
0.23846004903316498
0.02621905319392681
0.0789136290550232
0.13309736549854279
0.014090102165937424
0.3383801281452179
0.05164539813995361
0.3964073956012726
0.08324076980352402
0.0873052254319191
0.008681605570018291
0.42438697814941406
0.056733179837465286
0.02775616943836212
0.003427776973694563
0.14025507867336273
0.07687132805585861
0.002154644811525941
0.11991890519857407
0.016426991671323776
0.0574389323592186
0.061968252062797546
0.11302521824836731
0.39470532536506653
0.26273900270462036
0.009242597036063671
0.06372281908988953
0.13278762996196747
0.04068757966160774
0.05762966349720955
0.13894672691822052
2.7544310092926025
0.036969102919101715
0.18763479590415955
0.06822981685400009
0.098454050719738
0.069302998483181
0.03380873426795006
0.07195769250392914
0.07838418334722519
0.05661557614803314
0.16660748422145844
0.023644570261240005
0.03691178187727928
0.07479511201381683
0.027123425155878067
0.007461434230208397
0.30932244658470154
7.591031317133456e-05
0.345602810382843
0.5283094644546509
0.8058408498764038
0.0397162139415741
0.18629638850688934
0.005886527709662914
0.40770596265792847
0.04647466540336609
0.17474927008152008
0.1953071802854538
0.00110779725946486
0.05813955143094063
0.23518572747707367
0.021185867488384247
0.13021866977214813
0.08185335993766785
0.12111796438694
0.032777078449726105
0.32847657799720764
0.14342497289180756
0.11367760598659515
0.09243661910295486
0.36223486065864563
0.04490315914154053
0.08419618010520935
2.3594970116391778e-05
0.06662691384553909
0.022490588948130608
0.16950714588165283
0.029396947473287582
0.07691225409507751
0.05932595208287239
0.07304967939853668
0.059610724449157715
0.08160662651062012
0.031038567423820496
0.11252020299434662
0.002062124665826559
0.06949393451213837
0.035753533244132996
0.020180750638246536
0.12857484817504883
0.056954275816679
0.1079351007938385
0.18792997300624847
0.10626453161239624
0.057499874383211136
0.11090452969074249
0.1019103154540062
0.007554984651505947
0.29799994826316833
0.1334773302078247
0.05676430091261864
0.04930848628282547
0.13621269166469574
0.06439227610826492
0.01731165125966072
0.052727315574884415
0.20618848502635956
0.05071886628866196
0.2448982298374176
0.3175421953201294
0.19387364387512207
0.7969967722892761
2.2295398712158203
0.012088795192539692
0.8837176561355591
1.085258960723877
0.028400830924510956
0.040208544582128525
0.18087342381477356
0.03243798390030861
0.4833656847476959
0.17622363567352295
0.04687514901161194
0.028159547597169876
0.11923941224813461
0.2525327503681183
0.2770226299762726
0.043993208557367325
1.034530520439148
0.03719570115208626
0.057650137692689896
0.35545581579208374
0.15544600784778595
0.05132763832807541
0.06080406531691551
0.7557246088981628
0.669139564037323
0.22454191744327545
0.12318374961614609
0.003421125700697303
0.17643220722675323
0.19030393660068512
0.04781203344464302
0.029394948855042458
0.5626824498176575
0.06414034217596054
0.12743449211120605
0.024868203327059746
0.0858495682477951
0.20470303297042847
0.03604001924395561
0.12027060985565186
0.02501034364104271
0.04692976176738739
1.330087661743164
1.3763821125030518
0.014346463605761528
0.12100695073604584
0.08931536972522736
0.03272935003042221
0.03409827500581741
0.09815308451652527
0.018840931355953217
0.07825278490781784
0.20263870060443878
0.20754557847976685
0.006548459641635418
0.1666584461927414
0.11067105084657669
0.044412773102521896
0.03538460284471512
0.010329635813832283
0.06673245877027512
0.1875331699848175
0.24286043643951416
0.04305410385131836
0.054537270218133926
0.042931776493787766
0.19376057386398315
0.04644005745649338
0.15637272596359253
0.014850924722850323
0.021226685494184494
0.03432935103774071
0.03120962530374527
0.0656595528125763
0.060282181948423386
0.19517558813095093
0.18892976641654968
0.057672955095767975
0.139735609292984
0.03808519244194031
0.01912747509777546
0.04441596195101738
0.06138228625059128
0.02554888278245926
0.5857535600662231
0.00296940840780735
0.03747748211026192
0.01888364367187023
0.13356716930866241
0.023365238681435585
0.022333823144435883
0.1512666940689087
0.005349709652364254
0.026852276176214218
0.053216591477394104
0.026090197265148163
0.14122121036052704
0.15482591092586517
0.1809655874967575
0.10769595205783844
0.01805112138390541
0.09206851571798325
0.05970839783549309
0.24689115583896637
0.05893935263156891
0.06416033953428268
0.052905648946762085
0.11427081376314163
0.012147515080869198
0.14938420057296753
0.08599092811346054
0.39354634284973145
0.012648115865886211
0.13288693130016327
0.0918782502412796
0.028558399528265
0.01519332267343998
0.027206363156437874
0.03460879623889923
0.17962460219860077
0.041600558906793594
0.03356405720114708
0.2828279435634613
0.21448732912540436
0.9504947662353516
0.24705380201339722
0.8057944178581238
0.059351321309804916
0.03387397155165672
0.036220990121364594
0.17452581226825714
0.04350860416889191
0.1109209805727005
0.04367344081401825
0.22147858142852783
0.026528894901275635
0.0724637359380722
0.009461924433708191
0.010442913509905338
0.08381730318069458
0.2591247260570526
0.08144791424274445
0.05288887396454811
0.17772574722766876
0.11695367097854614
0.04164985939860344
0.12279516458511353
0.06210091710090637
0.5456960201263428
0.12875081598758698
0.09117397665977478
0.01398913748562336
0.27082398533821106
0.033603083342313766
0.29873329401016235
0.02654246985912323
0.042094141244888306
0.0628896951675415
0.2630322575569153
0.062232304364442825
0.007151482161134481
0.019953466951847076
0.02279108390212059
0.010315397754311562
0.2200976312160492
0.5710974931716919
0.07976663112640381
0.23147010803222656
0.03459116443991661
0.2118902951478958
0.007205858826637268
0.12797783315181732
0.26005956530570984
0.14362910389900208
1.641605019569397
0.07408296316862106
0.021268142387270927
0.1710931956768036
0.06337461620569229
0.31059446930885315
0.002733641304075718
0.02273043803870678
0.038245536386966705
0.10574937611818314
0.04344161972403526
0.08658922463655472
0.038779642432928085
0.029173264279961586
0.08752895891666412
0.03909490630030632
0.07567193359136581
0.2008522003889084
0.0978492945432663
0.08255132287740707
0.1733112931251526
0.03672046959400177
0.0009372008498758078
0.005059903021901846
0.09934880584478378
0.04586179181933403
0.006656317971646786
0.04125599190592766
0.15136198699474335
0.8743242025375366
0.08041202276945114
0.055494070053100586
0.08807080239057541
0.06182976812124252
0.0860326811671257
0.03459342569112778
0.05608554929494858
0.06778129935264587
0.042149949818849564
0.06621132045984268
0.8824671506881714
0.25815626978874207
0.0487651601433754
0.09861829876899719
0.5570380687713623
0.2658330798149109
0.11602944135665894
0.12824100255966187
0.30547335743904114
0.01646573655307293
0.1577889323234558
0.027098210528492928
0.3290860950946808
0.06187456101179123
0.0009771754266694188
0.1453443467617035
0.054013315588235855
0.09736810624599457
0.42702963948249817
0.024898460134863853
0.1187073141336441
0.12215165048837662
0.07843569666147232
0.09073573350906372
0.08059053122997284
0.040227580815553665
0.17669838666915894
0.11894050985574722
0.09351520240306854
0.9297025799751282
0.13158126175403595
0.06700833886861801
0.13091881573200226
0.18051549792289734
0.08003601431846619
0.03830777108669281
0.11799824237823486
0.04508448392152786
0.15354077517986298
0.2025023102760315
0.1113777607679367
0.060975831001996994
0.14010600745677948
0.023387279361486435
0.07473278045654297
0.08324367552995682
0.09007752686738968
0.12439287453889847
0.24989168345928192
0.21419507265090942
0.29340609908103943
0.028904713690280914
0.05786897987127304
0.13424266874790192
0.4867827892303467
0.08984231948852539
0.022060371935367584
0.005578224081546068
0.016935445368289948
0.051884476095438004
0.238594651222229
0.03545018285512924
0.05376341938972473
0.19145435094833374
0.02110256254673004
0.029240509495139122
0.00914052501320839
0.1414060741662979
0.20130868256092072
0.0874374583363533
0.1052873358130455
0.093393974006176
0.057125452905893326
0.04527954384684563
0.30524393916130066
0.5151132345199585
0.034980934113264084
0.07628165930509567
0.02225445583462715
0.11889666318893433
0.03889031335711479
0.04119766876101494
0.17275771498680115
0.10913685709238052
0.08123090863227844
0.025657324120402336
0.02910713106393814
0.21936994791030884
0.12667863070964813
0.44278332591056824
0.027669059112668037
0.04826619476079941
0.1614467203617096
0.036825522780418396
0.2729451656341553
0.8924005031585693
0.01483926922082901
0.022418221458792686
1.6395550966262817
0.11971357464790344
0.0059359027072787285
0.1479877382516861
0.05875439941883087
0.008417889475822449
0.035309627652168274
0.007892994210124016
0.1976896971464157
0.06255266815423965
0.07294577360153198
0.06570319831371307
0.07551578432321548
0.013752874918282032
0.5540722012519836
0.036443065851926804
0.05507172271609306
1.1473568677902222
0.12581665813922882
0.09633670002222061
0.10996393114328384
0.08395159244537354
0.40502190589904785
0.04235656559467316
0.08948712050914764
0.07631825655698776
0.08276490122079849
0.08331124484539032
0.22134581208229065
0.12756669521331787
0.05695338174700737
0.11811255663633347
0.09696061909198761
0.08936889469623566
0.021101150661706924
0.0574183352291584
0.0371713787317276
0.014557812362909317
0.1781996786594391
0.0010902008507400751
0.14200465381145477
0.0066110738553106785
0.05504753440618515
0.12343417853116989
0.43053770065307617
0.14306241273880005
0.1955312341451645
0.10158868134021759
0.10725368559360504
0.10128428041934967
0.16096635162830353
0.002150861080735922
0.013848024420440197
0.021058836951851845
0.06976551562547684
0.0129629448056221
0.07617666572332382
0.3458263874053955
0.0834338590502739
0.7495729327201843
0.07096122205257416
0.10545534640550613
0.023594507947564125
0.007677038665860891
0.057119984179735184
0.04769181087613106
0.03313563019037247
0.1271689236164093
0.5114063620567322
0.08601000159978867
0.006331000942736864
0.08836894482374191
0.019770650193095207
0.07049891352653503
0.09478554874658585
0.083124540746212
0.06304507702589035
0.6007290482521057
0.2915214002132416
0.12142318487167358
0.1849035918712616
0.2475181519985199
0.12883271276950836
0.054873429238796234
1.8109698295593262
0.04443315789103508
0.06190706416964531
0.026337604969739914
0.7721531987190247
0.07372680306434631
0.07568760216236115
0.8614445924758911
0.1396774798631668
0.03444245085120201
0.00025541006471030414
0.05406028404831886
0.1877702921628952
0.07643209397792816
0.07627612352371216
0.03502362594008446
0.20721633732318878
0.09559022635221481
0.19356968998908997
0.0018500029109418392
0.05715857446193695
0.0749276652932167
0.02055826410651207
0.31685757637023926
0.17033293843269348
0.1133357509970665
1.1945661306381226
0.0015832418575882912
0.06720460206270218
0.017594315111637115
0.03668121621012688
0.18185955286026
0.024359114468097687
0.03390183299779892
0.08467575907707214
0.021210502833127975
0.04947197437286377
0.20269577205181122
0.2975773513317108
0.07387293875217438
0.05952055752277374
0.2119874507188797
0.025350051000714302
0.8979273438453674
0.019059928134083748
0.05810032784938812
0.03987671807408333
0.09043852984905243
0.059264276176691055
0.0460563600063324
0.01863538660109043
0.4803173243999481
0.053308241069316864
0.10394224524497986
0.08772071450948715
0.015758978202939034
0.07751921564340591
0.03610911965370178
0.5224023461341858
0.9113592505455017
0.07692669332027435
0.14406616985797882
0.030229346826672554
0.2130819708108902
0.1326969414949417
0.13608390092849731
0.2682693898677826
0.007283380255103111
0.20453865826129913
0.0629308894276619
0.08360208570957184
0.0982055738568306
0.0768556147813797
0.0411553792655468
0.17398399114608765
0.08862239867448807
0.6479443907737732
0.053202517330646515
0.2539899945259094
0.03400216996669769
0.37504684925079346
0.088016077876091
0.13444876670837402
0.14357039332389832
0.004954781848937273
0.04049481078982353
0.058245424181222916
0.17603382468223572
0.09639747440814972
0.09316909313201904
0.07445556670427322
0.04297000169754028
0.05294487625360489
0.1281205713748932
0.18371552228927612
0.024581236764788628
0.007167294155806303
0.11136594414710999
0.06782668083906174
0.35135024785995483
0.2837405800819397
0.0384974330663681
0.35457974672317505
0.09549901634454727
0.6249271035194397
0.06556068360805511
0.118886798620224
0.0786750316619873
0.12601132690906525
0.5002855062484741
0.29302388429641724
0.05771742761135101
0.23989363014698029
0.08402185142040253
0.0019757754635065794
0.11760783195495605
0.09393487870693207
0.512718915939331
0.011126648634672165
0.0930362343788147
0.009546364657580853
0.43255317211151123
0.0444040410220623
0.04000013321638107
0.05718608200550079
0.07203377783298492
0.06047064810991287
0.17498962581157684
0.007558177690953016
0.04853743314743042
0.3916410207748413
0.11687932908535004
0.042441073805093765
0.040814779698848724
0.5787800550460815
0.11755332350730896
0.04782732576131821
0.022556010633707047
0.16426900029182434
0.02306721918284893
0.16283872723579407
0.08842110633850098
0.01627269946038723
0.028058355674147606
0.009655479341745377
0.15958750247955322
0.026943562552332878
0.021852154284715652
0.10921306163072586
0.0751960352063179
0.09493771940469742
0.03790350258350372
0.025374755263328552
0.18825332820415497
0.2258298546075821
0.0838715136051178
0.2396075576543808
0.08139877021312714
0.0627540871500969
0.01686525158584118
0.06507989019155502
0.03665975108742714
0.1336483657360077
0.7067705392837524
0.02828083001077175
0.052044324576854706
0.006682849954813719
0.24139554798603058
0.10898891091346741
0.03288224712014198
0.10531708598136902
0.07732395082712173
0.11194075644016266
0.08239401131868362
0.1487288475036621
0.041832465678453445
0.0008805077522993088
0.061347365379333496
0.08495687693357468
0.09595787525177002
0.07937218993902206
0.0007491664728149772
0.002902674488723278
0.22630566358566284
0.01984402909874916
0.17002207040786743
0.4900945723056793
0.06561124324798584
0.02794760838150978
0.029976336285471916
0.2453899085521698
0.07607606798410416
1.0411885976791382
0.029806330800056458
0.1780373454093933
0.05637194961309433
0.07033964991569519
0.3898402750492096
0.18989349901676178
0.014773527160286903
0.008943692781031132
3.4381942749023438
0.540299117565155
0.056228116154670715
0.03304510936141014
0.043763644993305206
0.08159665018320084
0.07872050255537033
0.0392049103975296
0.0967504233121872
0.09238678216934204
0.019103605300188065
0.034149110317230225
0.0022404915653169155
0.05324074625968933
0.04356134682893753
0.26856622099876404
0.1262868493795395
0.49775388836860657
0.1295902281999588
0.012232842855155468
0.05662127584218979
0.06181005388498306
0.14076590538024902
0.18585017323493958
0.7626001238822937
0.05874176695942879
0.05249527841806412
0.0979156568646431
0.026784542948007584
0.15369874238967896
0.07258202880620956
0.04113902151584625
0.09127208590507507
0.003320951946079731
0.029782725498080254
0.050819676369428635
0.04788591340184212
0.0345412939786911
0.06413450092077255
0.03265693038702011
0.010703607462346554
0.39592236280441284
0.02391374111175537
0.3829363286495209
0.09798245131969452
0.02120188996195793
0.029974212870001793
0.07594623416662216
0.1391584426164627
0.0562448725104332
0.003986115101724863
0.05662739276885986
0.008250908926129341
0.16154782474040985
0.08097203820943832
0.07865677773952484
0.03407369926571846
0.14532357454299927
0.08568206429481506
0.06602510809898376
0.09284532815217972
0.1071704551577568
0.2712247967720032
0.08284448832273483
0.08038026839494705
0.05330592393875122
0.20642177760601044
0.8044640421867371
0.08160162717103958
0.6886448860168457
0.0911397784948349
0.018516819924116135
0.04916200041770935
0.16560867428779602
0.04352802783250809
0.06347091495990753
0.018179697915911674
0.14115944504737854
0.15282370150089264
0.011898871511220932
0.055836305022239685
0.03108205646276474
0.01649363711476326
0.037089090794324875
0.014604508876800537
0.18563735485076904
0.0699474960565567
0.0065214065834879875
0.05542583018541336
0.19341564178466797
0.2739730477333069
0.000782639894168824
0.30397260189056396
0.02520272694528103
0.08441423624753952
0.12295655161142349
0.028239639475941658
0.04467937722802162
0.8184911012649536
0.07521171867847443
0.06650866568088531
0.0075807394459843636
0.3370110094547272
0.34440097212791443
0.0657472237944603
0.08702197670936584
0.06648266315460205
0.030500352382659912
0.1026964783668518
0.024649275466799736
0.4481191337108612
0.3369123935699463
0.02918221428990364
0.018605584278702736
0.11266875267028809
0.052224066108465195
0.07625013589859009
0.14669449627399445
0.07760617882013321
0.08086363226175308
0.012693600729107857
0.10064972192049026
0.06807724386453629
0.152226060628891
0.017876049503684044
0.10498355329036713
0.039572734385728836
0.06164813041687012
0.060615699738264084
0.047223106026649475
0.0584782138466835
0.005046694073826075
0.23905333876609802
0.3070244789123535
0.056744541972875595
0.004687161650508642
0.0667257085442543
0.3482547700405121
0.04100935906171799
0.05237991735339165
0.07361932098865509
0.05190485715866089
0.080159991979599
0.017926206812262535
0.07655253261327744
0.12349571287631989
0.08198383450508118
0.06949030607938766
0.031986285001039505
0.048500120639801025
0.4765768349170685
0.06564413756132126
0.09110195189714432
0.02453482896089554
0.005790545139461756
2.4349048137664795
0.06594301760196686
0.8837200999259949
0.2501054108142853
0.1198354959487915
0.33272606134414673
0.044763751327991486
0.2545662522315979
0.034620072692632675
0.03556913137435913
0.133680060505867
0.07355768978595734
0.030046185478568077
0.0727650448679924
0.15120439231395721
0.07774621993303299
0.11317829042673111
0.08139082789421082
0.10993105173110962
0.07500399649143219
0.06107712909579277
0.2610835134983063
0.07520908117294312
1.3171879053115845
0.03585639223456383
0.16303931176662445
0.03828669711947441
0.5286906361579895
0.1359524130821228
0.0863361805677414
0.00045074394438415766
0.38315725326538086
0.02139442227780819
0.0013529874850064516
0.10385476052761078
0.06427352130413055
0.0960266962647438
2.986786365509033
0.05640370398759842
0.05086682364344597
0.05307969078421593
0.09484411031007767
0.021452778950333595
0.14255516231060028
0.059283290058374405
0.10263078659772873
0.07456263899803162
0.14024612307548523
0.06639973074197769
0.36000651121139526
0.1951366364955902
0.1067364364862442
0.022569632157683372
0.18954557180404663
0.003242445643991232
0.013343164697289467
0.19668661057949066
0.029522569850087166
0.0547245517373085
0.6115070581436157
0.02719365432858467
0.045437511056661606
0.1536026895046234
0.07037539035081863
0.052262239158153534
0.0014710047980770469
0.07571335881948471
0.08983151614665985
0.07081592828035355
0.08264483511447906
0.012562664225697517
0.2788749933242798
0.08320745825767517
0.05599120259284973
0.0584038682281971
0.1885109841823578
0.03180171549320221
0.05498459190130234
0.06619353592395782
0.015454025939106941
1.0564059019088745
0.04580897092819214
0.04181324318051338
0.07383845746517181
0.06402356922626495
0.05620342120528221
0.22392229735851288
0.021984810009598732
0.8696361780166626
0.034527115523815155
0.13418275117874146
0.032870352268218994
0.09133385866880417
0.07135453075170517
0.1424071043729782
0.16740266978740692
0.09319308400154114
0.030553972348570824
0.343258261680603
0.22432146966457367
0.008330948650836945
0.08693652600049973
0.41462022066116333
0.10919223725795746
0.04402238503098488
0.023105449974536896
0.05142252892255783
0.014302914962172508
0.048035480082035065
0.35962051153182983
0.07839889824390411
0.058031607419252396
0.007730797398835421
0.12594656646251678
1.3817681074142456
0.05045390501618385
0.4440942108631134
0.09669759124517441
0.01878293789923191
0.028754830360412598
0.07382269203662872
0.2300320416688919
0.04645293205976486
0.06483923643827438
0.19993196427822113
0.012183851562440395
0.022567613050341606
0.00026894378243014216
0.03791928291320801
0.005754068493843079
0.12765344977378845
0.0023635353427380323
0.0072249555960297585
0.0410950742661953
0.23024003207683563
0.30466097593307495
0.10463906824588776
0.13252218067646027
0.05146956816315651
0.23530420660972595
0.4907865524291992
0.02954716607928276
0.30331137776374817
0.1604040414094925
0.03164403513073921
0.034558288753032684
0.035172637552022934
0.003623583121225238
0.049282535910606384
0.14526709914207458
0.0681513175368309
0.29015836119651794
0.065870001912117
0.2917868196964264
0.41070109605789185
0.13330543041229248
0.26276469230651855
0.006727316416800022
0.5938517451286316
0.008186785504221916
0.0479886457324028
0.39184504747390747
1.8155856132507324
0.006585519760847092
0.06467255204916
0.03991478681564331
0.09566133469343185
0.07766775041818619
0.23706024885177612
0.026373039931058884
0.06103891506791115
0.07401350140571594
0.14260931313037872
0.408110111951828
0.0036808960139751434
0.03491270914673805
0.10059420764446259
0.057945575565099716
0.033156849443912506
0.10665986686944962
0.007031395565718412
0.00978479441255331
0.21543273329734802
0.5105744004249573
0.07252225279808044
0.07749781012535095
0.03241017460823059
0.1300257295370102
0.07402502745389938
0.2132742553949356
0.15261845290660858
0.11432589590549469
0.038299500942230225
0.037628646939992905
0.5173578262329102
0.027134250849485397
0.18137381970882416
0.12046222388744354
0.12278074026107788
0.044732119888067245
0.2876448333263397
0.030667167156934738
1.3238294124603271
0.09893020987510681
0.11813286691904068
0.06109512224793434
0.04417836666107178
0.10546301305294037
0.034344881772994995
0.1365424245595932
0.010059827007353306
0.0008214348927140236
0.027154995128512383
0.04405291751027107
0.19883520901203156
0.06330929696559906
0.027474606409668922
0.18129919469356537
0.37626248598098755
0.28178220987319946
0.12571707367897034
0.11781623959541321
0.12401343137025833
0.11756114661693573
0.15263782441616058
0.054987043142318726
0.11223457753658295
0.8319315314292908
0.0027146488428115845
0.11684305220842361
0.14448535442352295
0.11534788459539413
0.037258658558130264
0.007712442893534899
0.04546697437763214
0.08127719908952713
0.1286151260137558
0.021128345280885696
0.11507005989551544
0.03259405866265297
0.08020549267530441
0.228537917137146
0.08878602087497711
0.0046961563639342785
0.09216129779815674
0.23139463365077972
0.09350265562534332
0.09031450003385544
0.05960796773433685
0.02103275991976261
0.023825956508517265
0.013944677077233791
0.11119138449430466
0.23758667707443237
0.32267633080482483
0.06890600174665451
0.08052168041467667
0.08787539601325989
0.006078428588807583
0.14106851816177368
0.052555643022060394
0.21860302984714508
0.020256679505109787
0.02343316376209259
0.07616657018661499
0.13142935931682587
0.013278720900416374
0.065883107483387
0.02237872965633869
0.05585720017552376
0.023146312683820724
0.009250646457076073
0.037821389734745026
0.1826121211051941
0.1116696372628212
0.15448249876499176
0.11834857612848282
0.04128841310739517
0.04002683609724045
0.06981868296861649
0.09992434084415436
0.022600390017032623
0.03729616105556488
0.12336256355047226
0.01357203908264637
0.018290696665644646
0.15468595921993256
1.0066689252853394
0.08054744452238083
0.216001495718956
0.027590518817305565
0.1170160174369812
0.029321013018488884
0.002618043217808008
0.05154082179069519
0.09290050715208054
0.07434365153312683
0.06442273408174515
0.23723666369915009
0.10853905230760574
0.16365869343280792
0.1466091275215149
0.028185393661260605
0.0400325246155262
0.03915826231241226
0.0016152826137840748
0.1113099455833435
0.11703196167945862
0.06600053608417511
0.057092469185590744
0.0004309156211093068
0.07692981511354446
0.013839129358530045
0.00693510239943862
0.13078874349594116
0.10815631598234177
0.1870744526386261
0.26489317417144775
0.018673472106456757
0.09234847873449326
5.099985355627723e-05
0.11519793421030045
0.13406077027320862
0.053595758974552155
0.04143792763352394
0.039790473878383636
0.11233946681022644
0.030688703060150146
0.08032335340976715
0.018059464171528816
0.5473045706748962
0.027539659291505814
0.0009697383502498269
0.0009311761241406202
0.08186893910169601
0.18555209040641785
0.013575085438787937
0.22318518161773682
0.03783983364701271
0.14901652932167053
0.7846333980560303
0.030832499265670776
0.0443887822329998
0.007302924059331417
0.2476542890071869
0.10407386720180511
0.5282784104347229
0.17651499807834625
0.1991952657699585
0.0624360628426075
0.14943799376487732
0.14938758313655853
0.0387219674885273
0.10933509469032288
0.7178527116775513
0.15371376276016235
0.05429992824792862
0.05869404971599579
0.06848388910293579
0.4550553262233734
0.1466529220342636
0.033014971762895584
0.15813621878623962
0.1204800233244896
0.056719571352005005
0.3212415874004364
0.03853457793593407
0.15268917381763458
0.02509412355720997
0.01740678772330284
0.10577519237995148
0.06684563308954239
0.048253484070301056
0.02378096990287304
1.9452259540557861
0.1522156149148941
0.10256747901439667
0.056140441447496414
0.47574275732040405
0.09720361977815628
0.052392877638339996
0.05617254227399826
0.058409105986356735
0.11751393973827362
0.296031653881073
0.03446914255619049
0.09940125793218613
0.011720284819602966
0.02328674867749214
0.03169633075594902
0.14711560308933258
0.058962948620319366
0.6275005340576172
0.0006588128162547946
0.09655647724866867
0.027358708903193474
0.03245001286268234
0.01800343580543995
0.0018128125229850411
0.5004442930221558
0.010267473757266998
0.029653478413820267
0.37095826864242554
0.0637587383389473
0.03532231226563454
0.11212994158267975
0.2551298439502716
0.02088852971792221
0.3147944509983063
0.07658056914806366
0.1068962812423706
0.0003138983156532049
0.07026699930429459
0.039983659982681274
0.3248863220214844
0.10421827435493469
0.038241878151893616
0.05529895797371864
0.07161165028810501
0.34847113490104675
0.04447649046778679
0.07826098799705505
0.058486614376306534
0.15076009929180145
0.05017189309000969
0.0634080246090889
1.3256590366363525
0.007997702807188034
0.1060386672616005
0.06778239458799362
0.08021686971187592
0.06924910098314285
0.031107259914278984
0.06134164705872536
0.3246042728424072
0.04019046947360039
0.024488862603902817
0.08113259077072144
0.10931459069252014
0.16292721033096313
0.31544938683509827
0.041108086705207825
1.2859628200531006
0.20131002366542816
0.08834787458181381
0.5061548948287964
0.1306789070367813
0.031373247504234314
0.02693709172308445
0.46246397495269775
0.02526778168976307
0.02982349321246147
0.0674339160323143
0.05116654187440872
0.051870156079530716
0.1701052486896515
0.03664351627230644
0.07601773738861084
0.23981517553329468
0.0856250748038292
0.0027215268928557634
0.06329931318759918
0.48973700404167175
0.00232619303278625
0.5785109996795654
0.04643215239048004
0.10785272717475891
0.06965284794569016
0.049927763640880585
0.027712127193808556
0.1581210196018219
0.2662973701953888
0.1472214013338089
0.3239259123802185
0.11579183489084244
0.36325880885124207
0.055310241878032684
0.023503519594669342
0.07684028148651123
0.06738276779651642
0.07716768234968185
0.03444327786564827
0.08381368219852448
0.028455985710024834
0.5563120245933533
0.029684580862522125
0.04631548747420311
0.018495429307222366
0.01411782018840313
0.09618966281414032
0.08769044280052185
0.28101059794425964
0.08386257290840149
0.10545482486486435
0.06946506351232529
0.10469267517328262
0.017041277140378952
0.06398649513721466
0.11436901241540909
0.03367079794406891
0.054848410189151764
0.09889937192201614
0.045102309435606
0.0719657838344574
0.26831209659576416
0.12123878300189972
0.04803583025932312
0.06426983326673508
0.04778086766600609
0.027438869699835777
0.04910394176840782
1.3719501495361328
0.08521436899900436
0.1915646344423294
0.056971363723278046
0.526492178440094
0.08477559685707092
0.0273598562926054
0.608977735042572
0.012079802341759205
0.29922646284103394
0.5131198167800903
0.15499646961688995
0.12749555706977844
0.35807567834854126
0.3011299967765808
0.05834267660975456
0.1698402464389801
0.05271942913532257
0.11254486441612244
0.1745719611644745
0.11060479283332825
0.027347106486558914
0.005873934365808964
0.006066351663321257
0.032612815499305725
0.06514374911785126
0.1296992301940918
0.551792562007904
0.06299468874931335
0.11210356652736664
0.11169155687093735
0.0010846022050827742
0.04463005065917969
0.0827835202217102
0.07628663629293442
0.11388219147920609
0.05728684738278389
0.21563827991485596
0.07559917867183685
0.019390247762203217
0.06135273352265358
0.16450846195220947
0.14200587570667267
0.07276601344347
0.1129465103149414
0.21131759881973267
0.11962997168302536
0.1577043980360031
0.2013416439294815
0.13310164213180542
0.06736389547586441
0.21834836900234222
0.4790676534175873
0.06509139388799667
0.08365699648857117
0.07013192027807236
0.049792248755693436
0.07617833465337753
0.18539679050445557
0.11932288855314255
0.11244308948516846
0.03639393299818039
0.011717237532138824
0.0041553545743227005
0.05792892724275589
0.9913326501846313
0.08544108271598816
0.11059890687465668
0.47737064957618713
0.05582982674241066
0.11849575489759445
0.009716222994029522
0.061379700899124146
0.3093909025192261
0.024182327091693878
0.06316517293453217
0.6228784322738647
0.002038101200014353
0.024250304326415062
0.011366738937795162
4.02030611038208
0.03348499909043312
0.8796702027320862
0.004517192952334881
0.021004460752010345
0.6192116141319275
0.03558099642395973
0.03694174438714981
0.058602042496204376
0.07641216367483139
1.1355723142623901
0.0025061960332095623
0.10201006382703781
0.3123069703578949
0.4470357596874237
0.14390282332897186
0.15656431019306183
0.13929837942123413
0.15353579819202423
0.06729240715503693
0.8301853537559509
0.005926118697971106
0.16170834004878998
0.1612914502620697
0.019336499273777008
0.093691386282444
0.0030097472481429577
0.08557909727096558
0.08724053204059601
0.06405964493751526
0.10567889362573624
0.003939364105463028
0.009199989028275013
0.12128548324108124
0.3759903013706207
0.33917883038520813
0.02641358971595764
0.02420048974454403
0.06073009967803955
0.10530664771795273
0.06245071440935135
0.013552659191191196
0.028394153341650963
0.05977696180343628
0.0244065523147583
0.08147123456001282
0.15769018232822418
0.10053178668022156
0.2663869857788086
0.17706452310085297
0.000908024376258254
0.016351910308003426
0.7268064022064209
0.10313348472118378
0.04355693235993385
0.3357692360877991
0.11219700425863266
0.0013382132165133953
0.06809105724096298
0.02289394475519657
0.019364014267921448
0.13658879697322845
0.0012935358099639416
0.07155773043632507
0.06410564482212067
0.06152484938502312
0.12158156931400299
0.1532481163740158
0.059548310935497284
0.10974980145692825
0.005877078510820866
0.09559565037488937
0.1086508110165596
0.03223879635334015
0.08108536899089813
0.4430595934391022
0.04797125980257988
0.037571899592876434
0.0247193593531847
0.07904829829931259
0.058248285204172134
0.010640564374625683
0.1561524122953415
0.006221321411430836
0.10998570173978806
0.13221071660518646
0.04773150384426117
0.10523439198732376
0.031938336789608
1.415015459060669
0.025149283930659294
0.7113185524940491
0.0023642180021852255
0.1934865117073059
0.06568948179483414
0.0012380339903756976
0.1303323358297348
0.10472714900970459
0.1679895967245102
0.4380742609500885
0.15849092602729797
0.07454860210418701
0.399822473526001
0.00920186098664999
0.08080338686704636
0.04127206653356552
0.13362640142440796
0.08944061398506165
0.019120346754789352
0.14463259279727936
0.020788678899407387
0.10123778134584427
0.05006944015622139
0.18541719019412994
1.7056459188461304
0.039488501846790314
0.014697859063744545
0.07479649782180786
0.1882724016904831
0.08690585941076279
0.0595892034471035
0.1378900110721588
0.2912385165691376
0.00178779277484864
0.2393292486667633
0.08203507959842682
0.1601216197013855
0.043494753539562225
0.20091940462589264
0.1367039680480957
0.08230681717395782
0.1621350347995758
0.0059812371619045734
0.0011827686103060842
0.04438939318060875
0.05226510763168335
0.16106782853603363
0.6635149717330933
0.02160760387778282
0.04505559429526329
0.03993237018585205
0.0036447239108383656
0.0471157468855381
0.09127434343099594
0.09753987938165665
0.04087138921022415
0.02792517840862274
0.518660306930542
0.08808351308107376
0.0008730036788620055
0.37739208340644836
0.09398779273033142
0.0746031254529953
0.05399627983570099
0.02213234081864357
0.012416185811161995
0.10454443097114563
0.07386062294244766
0.030116861686110497
0.036313436925411224
1.045027494430542
0.11496078968048096
0.320004940032959
0.03108077682554722
0.04863547533750534
0.03626377508044243
0.11465451121330261
0.06858759373426437
0.04360576719045639
0.08027714490890503
0.2369871735572815
0.04087004065513611
0.11126171052455902
0.08982601016759872
0.22609280049800873
0.09168295562267303
3.0478315238724463e-05
0.05690823867917061
0.03397577255964279
0.008315627463161945
0.03021928295493126
0.011252746917307377
0.07933752238750458
0.013699161820113659
0.04479198157787323
0.07327719777822495
0.027341965585947037
0.06854856759309769
0.007999432273209095
0.38080471754074097
0.06411795318126678
0.028925759717822075
0.02212510257959366
0.0909813717007637
0.07429077476263046
0.005103894509375095
0.033316124230623245
0.027113690972328186
0.0029644945170730352
0.03950206935405731
0.025840789079666138
0.026412446051836014
0.05227835476398468
0.3586193025112152
0.30515894293785095
0.02792743220925331
0.4976464509963989
0.03947104513645172
0.0103372260928154
0.07095663249492645
0.11662071943283081
0.1573045402765274
0.09882192313671112
0.6155298948287964
0.5807111859321594
0.02169700153172016
0.0828223004937172
0.046634841710329056
2.0695579051971436
0.03962763026356697
0.052038803696632385
0.03990960493683815
0.12802709639072418
0.13315947353839874
0.06962306052446365
0.0874917060136795
0.08871309459209442
0.09784862399101257
0.15986546874046326
0.02542431280016899
0.08689407259225845
0.10805318504571915
0.24240510165691376
0.48253461718559265
0.9962033033370972
0.051970258355140686
0.2708852291107178
0.023311568424105644
0.08123350143432617
0.09812064468860626
0.03306356444954872
0.0626474991440773
0.09461621195077896
1.5149682760238647
0.015154832042753696
0.04989909380674362
0.01712014153599739
0.055360205471515656
0.05876393988728523
0.11935513466596603
0.05546434968709946
0.07526469230651855
0.23607981204986572
0.18640382587909698
0.14698825776576996
0.16490639746189117
0.07926484942436218
0.09882719814777374
0.205122709274292
0.26785266399383545
0.04198002070188522
0.07452671974897385
0.044319238513708115
0.09811824560165405
0.08339358866214752
0.052795156836509705
0.0782264918088913
0.0315108485519886
0.07875753194093704
0.02313685044646263
0.1402607560157776
0.09636672586202621
0.39511802792549133
0.1758754849433899
0.6311502456665039
0.05703433230519295
0.1579059362411499
0.09199367463588715
0.06275466829538345
0.07904180884361267
0.1365308314561844
0.03401940315961838
0.2083507776260376
0.05217299237847328
1.6412025690078735
0.05164298415184021
0.0445890910923481
0.08705554902553558
0.1429113894701004
0.05711568146944046
0.1772104799747467
0.20189180970191956
0.07263467460870743
0.06256245821714401
0.0027900920249521732
0.17309238016605377
0.192806214094162
0.16198205947875977
0.008119958452880383
0.049815546721220016
0.013507534749805927
0.7282723784446716
0.005263246595859528
0.13626065850257874
0.02639223262667656
0.1186710000038147
0.08273273706436157
0.17353805899620056
0.12961959838867188
0.039399147033691406
0.00027307626442052424
0.1824951469898224
0.013145851902663708
0.016829490661621094
0.13385070860385895
0.03074994869530201
0.10062307119369507
0.11403099447488785
0.09854298084974289
0.03011593222618103
0.009143926203250885
0.045928217470645905
0.08046656101942062
0.05824436992406845
0.03398195281624794
0.7861654758453369
0.12767279148101807
0.11914375424385071
0.31075242161750793
0.06350664794445038
0.03641369193792343
0.09258349239826202
0.07511996477842331
0.028498318046331406
0.06854651868343353
0.01943681389093399
0.10334175825119019
0.07962089031934738
0.03848131000995636
0.053801145404577255
0.07940608263015747
0.023226309567689896
0.38241204619407654
0.8060899972915649
0.19567547738552094
0.035217296332120895
0.09744811803102493
0.05747639015316963
0.0010873274877667427
0.46314314007759094
0.08004038035869598
0.41904908418655396
0.07139158993959427
0.06863747537136078
0.07504846900701523
0.09907292574644089
0.041617151349782944
0.016386177390813828
0.15224458277225494
0.012100175023078918
0.019344275817275047
0.05371314287185669
0.030044957995414734
0.10421635210514069
0.03215000778436661
0.04589807987213135
0.2615930736064911
0.04053043574094772
0.1916324943304062
0.0025488079991191626
0.371448814868927
0.058179743587970734
0.08725347369909286
0.038168057799339294
0.02394728548824787
0.0016213376075029373
0.060153353959321976
0.04254060238599777
0.08177035301923752
0.15059250593185425
0.6994681358337402
0.0731055811047554
0.02559211291372776
0.10759741812944412
0.12838000059127808
0.0977616086602211
0.3268342614173889
0.12878496944904327
0.9493019580841064
0.006343051791191101
0.08014770597219467
0.04462602734565735
0.033451713621616364
0.07301738858222961
0.0698155090212822
0.1644560843706131
0.21312184631824493
0.07433321326971054
0.1597890406847
0.04030127450823784
0.47895389795303345
0.06264206022024155
0.06819622218608856
0.6129615902900696
0.023708229884505272
0.006373514886945486
1.0467792749404907
0.032710883766412735
0.013035647571086884
0.0219888873398304
0.004108858294785023
0.0963127613067627
0.03973422944545746
0.03536272048950195
0.13101699948310852
0.400184690952301
0.013343392871320248
1.1453176736831665
0.058474648743867874
0.018235575407743454
0.06524072587490082
0.09132946282625198
0.12336069345474243
0.11740556359291077
0.055440325289964676
0.07616826891899109
0.04218790680170059
0.7327686548233032
0.04721589758992195
0.017286192625761032
0.1862877756357193
0.17940230667591095
0.12240596115589142
0.10904540866613388
0.07683459669351578
0.0008290258119814098
0.06818222999572754
0.012057790532708168
0.2082342654466629
0.09693506360054016
0.04324676841497421
0.19175967574119568
0.04594068229198456
0.047560159116983414
0.5168479084968567
0.05835449695587158
0.11525116860866547
0.09222014993429184
0.41319870948791504
0.8144918084144592
0.1938380002975464
1.765316367149353
0.08404193073511124
0.15654639899730682
0.21295705437660217
0.06036067008972168
0.044621776789426804
0.017215104773640633
0.037762049585580826
0.02084115706384182
0.14819803833961487
0.01610979065299034
0.02339906617999077
0.1756579428911209
0.036091141402721405
0.06585927307605743
0.6762320399284363
0.13595978915691376
0.11167789250612259
0.01768195442855358
0.02582286112010479
0.09843534231185913
0.011441112495958805
0.19724887609481812
0.04371977224946022
0.09604215621948242
0.05014292895793915
0.07503616064786911
0.0873161181807518
0.2774442732334137
0.02049747109413147
0.33316946029663086
0.03956037759780884
0.0490461140871048
0.008830641396343708
0.034039873629808426
0.12030420452356339
0.21277350187301636
0.0389857143163681
0.07493868470191956
0.731909453868866
0.05644737556576729
0.11989708989858627
0.04823247343301773
0.08438234031200409
0.06296320259571075
0.4173794388771057
0.0001612552150618285
0.03188014030456543
0.04041050747036934
0.09333515167236328
0.49874958395957947
0.2533397078514099
0.052507802844047546
0.09673767536878586
0.04438037425279617
0.04203848913311958
0.38374146819114685
0.175149068236351
0.01997712440788746
0.24262282252311707
0.01976238749921322
0.04885862022638321
0.23195931315422058
0.0901106670498848
0.06309673935174942
0.05621900409460068
0.03843545541167259
0.2357690930366516
0.06323862820863724
0.08350876718759537
0.14016428589820862
0.08147086203098297
0.2419596016407013
0.18837006390094757
0.030851835384964943
0.05554065480828285
0.2832656502723694
0.16566869616508484
0.09634682536125183
0.05450711399316788
0.07126370072364807
0.3524366319179535
0.0007830229005776346
0.0240036454051733
0.3143046796321869
0.19701489806175232
0.04087038338184357
0.1597403734922409
0.045589521527290344
0.05379027873277664
0.004573546350002289
0.12187295407056808
0.06252606213092804
0.07768194377422333
0.06424614787101746
0.15699750185012817
0.04814663156867027
0.0974358320236206
0.0062916153110563755
0.042259667068719864
0.0003968080854974687
0.054922934621572495
0.39137643575668335
0.08487081527709961
0.22615444660186768
0.06121397763490677
0.07651921361684799
0.020138153806328773
0.05606938526034355
0.07066044956445694
0.11452392488718033
0.06630489230155945
0.4813765287399292
0.009049540385603905
0.10910827666521072
0.11036566644906998
0.0037206104025244713
0.26209017634391785
0.030906114727258682
0.013878741301596165
0.06482940912246704
0.09261325001716614
0.19095899164676666
0.14761509001255035
0.18557387590408325
0.2857816219329834
0.12037190794944763
0.0038624287117272615
0.20155297219753265
0.017658233642578125
0.025268279016017914
0.061299797147512436
0.011423003859817982
0.041887301951646805
0.17735035717487335
0.3935868442058563
0.03654307872056961
0.06454852968454361
0.05738747492432594
0.16761738061904907
0.0775173008441925
0.09049271047115326
0.5725682377815247
0.11050017923116684
0.0414213091135025
0.06331076472997665
0.08263439685106277
0.04747159034013748
0.011593898758292198
0.0009280667291022837
0.15146085619926453
0.10392981767654419
0.29921388626098633
0.08500925451517105
0.2987031638622284
0.2515897750854492
0.2579958438873291
0.07077300548553467
0.08478108048439026
0.923429548740387
0.049648746848106384
0.057834237813949585
0.0220167376101017
0.05368479713797569
0.02056211419403553
0.05306050181388855
0.1374756395816803
0.07371648401021957
0.028457283973693848
0.16807211935520172
0.041253115981817245
0.03563518822193146
0.3112761378288269
0.07740087062120438
0.12227988988161087
0.08948031067848206
0.0626310333609581
0.041985683143138885
0.13542324304580688
0.9459748864173889
0.00016373844118788838
0.1333608627319336
0.019665010273456573
0.03479385003447533
0.7878202795982361
0.025222230702638626
0.023471519351005554
0.04822716861963272
0.16161814332008362
0.12595410645008087
0.07171312719583511
0.45175328850746155
0.10581278800964355
0.08579763770103455
0.16286398470401764
0.004010709933936596
0.4596208930015564
0.014373453333973885
0.6073269844055176
0.0533171184360981
0.000365154177416116
0.39604899287223816
0.024553613737225533
0.1200203076004982
0.08905439078807831
0.07834908366203308
0.06973858922719955
0.036703865975141525
0.03971925377845764
0.16544345021247864
0.07940804958343506
0.09798194468021393
0.07909980416297913
0.06273984909057617
0.0827983170747757
0.0634140744805336
0.3386557102203369
0.3668145537376404
0.044712748378515244
0.19296418130397797
0.07150959968566895
0.06371932476758957
0.054490599781274796
0.00919884443283081
0.03017197921872139
0.04952457547187805
0.08922161906957626
0.1675483137369156
0.0032202834263443947
0.05877505987882614
1.6333845853805542
0.0036341098602861166
0.07350466400384903
0.02146894484758377
0.04647623375058174
0.22761976718902588
0.12201067805290222
0.0944603756070137
0.043625570833683014
0.058142371475696564
0.07402858883142471
0.07159017026424408
0.16957078874111176
0.04253651201725006
0.33278951048851013
0.7971147298812866
0.07705117762088776
0.0957208201289177
0.10789061337709427
0.3729788362979889
0.0644008219242096
0.10540615767240524
0.27395251393318176
0.041994933038949966
0.7676522135734558
0.0638175904750824
0.048708632588386536
0.3472237288951874
0.00015862300642766058
0.1736040860414505
0.346645712852478
0.12775780260562897
0.07998932898044586
0.058700673282146454
0.1755027323961258
0.03041152097284794
0.10147866606712341
0.3293137848377228
0.10552668571472168
0.8764523267745972
0.22286787629127502
0.328324556350708
0.14165736734867096
0.054411981254816055
0.011879033409059048
0.060121458023786545
0.09639435261487961
0.032370664179325104
0.1562393307685852
0.13522440195083618
0.011807767674326897
0.044937003403902054
0.14697645604610443
0.08379760384559631
0.0316787026822567
0.07931943237781525
0.042506732046604156
0.03865822032094002
0.1617555469274521
0.016832619905471802
0.22160542011260986
0.2134915292263031
0.06844758242368698
0.00012691096344497055
0.08503083884716034
0.3560298681259155
0.029053501784801483
0.02544073760509491
0.040129054337739944
0.05197487771511078
0.16867734491825104
0.010109445080161095
0.05010666325688362
0.0760100856423378
0.04883670061826706
0.05624164268374443
0.0011642123572528362
0.18257883191108704
0.07773902267217636
0.4338300824165344
0.03687917813658714
0.08271753042936325
0.05742901936173439
0.04180137813091278
0.0507088229060173
0.06192599609494209
0.04990927502512932
0.0785396471619606
0.4041658639907837
0.3650672435760498
0.05965656787157059
0.10527101159095764
0.09685228765010834
0.09471849352121353
0.0716421902179718
0.002464716089889407
0.03210251033306122
0.05659870058298111
0.265768438577652
0.6226453185081482
0.08890414237976074
0.05500161647796631
0.08005685359239578
0.1591114103794098
0.036224864423274994
0.4068593680858612
0.02322574146091938
0.09079542011022568
0.1783871203660965
0.2646406888961792
0.012750079855322838
0.004259031265974045
0.005665818229317665
0.0584247000515461
0.04951373115181923
0.0799560472369194
0.37209945917129517
0.07314891368150711
0.13340888917446136
0.14785714447498322
0.038133759051561356
0.05630679056048393
0.13263505697250366
0.07805675268173218
0.2264849990606308
0.18881046772003174
0.34535184502601624
0.10628712177276611
0.06255200505256653
