0.0029408202972263098
0.01889639161527157
0.03213111683726311
0.001795794814825058
0.0019815650302916765
0.002780981594696641
0.03944531828165054
0.0012099600862711668
0.002223007148131728
0.0014963955618441105
0.001243522041477263
0.0012202166253700852
0.007663532625883818
0.001110551180317998
0.042630307376384735
0.002423942554742098
0.014598499983549118
0.04943673312664032
0.015430067665874958
0.001121234381571412
0.0006457511335611343
0.03417506814002991
0.0010341980960220098
0.0033985814079642296
0.030415602028369904
0.0013456810265779495
0.04395519569516182
0.03792515769600868
0.0012652797158807516
0.013373465277254581
0.10569654405117035
0.0027487960178405046
0.07370282709598541
0.03946596011519432
0.0030072377994656563
0.007148624863475561
0.002408538479357958
0.006351569667458534
0.048652712255716324
0.06129726767539978
0.00033234941656701267
0.04749291017651558
0.0583205409348011
0.0007445973460562527
0.05340562015771866
0.011156619526445866
0.0009996670996770263
0.02745283581316471
0.0006305920542217791
0.017453448846936226
0.031947050243616104
0.0229379590600729
0.0011877691140398383
0.0001761503954185173
0.0012687838170677423
0.0021605580113828182
0.005409214645624161
0.0006104663480073214
0.0006390265771187842
0.000874084304086864
0.0006014688988216221
0.035046398639678955
0.001248241518624127
0.0013356731506064534
0.061290252953767776
0.0007913533481769264
0.05172709375619888
0.0009435383253730834
0.0013192229671403766
0.03300866484642029
0.03022747114300728
0.0011074456851929426
0.0011064911959692836
0.06198988854885101
0.01086602546274662
0.046205855906009674
0.0318431481719017
0.002487622667104006
0.004061595071107149
0.05646401271224022
0.0011703291675075889
0.0013560696970671415
0.00146451685577631
0.027457965537905693
0.0033191214315593243
0.03940844163298607
0.004101816564798355
0.0019839017186313868
0.035174135118722916
0.0021747914142906666
0.023077715188264847
0.0015359397511929274
0.004197160713374615
0.01136658526957035
0.01817118376493454
0.0012495212722569704
0.0028733410872519016
0.01995961181819439
0.08666600286960602
0.01695835590362549
0.0011863881954923272
0.002692625392228365
0.0020068150479346514
0.006913975812494755
0.002423248253762722
0.0008340586209669709
0.04373008385300636
0.04400970786809921
0.0369316041469574
0.031599629670381546
0.044605813920497894
0.038472358137369156
0.004018941894173622
0.002426436170935631
0.0011481796391308308
0.00030160925234667957
0.002191077684983611
0.025248710066080093
0.018905440345406532
0.03235232084989548
0.17637871205806732
0.002234918065369129
0.00037021382013335824
0.05506606772542
0.003922559786587954
0.005795375909656286
0.037743907421827316
0.046413108706474304
0.04913321137428284
0.003047650447115302
0.0005027772858738899
0.0010808405932039022
0.030710389837622643
0.05607062205672264
0.05456914007663727
0.001142029883340001
0.03199843689799309
0.00013719775597564876
0.04528630152344704
0.0011764728697016835
0.030737951397895813
0.02645215019583702
0.0023377968464046717
0.015203544870018959
0.0811421126127243
0.0024627610109746456
0.0007727625197730958
0.0026912519242614508
0.0008226321078836918
0.05033516883850098
0.04818155616521835
0.00046759264660067856
0.022697478532791138
0.02852894924581051
0.0029203060548752546
0.02699444442987442
0.08439210057258606
0.017744092270731926
0.030939921736717224
0.003635852597653866
0.0018952839309349656
0.0014373528538271785
0.0007212039781734347
0.03107391484081745
0.022189363837242126
0.08738124370574951
0.001213778741657734
0.014682958833873272
0.0005485782749019563
0.0011744317598640919
0.0011757815955206752
0.0006684929830953479
0.01690858229994774
0.0024074905086308718
0.038159310817718506
0.0014707359950989485
0.024280034005641937
0.05258873477578163
0.0338057242333889
0.002255416242405772
0.0022219757083803415
0.03176319599151611
0.036651283502578735
0.0297302957624197
0.0009152442216873169
0.04385551065206528
0.043293535709381104
0.004190745763480663
0.002309562871232629
0.02382153831422329
0.04828542098402977
0.1169721856713295
0.0011374772293493152
0.0020493329502642155
0.0026836530305445194
0.0011023663682863116
0.060425497591495514
0.0030076554976403713
0.0170863289386034
0.0032798130996525288
0.0005705254734493792
0.023776987567543983
0.015682043507695198
0.003998404834419489
0.002674301154911518
0.02714657224714756
0.001970220822840929
0.04029005020856857
0.010882807895541191
0.02981938049197197
0.0010942689841613173
0.035896942019462585
0.0005959492991678417
0.0020262973848730326
0.01615956425666809
0.014281033538281918
0.0014647608622908592
0.0004636715748347342
0.07971520721912384
0.0018792535411193967
0.026524286717176437
0.04840558394789696
0.0007020737393759191
0.004461770877242088
0.0037520157638937235
0.0004786927893292159
0.03593965247273445
0.02071291208267212
0.0008343450608663261
0.002967502223327756
0.011973670683801174
0.002998227719217539
0.0006227235426194966
0.008252265863120556
0.0006929368246346712
0.0072916047647595406
0.023129841312766075
0.04834970086812973
0.03423801809549332
0.04423024505376816
0.015138199552893639
0.000802327529527247
0.044132426381111145
0.05575651302933693
0.003212185576558113
0.0006808057660236955
0.00048475878429599106
0.01988404057919979
0.000783597060944885
0.002034118166193366
0.0010969482827931643
0.025853721424937248
0.059406887739896774
0.002671082504093647
0.07001830637454987
0.02003275230526924
0.04100310802459717
0.0013887652894482017
0.04985896497964859
0.0005492302589118481
0.03824298456311226
0.002214926527813077
0.04488075524568558
0.0004832991980947554
0.02771853655576706
0.0008184202015399933
0.0009001248981803656
0.0007455233717337251
0.045092564076185226
0.06721079349517822
0.0009058763971552253
0.0007120597874745727
0.0008495738729834557
0.0014199309516698122
0.0012404295848682523
0.04585281386971474
0.01792054995894432
0.002374522155150771
0.0031543278601020575
0.03184235095977783
0.05563521757721901
0.0027199031319469213
0.01897849328815937
0.05580059811472893
0.033556241542100906
0.03401881828904152
0.031973809003829956
0.001862183678895235
0.001519413199275732
0.03635191544890404
0.0013288658810779452
0.059287626296281815
0.001717573031783104
0.05148845911026001
0.014892913401126862
0.005690312013030052
0.011944138444960117
0.042719852179288864
0.0015511750243604183
0.0006371999625116587
0.0004959801444783807
0.023306824266910553
0.020693844184279442
0.0008271533297374845
0.04318762943148613
0.062049489468336105
0.004623584449291229
0.012629372999072075
0.08649452030658722
0.002916530705988407
0.019751710817217827
0.01085172314196825
0.0003821339923888445
0.01868578791618347
0.0017089106841012836
0.009081533178687096
0.05256915092468262
0.0010549240978434682
0.0010081580840051174
0.04932815581560135
0.0661434680223465
0.0019078791374340653
0.023911617696285248
0.004433949012309313
0.007473292760550976
0.0023752895649522543
0.001358845504000783
0.0003940747119486332
0.050369635224342346
0.00021439125703182071
0.023748958483338356
0.001098498236387968
0.0012982753105461597
0.000775730877649039
0.0014681556494906545
0.001717919367365539
0.05374092981219292
0.01422034204006195
0.0009297779761254787
0.001006872858852148
0.0009709533187560737
0.036425601691007614
0.0023925635032355785
0.0183086134493351
0.0003088614612352103
0.041086893528699875
0.037334002554416656
0.0035471192095428705
0.0580451563000679
0.008138562552630901
0.006296481471508741
0.0026493538171052933
0.0344657227396965
0.0020418320782482624
0.007650109939277172
0.03781484067440033
0.03234438598155975
0.02029857411980629
0.0011656283168122172
0.0029958055820316076
0.019271548837423325
0.044349733740091324
0.0355263315141201
0.0017628410132601857
0.04819492623209953
0.03517650067806244
0.04165492206811905
0.018545648083090782
0.0008328858530148864
0.001075657200999558
0.0023186681792140007
0.0017854433972388506
0.07027092576026917
0.030003366991877556
0.0029255920089781284
0.0009191010612994432
0.0031843034084886312
0.0432572104036808
0.0008655472774989903
0.030428534373641014
0.06222941353917122
0.059003110975027084
0.02912481687963009
0.005052587483078241
0.003216208890080452
0.0037969958502799273
0.0011000183876603842
0.014398418366909027
0.0013746530748903751
0.047641489654779434
0.012818729504942894
0.0015242260415107012
0.003657515160739422
0.013171236030757427
0.015029805712401867
0.003131385426968336
0.0009587875683791935
0.0020061396062374115
0.020805206149816513
0.036685485392808914
0.05652034655213356
0.04192882031202316
0.0009941195603460073
0.0013310457579791546
0.027506956830620766
0.0042871953919529915
0.003287981729954481
0.016830557957291603
0.06488624215126038
0.06836865097284317
0.016097741201519966
0.0005408911965787411
0.0027723347302526236
0.0008964639855548739
0.0017598519334569573
0.0073763164691627026
0.0007741139852441847
0.026685986667871475
0.09873026609420776
0.0011874891351908445
0.0008540196577087045
0.0011988364858552814
0.005119352135807276
0.022884104400873184
0.001671873265877366
0.03871731460094452
0.035394757986068726
0.0024335947819054127
0.001217632438056171
0.03760499134659767
0.002589728683233261
0.06393899768590927
0.006174804177135229
0.01706819236278534
0.038575220853090286
0.0029866297263652086
0.0014097874518483877
0.0009485130431130528
0.11108851432800293
0.0011440308298915625
0.0550205260515213
0.032496128231287
0.04723659157752991
0.000586828391533345
0.0351690836250782
0.0038389654364436865
0.0027167457155883312
0.00173003610689193
0.003149529453366995
0.06961766630411148
0.04808146879076958
0.0319647453725338
0.0838717669248581
0.015702983364462852
0.003415969666093588
0.0022116226609796286
0.03591379150748253
0.0019544088281691074
0.03246838226914406
0.0015902407467365265
0.00821415800601244
0.05582409352064133
0.05880555510520935
0.0373685248196125
0.0011851161252707243
0.08347417414188385
0.03642554581165314
0.0019581960514187813
0.001933934516273439
0.0008404127438552678
0.047612134367227554
0.0013208409072831273
0.0005242109764367342
0.029323887079954147
0.052078887820243835
0.04816657304763794
0.03388741612434387
0.001159443985670805
0.016890516504645348
0.03438287973403931
0.05139322578907013
0.02486286498606205
0.028076505288481712
0.03466101363301277
0.00335493590682745
0.07758065313100815
0.05728157237172127
0.029238246381282806
0.03878512978553772
0.02356518805027008
0.0016440399922430515
0.0029324719216674566
0.03902682289481163
0.0008953260839916766
0.07975227385759354
0.0013162684626877308
0.05176218971610069
0.05212460085749626
0.03142830729484558
0.04873383045196533
0.04138997197151184
0.0026006929110735655
0.0008039308013394475
0.0020053305197507143
0.0024963179603219032
0.0011395036708563566
0.003603891236707568
0.027509113773703575
0.0008602213347330689
0.007267720066010952
0.002220415510237217
0.0016464530490338802
0.001290078740566969
0.0761958584189415
0.018738992512226105
0.0017019771039485931
0.001324653159826994
0.0032237761188298464
0.0014601107686758041
0.0018557775765657425
0.017238272354006767
0.12076158821582794
0.19167982041835785
0.0010643148561939597
0.0018403111025691032
0.0022789526265114546
0.04624979570508003
0.10492672026157379
0.030711686238646507
0.0011980425333604217
0.06870829313993454
0.0005581393488682806
0.025273960083723068
0.03293893486261368
0.0018989996751770377
0.00016687651805114
0.0005149124190211296
0.038392674177885056
0.011981496587395668
0.06605859845876694
0.0603276863694191
0.035247307270765305
0.020674793049693108
0.00394354248419404
0.0013092028675600886
0.08686883002519608
0.0016301366267725825
0.0033096123952418566
0.009007802233099937
0.001844430691562593
0.014686846174299717
0.0005559234414249659
0.0013214776990935206
0.01482752338051796
0.0017553505022078753
0.0014024314004927874
0.00807485356926918
0.037887729704380035
0.08619985729455948
0.000431361811934039
0.001711162505671382
0.0006334191421046853
0.002500792732462287
0.0010159595403820276
0.06574113667011261
0.040738314390182495
0.0358811654150486
0.045529406517744064
0.025049105286598206
0.003544153645634651
0.0027894088998436928
0.000617507379502058
0.004476823378354311
0.036705054342746735
0.01619167998433113
0.024258142337203026
0.010548851452767849
0.029852254316210747
0.0019212457118555903
0.000764337251894176
0.0017387719126418233
0.05361737310886383
0.04680657386779785
0.127473384141922
0.02049890346825123
0.00096803845372051
0.04606777802109718
0.003772056894376874
0.000992890098132193
0.049084071069955826
0.049240246415138245
0.00039357287460006773
0.0016612287145107985
0.01611081324517727
0.0017124599544331431
0.00033728679409250617
0.0009164319490082562
0.0041602314449846745
0.04527826979756355
0.025461124256253242
0.030080560594797134
0.020475544035434723
0.0260057020932436
0.022698476910591125
0.02608592063188553
0.0030452683568000793
0.03221643716096878
0.00289343623444438
0.0068905651569366455
0.049035876989364624
0.0008500512922182679
0.004482221323996782
0.0009103704360313714
0.001000071526505053
0.05428459495306015
0.023139948025345802
0.016977474093437195
0.00211012433283031
0.01722332462668419
0.0008771473076194525
0.0015961946919560432
0.0002635411510709673
0.003933751489967108
0.0228145569562912
0.048075877130031586
0.0005838863435201347
0.026328913867473602
0.0017422100063413382
0.03981336951255798
0.05903012678027153
0.0019024598877876997
0.039671506732702255
0.0207807719707489
0.0035228778142482042
0.07124224305152893
0.0028802352026104927
0.15008895099163055
0.1103954091668129
0.017804516479372978
0.0014069423777982593
0.032180022448301315
0.04723662883043289
0.005329273175448179
0.035765182226896286
0.0038361428305506706
0.042418066412210464
0.06506487727165222
0.0008981314022094011
0.0022146538831293583
0.02565515786409378
0.007883886806666851
0.0015738625079393387
0.0004480592324398458
0.0014988796319812536
0.03614363074302673
0.03834017738699913
0.0433281809091568
0.000942064740229398
0.08991261571645737
0.028345786035060883
0.008300905115902424
0.039704617112874985
0.08938112109899521
0.00010276955435983837
0.027657367289066315
0.053789347410202026
0.0007685706368647516
0.04533713683485985
0.03357124328613281
0.05351913720369339
0.06643310934305191
0.05071631819009781
0.0025916281156241894
0.0007602660334669054
0.0037613045424222946
0.07352273911237717
0.05518801137804985
0.04964246228337288
0.001928545068949461
0.01377036888152361
0.0027017395477741957
0.025909464806318283
0.002507969969883561
0.000389354070648551
0.0005307610263116658
0.0009041033335961401
0.0011361263459548354
0.0017392531735822558
0.010808702558279037
0.003312173532322049
0.04042220860719681
0.0005358136841095984
0.004693875089287758
0.07391438633203506
0.025083618238568306
0.023456629365682602
0.022772882133722305
0.020156655460596085
0.001661996473558247
0.002719012089073658
0.0012356974184513092
0.0007728059426881373
0.0011354730231687427
0.0005474256468005478
0.019664503633975983
0.013091438449919224
0.003474708879366517
0.0031560410279780626
0.0018110123928636312
0.054114196449518204
0.04877056926488876
0.0004518752684816718
0.0028183546382933855
0.0018380464753136039
0.004324769601225853
0.0421791598200798
0.035118021070957184
0.002474261447787285
0.0011586523614823818
0.019762374460697174
0.000642633531242609
0.049258265644311905
0.08385596424341202
0.0020092972554266453
0.0006166344392113388
0.003741963766515255
0.06167444586753845
0.04044013097882271
0.0005972453509457409
0.04422908276319504
0.0028290986083447933
0.005069493316113949
0.0824662521481514
0.033340804278850555
0.06905613839626312
0.0023477093782275915
0.000507491989992559
0.0012357205851003528
0.06489770859479904
0.01545579545199871
0.0277986042201519
0.05219500884413719
0.06919940561056137
0.0012917111162096262
0.040096692740917206
0.062041494995355606
0.0029219870921224356
0.002283982466906309
0.055435024201869965
0.00247323140501976
0.01727905124425888
0.04360174387693405
0.02577533759176731
0.039234500378370285
0.001710567157715559
0.004047621041536331
0.002036166377365589
0.0009405406890437007
0.002230271464213729
0.0018602965865284204
0.041197165846824646
0.19953952729701996
0.03544829785823822
0.0011472434271126986
0.042176391929388046
0.00285415374673903
0.0005178217543289065
0.0070785596035420895
0.0034394743852317333
0.0010230166371911764
0.006937393452972174
0.0006458887946791947
0.030102742835879326
0.010402083396911621
0.02298564650118351
0.0418466292321682
0.05621133744716644
0.04249323904514313
0.030166994780302048
0.036887187510728836
0.016409829258918762
0.015385963022708893
0.0007360397721640766
0.061945538967847824
0.0016112738521769643
0.003052303334698081
0.05504607409238815
0.006239944603294134
0.030682474374771118
0.023029988631606102
0.002275042934343219
0.04711856693029404
0.0006665267865173519
0.056701965630054474
0.0005508955218829215
0.0004208163300063461
0.0019487636163830757
0.038279104977846146
0.0800175592303276
0.0007461354834958911
0.014283926226198673
0.002528880722820759
0.098750039935112
0.0029327119700610638
0.03519541770219803
0.002867218805477023
0.0006249818252399564
0.009905815124511719
0.001145289745181799
0.00045384379336610436
0.03349631279706955
0.007316857576370239
0.11373384296894073
0.047398120164871216
0.040433369576931
0.007241853047162294
0.0425138846039772
0.002190693747252226
0.0017800829373300076
0.0005891975597478449
0.009578936733305454
0.15131165087223053
0.03342186287045479
0.07252120226621628
0.025607019662857056
0.08494094014167786
0.048647623509168625
0.0016159426886588335
0.0392417274415493
0.010288364253938198
0.0013246716698631644
0.0007789958035573363
0.004477547015994787
0.0026356582529842854
0.0030024449806660414
0.0007520416402257979
0.04694093018770218
0.04858078807592392
0.002972428686916828
0.003791539464145899
0.0023834994062781334
0.004544852301478386
0.0011530891060829163
0.030253613367676735
0.0011781507637351751
0.03377572447061539
0.11532610654830933
0.02337297610938549
0.0038841827772557735
0.016160327941179276
0.05904228612780571
0.0013348020147532225
0.057138800621032715
0.0011944997822865844
0.03230094164609909
0.0014531426131725311
0.026806587353348732
0.028689902275800705
0.005644053220748901
0.037728969007730484
0.03251360356807709
0.04478204995393753
0.0011626452906057239
0.0018653457518666983
0.0013578784419223666
0.030223218724131584
0.030656006187200546
0.00042649562237784266
0.007048260420560837
0.06608124077320099
0.046436019241809845
0.018486130982637405
0.0035353489220142365
0.0017825444228947163
0.0009425421594642103
0.001319289323873818
0.021610604599118233
0.04289054125547409
0.0019171799067407846
0.03981267288327217
0.001193303964100778
0.08760616928339005
0.07374854385852814
0.003051154548302293
0.0005170677904970944
0.010682991705834866
0.0015808750176802278
0.03159569948911667
0.02265249937772751
0.00031374726677313447
0.0012386692687869072
0.0009855458047240973
0.00023002512170933187
0.029650548473000526
0.029586294665932655
0.0004123354738112539
0.0028927838429808617
0.06685512512922287
0.022046087309718132
0.12242795526981354
0.030103476718068123
0.06009199470281601
0.0008095280500128865
0.0009398410911671817
0.0004405238723848015
0.00027760883676819503
0.0035313910339027643
0.07365331798791885
0.0012655087048187852
0.06718126684427261
0.019063714891672134
0.04592932388186455
0.051765281707048416
0.046224214136600494
0.0017021397361531854
0.0031289919279515743
0.01883584074676037
0.0116957388818264
0.031011680141091347
0.03202792629599571
0.0035598601680248976
0.03549496829509735
0.0012056035920977592
0.002610795898362994
0.012479911558330059
0.004624990746378899
0.0010441320482641459
0.0018636686727404594
0.0008483501733280718
0.030220266431570053
0.0023862135130912066
0.031414177268743515
0.034157413989305496
0.05813796818256378
0.001253399415872991
0.0016353793907910585
0.0014259876916185021
0.04709703102707863
0.0016119076171889901
0.01735430583357811
0.0023172853980213404
0.00023550953483209014
0.023439304903149605
0.0012245322577655315
0.04056268185377121
0.0013766203774139285
0.008424983359873295
0.0011632880195975304
0.004468859173357487
0.05155108869075775
0.05722704902291298
0.0033921683207154274
0.04427235573530197
0.055898867547512054
0.002488228026777506
0.04515405744314194
0.00358066544868052
0.0006052126991562545
0.0031934611033648252
0.0008911570766940713
0.03060309961438179
0.005676602013409138
0.03560558333992958
0.038424693048000336
0.046694833785295486
0.04177340492606163
0.000508223834913224
0.040873076766729355
0.016505032777786255
0.060153812170028687
0.0047907098196446896
0.017197996377944946
0.05192871391773224
0.0007891416316851974
0.03789198026061058
0.01838052086532116
0.02706020511686802
0.0007778595318086445
0.003799146506935358
0.014276977628469467
0.0007937952759675682
0.00603203009814024
0.002295831451192498
9.089038212550804e-05
0.030533231794834137
0.014701105654239655
0.030831221491098404
0.0021390351466834545
0.036416321992874146
0.025371506810188293
0.04400269687175751
0.026621155440807343
0.0017652051756158471
0.03987843543291092
0.028748195618391037
0.0007634408539161086
0.0034041274338960648
0.013739991001784801
0.013861878775060177
0.0010558112990111113
0.004052703268826008
0.0002848414587788284
0.0009850787464529276
0.0020852808374911547
0.03425300493836403
0.0023593835067003965
0.03097410313785076
0.0014892157632857561
0.027839817106723785
0.00042842543916776776
0.0003098960733041167
0.001113533740863204
0.039320819079875946
0.00040164473466575146
0.002275112085044384
0.002995162969455123
0.0007369372178800404
0.0006711286259815097
0.00014334988372866064
0.012126735411584377
0.058479439467191696
0.00346167734824121
0.011615290306508541
0.12667840719223022
0.0006222023512236774
0.0006484160549007356
0.0021515456028282642
0.002079920144751668
0.04602484405040741
0.0014384123496711254
0.1212017685174942
0.07722816616296768
0.03195285052061081
0.0026903082616627216
0.0026394822634756565
0.0002690823166631162
0.043302856385707855
0.0007710495847277343
0.001784169697202742
0.0008800385985523462
0.011643815785646439
0.01542727928608656
0.07954404503107071
0.0009582575876265764
0.0540093295276165
0.0005153967649675906
0.013018890284001827
0.11215639859437943
0.02248121239244938
0.0041857133619487286
0.00808180682361126
0.0010960078798234463
0.0032792321871966124
0.0005625155754387379
0.0007271408685483038
0.024410516023635864
0.06153106689453125
0.018822990357875824
0.04352216422557831
0.0005703064380213618
0.0010556019842624664
0.00346375978551805
0.0005921577103435993
0.02169465273618698
0.0018381619593128562
0.03167366236448288
0.055504754185676575
0.0010192402405664325
0.0023048967123031616
0.0489729642868042
0.00241706776432693
0.0013477790635079145
0.0016937481705099344
0.0575169138610363
0.028929054737091064
0.03155941143631935
0.09481945633888245
0.015282455831766129
0.0007567452848888934
0.0007444264483638108
0.023745223879814148
0.048514239490032196
0.05674928054213524
0.0010483303340151906
0.0009421874419786036
0.03137940168380737
0.0038434648886322975
0.0007733861566521227
0.0005887486040592194
0.00097262131748721
0.019571688026189804
0.03300940617918968
0.0004291292279958725
0.02393007092177868
0.033527590334415436
0.0007831931579858065
0.0017954844515770674
0.0006506892386823893
0.0006763786659575999
0.001380388392135501
0.0020568305626511574
0.0006431411602534354
0.0007408151286654174
0.0018149650422856212
0.061588965356349945
0.003495218465104699
0.049431972205638885
0.0008344511734321713
0.10404626280069351
0.001520189456641674
0.008456524461507797
0.0007122445967979729
0.027442438527941704
0.0031388960778713226
0.032058559358119965
0.00965813733637333
0.033283356577157974
0.0020820966456085443
0.0011467578588053584
0.005728458985686302
0.000581267406232655
0.01890907995402813
0.034375473856925964
0.0389723926782608
0.010547328740358353
0.06301303207874298
0.0008372286683879793
0.012958012521266937
0.00024067249614745378
0.001241989084519446
0.040999818593263626
0.030689304694533348
0.0006042405730113387
0.059599682688713074
0.000259392341831699
0.0010997632052749395
0.06086299195885658
0.008183430880308151
0.0015471719671040773
0.00046493305126205087
0.05786924809217453
0.005325385835021734
0.0005806518020108342
0.0038601793348789215
0.0004084746178705245
0.0026148464530706406
1.0195767572440673e-05
0.0016319139394909143
0.03932005167007446
0.0013443792704492807
0.0015895417891442776
0.023521723225712776
0.057106342166662216
0.0018563729245215654
0.0008008852601051331
0.020717481151223183
0.003600543364882469
0.09317968785762787
0.06741751730442047
0.001957724569365382
0.0011001419043168426
0.06502528488636017
0.0009639419731684029
0.0021511854138225317
0.0020649204961955547
0.0032976754009723663
0.02734287455677986
0.0007888348773121834
0.0006521191680803895
0.0030388683080673218
0.0021169311366975307
0.03840217366814613
0.027738429605960846
0.002065434819087386
0.020337292924523354
0.0016488902037963271
0.0014862238895148039
0.007485720328986645
0.0008025364950299263
0.00046185232349671423
0.0008420968079008162
0.07587473094463348
0.0424165241420269
0.05547827482223511
0.0017752299318090081
0.018771907314658165
0.0007018926553428173
0.0015256532933562994
0.0008245130884461105
0.058121997863054276
0.03313416615128517
0.029898684471845627
0.0013710915809497237
0.003808608278632164
0.003950031474232674
0.0015725266421213746
0.014331784099340439
0.04090268909931183
0.000803645933046937
0.0022730156779289246
0.03139500319957733
0.00044175711809657514
0.10945750772953033
0.0010454218136146665
0.00984165444970131
0.04483061656355858
0.02719520963728428
0.009027116000652313
0.00042764414683915675
0.01150902546942234
0.0009627105901017785
0.0525008961558342
0.11676884442567825
0.0011968908365815878
0.0444205217063427
0.047449491918087006
0.029545903205871582
0.00019919841724913567
0.08853217214345932
0.07306370884180069
0.08515658229589462
0.028925620019435883
0.0011101841228082776
0.08170910179615021
0.0013785596238449216
0.0005666317301802337
0.052672553807497025
0.08880210667848587
0.046453479677438736
0.0015713891480118036
0.02693500742316246
0.0006509682862088084
0.001160589512437582
0.02052229829132557
0.026633193716406822
0.025579091161489487
0.0010436380980536342
0.006522403098642826
0.03843042254447937
0.003268605563789606
0.02577938325703144
0.05816251412034035
0.08487219363451004
0.0031916657462716103
0.00727567495778203
0.021489806473255157
0.00035743432817980647
0.0009515942074358463
0.013959759846329689
0.001403972040861845
0.0009423508890904486
0.012395578436553478
0.10681411623954773
0.041432350873947144
0.04005947709083557
0.02661384642124176
0.03720581904053688
0.03198036178946495
0.0007808367954567075
0.047611303627491
0.041080210357904434
0.024365678429603577
0.0011250830721110106
0.010811825282871723
0.0626731663942337
0.0014011736493557692
0.0015112028922885656
0.0015414998633787036
0.061804287135601044
0.0738007202744484
0.02210647240281105
0.025183994323015213
0.07663895189762115
0.02998409792780876
0.001121256034821272
0.0010680794948711991
0.010402476415038109
0.04231216385960579
0.014031266793608665
0.02729659527540207
0.0021338723599910736
0.021094609051942825
0.06226259469985962
0.006545753683894873
0.029825881123542786
0.0006102637271396816
0.000854514364618808
0.00205646688118577
0.04283416271209717
0.013210051693022251
0.019552510231733322
0.0005376196932047606
0.09941225498914719
8.116367098409683e-05
0.010553959757089615
0.034951210021972656
0.04153545945882797
0.0024012336507439613
0.0585620142519474
0.06156248226761818
0.0008426614222116768
0.0013497566105797887
0.04355033487081528
0.03848787397146225
0.03868582099676132
0.0013836037833243608
0.01838788203895092
0.0018708371790125966
0.0318542905151844
0.04255431145429611
0.000640205922536552
0.001122662564739585
0.0006418443517759442
0.006133659742772579
0.0074667492881417274
0.0006321411929093301
0.0048554446548223495
0.01998221129179001
0.06127621605992317
0.041268378496170044
0.02581699751317501
0.04870245233178139
0.07523542642593384
0.007839672267436981
0.001630402053706348
0.0028652658220380545
0.0022696631494909525
0.0022740941494703293
0.028879432007670403
0.020352579653263092
0.015809986740350723
0.08448418974876404
0.001867827377282083
0.04439074173569679
0.0004891036660410464
0.11393551528453827
0.017625613138079643
0.025316575542092323
0.35028955340385437
0.000957429176196456
0.03636560216546059
0.037221793085336685
0.0012373133795335889
0.04040329530835152
0.0019556833431124687
0.02787465788424015
0.04987712949514389
0.0037350403144955635
0.002875181147828698
0.07125148177146912
0.025303881615400314
0.022826366126537323
0.0007294308161363006
0.032400041818618774
0.00095921236788854
0.0011479277163743973
0.0008194023394025862
0.0008512918720953166
0.0010653878562152386
0.0018631631974130869
0.043951548635959625
0.026261528953909874
0.027282826602458954
0.029480742290616035
0.08194255828857422
0.035224735736846924
0.004145914223045111
0.001688303891569376
0.0018148643430322409
0.013289224356412888
0.019839182496070862
0.07756808400154114
0.0067541347816586494
0.000854657671879977
0.004189016297459602
0.00010665029549272731
0.001900027273222804
0.0037382817827165127
0.0019851219840347767
0.0004614159988705069
0.03178967535495758
0.00435546925291419
0.01383843645453453
0.04065288230776787
0.0011631373781710863
0.0009048852953128517
0.01051888894289732
0.05925312638282776
0.024361927062273026
0.06145218014717102
0.0661991536617279
0.0005587227060459554
0.0021560736931860447
0.03616289421916008
0.007742607966065407
0.007028526626527309
0.024441232904791832
0.007066058926284313
0.0007233703508973122
0.0023016734048724174
0.0021852392237633467
0.07400739192962646
0.14833983778953552
0.044877633452415466
0.02185312658548355
0.0018930666847154498
0.0004080667858943343
0.0014252753462642431
0.04367215931415558
0.0011560848215594888
0.04166163504123688
0.023531518876552582
0.0335770808160305
0.022163957357406616
0.0005263243801891804
0.003864018013700843
0.011156336404383183
0.039271559566259384
0.03477616235613823
0.0006787096499465406
0.041935995221138
0.001067186938598752
0.019382726401090622
0.060644980520009995
0.039047934114933014
0.0005600826698355377
0.02078678272664547
0.0692744255065918
0.005154660902917385
0.03417497128248215
0.0012163403443992138
0.0008681487524881959
0.0006551066180691123
0.002958778291940689
0.0025016870349645615
0.0016690816264599562
0.0510636568069458
0.001802541664801538
0.021438371390104294
0.020775504410266876
0.001934599014930427
0.0013555403565987945
0.0013565084664151073
0.00017577459220774472
0.05319162458181381
0.0014569074846804142
0.0006712731556035578
0.0013350156368687749
0.003599483985453844
0.042885929346084595
0.08576900511980057
0.0009139103349298239
0.00694407569244504
0.03882308676838875
0.0016817221185192466
0.0020256061106920242
0.08586350083351135
0.004286261275410652
0.02190163917839527
0.00012531009269878268
0.0010097698541358113
0.06903412193059921
0.04273524880409241
0.015744179487228394
0.025943491607904434
0.004076346289366484
0.053656406700611115
0.0015030457871034741
0.23035480082035065
0.027562860399484634
0.03841867297887802
0.028686361387372017
0.0021928984206169844
0.0008640849846415222
0.03257676586508751
0.006008383352309465
0.06035220995545387
0.028690461069345474
0.03248913586139679
0.004278101027011871
0.036625511944293976
0.009097540751099586
0.043176934123039246
0.048999715596437454
0.019583960995078087
0.00023121123376768082
0.0010924114612862468
0.025526776909828186
0.06038578972220421
0.0008718847529962659
0.02341317944228649
0.002529251854866743
0.08998347818851471
0.0002662526676431298
0.0328952893614769
0.05348459631204605
0.10332462191581726
0.0034605562686920166
0.0009877547854557633
0.002028844552114606
0.0004708839114755392
0.0019355083350092173
0.12632402777671814
0.001863615121692419
0.027332162484526634
0.0031805457547307014
0.09263984113931656
0.040315307676792145
0.000758218695409596
0.06158650293946266
0.0860353410243988
0.0010373052209615707
0.030691374093294144
0.004483580123633146
0.0011724377982318401
0.039794646203517914
0.010555391199886799
0.003044328186661005
0.00245536002330482
0.000633603020105511
0.0012796471128240228
0.019884731620550156
0.0013644004939123988
0.06544062495231628
0.030639834702014923
0.15282703936100006
0.048905543982982635
0.0015708404826000333
0.04992525652050972
0.008962111547589302
0.002298554638400674
0.032626792788505554
0.0008496679365634918
0.0004072581068612635
0.0700535699725151
0.005257271230220795
0.027659352868795395
0.08896706253290176
0.06543678045272827
0.001174636883661151
0.003863528836518526
0.047324277460575104
0.0023334340658038855
0.0007229442126117647
0.03807686269283295
0.0008081822306849062
0.05327804386615753
0.03015737794339657
0.021101893857121468
0.07134071737527847
0.0307695921510458
0.015230601653456688
7.270998321473598e-05
0.00035885529359802604
0.025455748662352562
0.0020435985643416643
0.025785014033317566
0.03915884345769882
0.024327969178557396
0.0025179670192301273
0.0007119233487173915
0.0030174090061336756
0.0007483272347599268
0.03691849112510681
0.02837502956390381
0.041291892528533936
0.0006999258766882122
0.0006780949770472944
0.019723597913980484
0.0022354109678417444
0.05326855927705765
0.00311828195117414
0.003149981377646327
0.04850870370864868
0.0818553939461708
0.06692586094141006
0.0009278646321035922
0.0020894743502140045
0.0772838369011879
0.00057642487809062
0.0006871151272207499
0.0009171110577881336
0.023380981758236885
0.02508690394461155
0.08470598608255386
0.025649597868323326
0.0025359352584928274
0.05871035158634186
0.00181089888792485
0.012826325371861458
0.028736671432852745
0.00022696764790453017
0.0634947121143341
0.02005624957382679
0.022522754967212677
0.0024363768752664328
0.044874127954244614
0.0008704183273948729
0.02837490290403366
0.05295063927769661
0.011985541321337223
0.0014217497082427144
0.0015227663097903132
0.020247748121619225
0.06401870399713516
0.01564878411591053
0.0241754949092865
0.062059808522462845
0.03922557830810547
0.021127473562955856
0.033643994480371475
0.015398206189274788
0.001708348048850894
0.002042905194684863
0.030872002243995667
0.025046784430742264
0.0007011317647993565
0.0007097320631146431
0.059331752359867096
0.024497848004102707
0.0004333268734626472
0.013109652325510979
0.0037452965043485165
0.00039098216802813113
0.003801396582275629
0.0005250400863587856
0.024285169318318367
0.0011115550296381116
0.05558798089623451
0.04226243495941162
0.007263856008648872
0.02924387902021408
0.04133572429418564
0.0044003562070429325
0.002421540906652808
0.055887941271066666
0.02881869301199913
0.0007689058547839522
0.04395569488406181
0.0015832573408260942
0.0004902101354673505
0.0008885463466867805
0.040725015103816986
0.028431307524442673
0.0014851620653644204
0.0020739163737744093
0.011912530288100243
0.08886370807886124
0.002603469416499138
0.028089329600334167
0.0010200298856943846
0.009482106193900108
0.03919699788093567
0.028240332379937172
0.000709386367816478
0.14495569467544556
0.056267108768224716
0.0013843021588400006
0.07527776062488556
0.0015624306397512555
0.003656745655462146
0.007409530691802502
0.030713049694895744
0.0030362268444150686
0.0292121022939682
0.00377380452118814
0.002315786899998784
0.05454453080892563
0.018330737948417664
0.0008980914135463536
0.0036102663725614548
0.002017213962972164
0.0032651054207235575
0.12914444506168365
0.0014237298164516687
0.03395446762442589
0.002072889357805252
0.062418434768915176
0.000529295823071152
0.013633811846375465
0.013022801838815212
0.03394513949751854
0.002361469902098179
0.047964539378881454
0.020753655582666397
0.05781584233045578
0.02045244723558426
0.024058496579527855
0.0009704702533781528
0.042160313576459885
0.0006105781067162752
0.0007860010955482721
0.006139867007732391
0.0010827126679942012
0.023088663816452026
0.0007174771744757891
0.001419398351572454
0.0004949385765939951
0.027120428159832954
0.0002142695157090202
0.0012003901647403836
0.008599777705967426
0.04957924038171768
0.00031011379905976355
0.0009204804082401097
0.01062081940472126
0.0022752531804144382
0.0014915184583514929
0.0008489975007250905
0.049631260335445404
0.05199224874377251
0.03348881006240845
0.038095731288194656
0.004232480656355619
0.0018443756271153688
0.0021927349735051394
0.04865820333361626
0.004072546027600765
0.017708422616124153
0.02925093099474907
0.001505755353718996
0.0005115342210046947
0.01603941060602665
0.043470051139593124
0.040280237793922424
0.002819840796291828
0.04196060076355934
0.06883598119020462
0.0011509978212416172
0.0019238920649513602
0.05140452831983566
0.02107822149991989
0.010861052200198174
0.000960575183853507
0.00046409311471506953
0.014413394965231419
0.0029700319282710552
0.00076141650788486
0.003592824097722769
0.004495770670473576
0.0008397874189540744
0.02347484789788723
0.07396435737609863
0.028469588607549667
0.04729520529508591
0.032167430967092514
0.0007991380989551544
0.03149443864822388
0.036906175315380096
0.0016985544934868813
0.052529580891132355
0.05050711706280708
0.0023966883309185505
0.02542395144701004
0.026462677866220474
0.03635518625378609
0.0014111831551417708
0.00022780016297474504
0.04680386185646057
0.0521843284368515
0.02818281762301922
0.015044145286083221
0.0018936020787805319
0.07683346420526505
0.07835718989372253
0.030041227117180824
0.038146477192640305
0.03799419850111008
0.0005634574918076396
0.03499641269445419
0.07401765882968903
0.0011711979750543833
0.08372390270233154
0.028341222554445267
0.0008791146101430058
0.0019033449934795499
0.05378342792391777
0.0023623351007699966
0.0009284487459808588
0.04262944310903549
0.005717702675610781
0.010673034936189651
0.002593809040263295
0.031755417585372925
0.06314564496278763
0.0007364077609963715
0.0015633440343663096
0.0030375798232853413
0.0029558208771049976
0.08138450980186462
0.014978784136474133
0.025474529713392258
0.02249099500477314
0.0022289054468274117
0.007153940387070179
0.033209867775440216
0.005606960039585829
0.0013185194693505764
0.02439897134900093
0.004797692876309156
0.06084307283163071
0.0012334893690422177
0.0006543206400237978
0.0005374790634959936
0.002194903325289488
0.028372671455144882
0.0022466816008090973
0.042134664952754974
0.0017278263112530112
0.000945349398534745
0.0012990639079362154
0.0031498256139457226
0.00041770696407184005
0.015701934695243835
0.034020423889160156
0.017065605148673058
0.04912865161895752
0.05882652476429939
0.05263400077819824
0.026887759566307068
0.014094301499426365
0.0015787705779075623
0.0007657565292902291
0.033887967467308044
0.03582689166069031
0.03413530811667442
0.03980570286512375
0.020840726792812347
0.0012014146195724607
0.0011930211912840605
0.06893713027238846
0.03158388286828995
0.00044168843305669725
0.0007336463313549757
0.026167098432779312
0.04583778977394104
0.0029906779527664185
0.030116938054561615
0.04409417137503624
0.04497826099395752
0.03941528871655464
0.003544970415532589
0.0003996461455244571
0.0004063498054165393
0.0038573748897761106
0.038203492760658264
0.026419660076498985
0.006764955352991819
0.0005271483096294105
0.0006502920296043158
0.04982344061136246
0.0020286941435188055
0.002044800901785493
0.00024915041285566986
0.0015486154006794095
0.07064056396484375
0.07549048215150833
0.0015400360571220517
0.005579825956374407
0.0003977265441790223
0.034343935549259186
0.042804546654224396
0.0006469739601016045
0.0033071977086365223
0.0039014448411762714
0.029071275144815445
0.0022153551690280437
0.029232565313577652
0.001954839564859867
0.008061111904680729
0.002541388850659132
0.0014765941305086017
0.002109847730025649
0.006817841902375221
0.001467124791815877
0.034025099128484726
4.583062036545016e-05
0.0007109194411896169
0.049659281969070435
0.0030005748849362135
0.04860134795308113
0.0036777786444872618
0.0016014408320188522
0.001503002131357789
0.04814768582582474
0.004505144897848368
0.0355897955596447
0.024079255759716034
0.021682990714907646
0.014978239312767982
0.0025871708057820797
0.02509620413184166
0.046837128698825836
0.010701492428779602
0.0024943656753748655
0.0018628437537699938
0.0016741097206249833
0.030966520309448242
0.04176074266433716
0.035282429307699203
0.0020636674016714096
0.0013916532043367624
0.0017309777904301882
0.001016238471493125
0.002807292155921459
0.0008378107449971139
0.03171047195792198
0.02574651502072811
0.057930514216423035
0.0002460848481860012
0.01554822362959385
0.10157255083322525
0.0060373516753315926
0.03459813818335533
0.029100604355335236
0.0018186657689511776
0.025381093844771385
0.02279956452548504
0.00104780332185328
0.0017029306618496776
0.0025856776628643274
0.0024813010822981596
0.11817208677530289
0.0011331788264214993
0.003343552118167281
0.04125722497701645
0.01889648661017418
0.03588399663567543
0.04105813428759575
0.005149965174496174
0.03331642970442772
0.0025905692018568516
0.021664675325155258
0.00241471198387444
0.0041343593038618565
0.04928391054272652
0.09092316031455994
0.04166252538561821
0.002582566114142537
0.0458541177213192
0.0009360696421936154
0.0005817574565298855
0.07317014783620834
0.0011768508702516556
0.0010850735707208514
0.0022207247093319893
0.0029616120737046003
0.0008101232233457267
0.0015954170376062393
0.026395879685878754
0.05167882516980171
0.03507852181792259
0.039275117218494415
0.04651675373315811
0.00428608525544405
0.35509878396987915
0.0274501983076334
0.03743812441825867
0.037566132843494415
0.0004756523994728923
0.0029562299605458975
0.0013286002213135362
0.05305318161845207
0.0011759053450077772
0.06517957895994186
0.022358397021889687
0.051770035177469254
0.04009314626455307
0.044910624623298645
0.0003051132371183485
0.023887166753411293
0.05037568882107735
0.001147836446762085
0.0036535465624183416
0.0021923906169831753
0.0002531526843085885
0.0011185731273144484
0.025194751098752022
0.05577808991074562
0.002902601845562458
0.0047928825952112675
0.07514187693595886
0.03623120114207268
0.08846020698547363
0.04935150966048241
0.0006808930775150657
0.00714098010212183
0.025814518332481384
0.020148031413555145
0.0016320896102115512
0.014303597621619701
0.00387436430901289
0.030519694089889526
0.0035866822581738234
0.02334156632423401
0.0012723857071250677
0.03969231992959976
0.026053639128804207
0.002540759975090623
0.000691161782015115
0.007876924239099026
0.030596483498811722
0.0009529120288789272
0.01713551953434944
0.0480131171643734
0.0011800294741988182
0.010659340769052505
0.0003115388099104166
0.046921856701374054
0.023086458444595337
0.0023110960610210896
0.029698152095079422
0.002133549191057682
0.0037187826819717884
0.027495132759213448
0.0014371201395988464
0.01980733498930931
0.0693187266588211
0.0004565782146528363
0.00111972086597234
0.0020314068533480167
0.0025022276677191257
0.03889782354235649
0.03555937483906746
0.08383110910654068
0.0031324010342359543
0.04497331753373146
0.013670914806425571
0.0006429943023249507
0.009860443882644176
0.03860358148813248
0.0758039727807045
0.06090683490037918
0.004874845501035452
0.036058709025382996
0.05822945013642311
0.005423418711870909
0.0366700179874897
0.05281194671988487
0.0018819835968315601
0.0019721880089491606
0.0001416620216332376
0.06864620745182037
0.07640603184700012
0.02736772783100605
0.04003649950027466
0.011076790280640125
0.0065186964347958565
0.015315220691263676
0.0019483632640913129
0.034217074513435364
0.027061564847826958
0.0006373898359015584
0.0012941479217261076
0.0018909337231889367
0.0006108139059506357
0.024748442694544792
0.041055675595998764
0.0005176567356102169
0.04168150946497917
0.0030520297586917877
0.0031895984429866076
0.03132684528827667
0.00016469416732434183
0.029910124838352203
0.0017469601007178426
0.0008603316964581609
0.0002936530509032309
0.0022076009772717953
0.0011515904916450381
0.0013256475795060396
0.003073530737310648
0.024210156872868538
0.002358844270929694
0.024025194346904755
0.031071938574314117
0.0009579707984812558
0.0004920579958707094
0.004066793713718653
0.02159283310174942
0.0004115911724511534
0.014047433622181416
0.0026821529027074575
0.0796990767121315
0.0038467750418931246
0.1818765550851822
0.0019156167982146144
0.001094345934689045
0.03615888953208923
0.0023648077622056007
0.038647208362817764
0.050688497722148895
0.0010277105029672384
0.040264446288347244
0.014932872727513313
0.0007958486094139516
0.02176152542233467
0.030066652223467827
0.00532682565972209
0.04094763100147247
0.0004337783611845225
0.008272447623312473
0.0009005259489640594
0.017164744436740875
0.007423794362694025
0.013583979569375515
0.04445653781294823
0.038418203592300415
0.0003877854614984244
0.0004766529018525034
0.0006466935155913234
0.0024814256466925144
0.00023352344578597695
0.0009207300608977675
0.022931450977921486
0.0011205621995031834
0.018694233149290085
0.05177717283368111
0.027719538658857346
0.03475937247276306
0.06421376019716263
0.004808385856449604
0.02403453178703785
0.000560577551368624
0.002533045131713152
0.0008566320175305009
0.0257806908339262
0.025882257148623466
0.037707675248384476
0.09987075626850128
0.053447477519512177
0.029513482004404068
0.0010274333180859685
0.0003047970531042665
0.04518013447523117
0.0029932830948382616
0.016362223774194717
0.0006080675520934165
0.0010738343698903918
0.0006017506239004433
0.15309330821037292
0.042938217520713806
0.0005364582757465541
0.0019167480058968067
0.0573427677154541
0.04239877685904503
0.018494317308068275
0.07453329116106033
0.000771337014157325
0.03290969133377075
0.05789849907159805
0.04064423590898514
0.001902625197544694
0.0011734692379832268
0.030289852991700172
0.044814594089984894
0.0005498891696333885
0.03762504458427429
0.05929599702358246
0.0010465561645105481
0.0013627326115965843
0.0005175249534659088
0.0005599901778623462
0.0016509342240169644
0.008105216547846794
0.051518578082323074
0.04409809410572052
0.0016235392540693283
0.05288169905543327
0.03229464963078499
0.015809370204806328
0.05138224735856056
0.00025632334291003644
0.04697105661034584
0.0013834645505994558
0.00053160305833444
0.11623004823923111
0.021633658558130264
0.002872058190405369
0.016468573361635208
0.0004354402481112629
0.0006810167687945068
0.04960010200738907
0.01476734783500433
0.02881207875907421
0.04850892722606659
0.002441645599901676
0.047856464982032776
0.039173249155282974
0.0851995199918747
0.03351907059550285
0.0016641702968627214
0.009179370477795601
0.0028723080176860094
0.019704600796103477
0.015719227492809296
0.032202012836933136
0.001020181691274047
0.0011941945413127542
0.0008217868162319064
0.00012912943202536553
0.0004132855392526835
0.0015761577524244785
0.03346677124500275
0.06818091124296188
0.05037744343280792
0.0010202719131484628
0.002088795183226466
0.042991310358047485
0.046116989105939865
0.004895762540400028
0.0006791018531657755
0.0008881791727617383
0.002787876408547163
0.023377448320388794
0.03808804228901863
0.0024417254608124495
0.004868239164352417
0.007964386604726315
0.027151281014084816
0.035041797906160355
0.0017259425949305296
0.028566693887114525
0.023916130885481834
0.007914457470178604
0.013095236383378506
0.000869936659000814
0.0041979351080954075
0.0037462275940924883
0.04265968129038811
0.051929980516433716
0.0009139322210103273
0.002090593334287405
0.021767964586615562
0.034446150064468384
0.027297204360365868
0.04142557457089424
0.02393992245197296
0.0010560777736827731
0.022146644070744514
0.0289792250841856
0.0007506245747208595
0.02886176109313965
0.0008631455712020397
0.01905994489789009
0.0603799894452095
0.00035336677683517337
0.016458716243505478
0.03963993117213249
0.002064549596980214
0.04837871342897415
0.045476555824279785
0.0005525770247913897
0.0023555662482976913
0.0007086184923537076
0.0004415990551933646
0.00031775073148310184
0.0035786409862339497
0.03150031343102455
0.004586414899677038
0.05950285121798515
0.04362858831882477
0.03345353528857231
0.0010114863980561495
0.007360447198152542
0.0016619665548205376
0.009732294827699661
0.0015067829517647624
0.0007375944987870753
0.02592703327536583
0.0008182832971215248
0.03698248416185379
0.0007469422416761518
0.034628551453351974
0.0003103648778051138
0.05877084285020828
0.0016738353297114372
0.05202371999621391
0.005235608201473951
0.004218649584800005
0.0011243518674746156
0.0012511808890849352
0.0007692590588703752
0.001708430703729391
0.0009920044103637338
0.002977856667712331
0.0027008946053683758
0.0642300471663475
0.04158008098602295
0.03812028467655182
0.09523557871580124
0.0021474873647093773
0.03688140958547592
0.0016023303614929318
0.0034894943237304688
0.0367419496178627
0.002870326628908515
0.0026637257542461157
0.021288951858878136
0.040991101413965225
0.05336623638868332
0.00050661078421399
0.03030683472752571
0.001451490679755807
0.055685367435216904
0.0006585132796317339
0.06377813965082169
0.003508127061650157
0.01043694093823433
0.0007025884697213769
0.0007404129719361663
0.001375915133394301
0.033897094428539276
0.06507548689842224
0.001711387070827186
0.04092167317867279
0.024464745074510574
0.0020230391528457403
0.0011758318869397044
0.024813540279865265
0.0005330750136636198
0.07319428026676178
0.0011469924356788397
0.0005339569179341197
0.038475118577480316
0.0006309148739092052
0.0031462530605494976
0.03621762618422508
0.034907642751932144
0.0006254309555515647
0.024725405499339104
0.027826381847262383
0.001411321689374745
0.03787250444293022
0.001043142401613295
0.10128611326217651
0.055052053183317184
0.0013487988617271185
0.00022035391884855926
0.03161773458123207
0.001586821163073182
0.05952886492013931
0.02175920084118843
0.0016729442868381739
0.06817019730806351
0.0006684281979687512
0.000457907299278304
0.0018712303135544062
0.043157413601875305
0.027328474447131157
0.0020861502271145582
0.05916702374815941
0.02975529246032238
0.042388685047626495
0.002209033351391554
0.002999170683324337
0.002301679691299796
0.00554858660325408
0.0008965750457718968
0.00236093089915812
0.0025008947122842073
0.43154504895210266
0.047133639454841614
0.009945628233253956
0.0009715850464999676
0.0008724633371457458
0.003067061072215438
0.05081494152545929
0.002980914432555437
0.002164566656574607
0.02398504689335823
0.001243165461346507
0.00048821570817381144
0.046493884176015854
0.04279662296175957
0.0014160405844449997
0.19475005567073822
0.0005504500004462898
0.0009613596484996378
0.0023418308701366186
0.0010383296757936478
0.002211971441283822
0.0005286523373797536
0.004252069164067507
0.0006184583762660623
0.0006452994421124458
0.00047886662650853395
0.006338255479931831
0.029963254928588867
0.03654928132891655
0.028500081971287727
0.001272621564567089
0.0005313334404490888
0.029536651447415352
0.02545984275639057
0.03549855202436447
0.056340139359235764
0.0029089299496263266
0.073553167283535
0.022026589140295982
0.0022130401339381933
0.0003090327954851091
0.0005467995651997626
0.02492690645158291
0.0028303328435868025
0.007929683662950993
0.06724642217159271
0.022455822676420212
0.0007199031533673406
0.06811090558767319
0.0027298936620354652
0.00966129545122385
0.05662934482097626
0.001378313754685223
0.006316513754427433
0.01806313917040825
0.0014713743003085256
0.001965796807780862
0.06354473531246185
0.0002871880424208939
0.0015482100425288081
0.019481100142002106
0.0019024930661544204
0.0017893427284434438
0.005163861904293299
0.015108774416148663
0.0014353090664371848
0.03946975618600845
0.023783080279827118
0.03183886408805847
0.03237868472933769
0.04013724997639656
0.00227823737077415
0.0010402364423498511
0.0010958729544654489
0.002362455939874053
0.0005326846148818731
0.120394766330719
0.017971355468034744
0.002854076214134693
0.049432408064603806
0.07597029209136963
0.001217816025018692
0.05644215643405914
0.0010521135991439223
0.03139348328113556
0.03376004472374916
0.01631155237555504
0.05271081626415253
0.07451504468917847
0.07432426512241364
0.002056821482256055
0.003125038230791688
0.001565822632983327
0.0016264263540506363
0.0010919913183897734
7.538639329141006e-05
0.0011956770904362202
0.035166185349226
0.00189106073230505
0.0012546031503006816
0.040037039667367935
0.002123977756127715
0.01782832480967045
0.03087488003075123
0.0016806316561996937
0.001046699471771717
0.0020408432465046644
0.0011996087851002812
0.03281749039888382
0.00777438934892416
0.0007420621113851666
0.050818659365177155
0.054635051637887955
0.003143640700727701
0.026804331690073013
0.0009074601111933589
0.02026195451617241
0.0010350876254960895
0.04588836804032326
0.07694698870182037
0.0016045134980231524
0.005141498986631632
0.003786614863201976
0.0015974697889760137
0.02042222023010254
0.0013613288756459951
0.00041325142956338823
0.0568716786801815
0.001603871351107955
0.028088372200727463
0.001968300435692072
0.03639157861471176
0.02242099493741989
0.003342291573062539
0.026388980448246002
0.0026033190079033375
0.010738464072346687
0.00023190017964225262
0.024575643241405487
0.39403030276298523
0.0018209590343758464
0.050907012075185776
0.0012996109435334802
0.05932646244764328
0.09816092997789383
0.019892752170562744
0.004356006160378456
0.002077561803162098
0.004467177204787731
0.0038375251460820436
0.002901159692555666
0.039633117616176605
0.0007384790224023163
0.04927775263786316
0.03209058567881584
0.02134944126009941
0.0016648097662255168
0.0027279816567897797
0.012064130045473576
0.021494749933481216
0.0018538195872679353
0.001085778116248548
0.0010057298932224512
0.0401163250207901
0.0231659896671772
0.0012747079599648714
0.041110504418611526
0.0034755603410303593
0.0008760484051890671
0.04028858244419098
0.04177619516849518
0.000800068024545908
0.003615412162616849
0.027763359248638153
0.010856283828616142
0.0018358603119850159
0.0019899513572454453
0.001040813629515469
0.0005586827755905688
0.0446845181286335
0.02164003625512123
0.0004533859028015286
0.003994709346443415
0.021285099908709526
0.0019472615094855428
0.051447171717882156
0.005301017314195633
0.0006900295848026872
0.026588639244437218
0.0006081584142521024
0.012935255654156208
0.002888271352276206
0.08141186833381653
0.019988030195236206
0.061261776834726334
0.013441504910588264
0.0015233096200972795
0.03139539435505867
0.03339105471968651
0.006244660820811987
0.11505262553691864
0.0006575408624485135
0.009387810714542866
0.06961513310670853
0.0477750226855278
0.05346962809562683
0.08746178448200226
0.05946454405784607
0.0005043848650529981
0.06078553944826126
0.017497872933745384
0.002483048476278782
0.06859468668699265
0.03139128535985947
0.08088158071041107
0.0014224754413589835
0.028488630428910255
0.01666768454015255
0.035574596375226974
0.04261041060090065
0.03521725535392761
0.10453002899885178
0.03268752619624138
0.07573015987873077
0.02501855045557022
0.0054528238251805305
0.0008490501786582172
0.015362509526312351
0.0030016922391951084
0.06318439543247223
0.004105997271835804
0.024198396131396294
0.009282922372221947
0.0009563692728988826
0.012928973883390427
0.03398820757865906
0.0015067994827404618
0.012365809641778469
0.014935018494725227
0.0007475194288417697
0.0013387891231104732
0.0004480603092815727
0.03039674647152424
0.07553593069314957
0.0009391024359501898
0.0018929758807644248
0.03834902122616768
0.0015826270682737231
0.0009986975928768516
0.002294220495969057
0.012367166578769684
0.004856515675783157
0.03161218389868736
0.0025768084451556206
0.015570739284157753
0.023229386657476425
0.047430526465177536
0.09511879086494446
0.0016786579508334398
0.00024175371800083667
0.0004207375750411302
0.0022616840433329344
0.006297324784100056
0.0007954910979606211
0.002883689710870385
0.0007959785871207714
0.0009962075855582952
0.001267841667868197
0.001147390459664166
0.06979123502969742
0.0019449290120974183
0.05533325672149658
0.0019387565553188324
0.03247862309217453
0.0030453670769929886
0.0006486913189291954
0.035342007875442505
0.003464086912572384
0.002319799968972802
0.11107275635004044
0.029315631836652756
0.04005758464336395
0.0011459779925644398
0.001250814413651824
0.010801536962389946
0.001944229006767273
0.08006732165813446
0.004266250412911177
0.004203706048429012
0.001346402452327311
0.030758772045373917
0.0013605927815660834
0.005334192421287298
0.0007560795056633651
0.006830562371760607
0.04287182539701462
0.022990407422184944
0.04665757343173027
0.012344414368271828
0.0008681177860125899
0.052437908947467804
0.002369226887822151
0.0004191892221570015
0.0189904123544693
0.05687269940972328
0.000580949243158102
0.035176392644643784
0.001104738563299179
0.054268721491098404
0.012586568482220173
0.01216515526175499
0.016417717561125755
0.0013762678718194366
0.0017380982171744108
0.08643804490566254
0.003517559729516506
0.05757328122854233
0.006114527117460966
0.0008880192181095481
0.0006658975617028773
0.04651234298944473
0.002850045682862401
0.013057604432106018
0.020906271412968636
0.00552592147141695
0.003567381063476205
0.05648881942033768
0.001396569306962192
0.007901069708168507
0.03696942701935768
0.0009338778909295797
0.0005328208208084106
0.03718707337975502
0.021584583446383476
0.04765293374657631
0.0005319310585036874
0.026852501556277275
0.05169433727860451
0.003381352638825774
0.0007790576783008873
0.0013523029629141092
0.04805436730384827
0.005306136328727007
0.05185241997241974
0.015894481912255287
0.02817373536527157
0.04457806795835495
0.16920289397239685
0.001545508624985814
0.0009371018968522549
0.031152738258242607
0.04416173696517944
0.008511519059538841
0.029855169355869293
0.003548143431544304
0.012177362106740475
0.0368424654006958
0.016920577734708786
0.046656470745801926
0.030101291835308075
0.016694379970431328
0.03412586823105812
0.04296446219086647
0.005845754873007536
0.0015124427154660225
0.005613211542367935
0.0003290778840892017
0.00025503881624899805
0.021961035206913948
0.06820467114448547
0.0010688393376767635
0.0003533547860570252
0.0016698084073141217
0.0077246674336493015
0.002450860571116209
0.0008152882219292223
0.0014244490303099155
0.0011438518995419145
0.0022608060389757156
0.0017073624767363071
0.037820182740688324
0.05690919980406761
0.015586407855153084
0.0008087966707535088
0.04598832130432129
0.0320463627576828
0.010789533145725727
0.040433160960674286
0.03140224516391754
0.0008470349130220711
0.0750916600227356
0.002866612048819661
0.0006956415018066764
0.002678950782865286
0.019255507737398148
0.00013723518350161612
0.04503743723034859
0.0007513287127949297
0.0008182746241800487
0.033051326870918274
0.0001621617266209796
0.01766614243388176
0.0022075162269175053
0.004489206243306398
0.002189188962802291
0.003525057341903448
0.0033039525151252747
0.023713359609246254
0.01420334167778492
0.042595621198415756
0.0014525098958984017
0.0007208510651253164
0.00014079282118473202
0.027310535311698914
0.0010987932328134775
0.0017886452842503786
0.001954427920281887
0.0007098602363839746
0.021714601665735245
0.0025003734044730663
0.002073852811008692
0.0971045047044754
0.0012448369525372982
0.004720938857644796
0.0008184054167941213
0.0022358191199600697
0.027598125860095024
0.0012038637651130557
0.0028724083676934242
0.111328125
0.0024432670325040817
0.00332139921374619
0.0006794099463149905
0.0014724161010235548
0.0006460832664743066
0.0011520094703882933
0.020659612491726875
0.04044298455119133
0.0020668848883360624
0.030922068282961845
0.0021463362500071526
0.01103853527456522
0.0013462656643241644
0.0013444850919768214
0.05392925441265106
0.0015886626206338406
0.0025698398239910603
0.001967799849808216
0.0018712078453972936
0.003509761532768607
0.002281627617776394
0.0008526018937118351
0.04434764385223389
0.002166135935112834
0.0425691194832325
0.03242681175470352
0.0014288366073742509
0.00896403193473816
0.001705484464764595
0.003058428643271327
0.051576100289821625
0.02718576043844223
0.0008611624944023788
0.002171393483877182
0.026629865169525146
0.001773988245986402
0.002456418704241514
0.0010590195888653398
0.004194123204797506
0.0029812133871018887
0.002144188852980733
0.0011317477328702807
0.03343011438846588
0.024012114852666855
0.036100104451179504
0.0011774892918765545
0.0005464173736982048
0.001179593033157289
0.0017514441860839725
0.016596216708421707
0.03415246680378914
0.0008586518233641982
0.00024243842926807702
0.00018467796326149255
0.0354066826403141
0.0006794831715524197
0.045266926288604736
0.00118006463162601
0.035670846700668335
0.0009777725208550692
0.0017543897265568376
0.0038125833962112665
0.008491897024214268
0.022005777806043625
0.0012384172296151519
0.0004312002274673432
0.00173022726085037
0.0004197281668893993
0.04949456453323364
0.03236033022403717
0.03751241788268089
0.0008232420077547431
0.0012013345258310437
0.0361742302775383
0.06099770963191986
0.001350412261672318
0.0023303357884287834
0.0035889826249331236
0.04019048810005188
0.11064708977937698
0.011584186926484108
0.0003000321448780596
0.12967538833618164
0.03732077032327652
0.001642972114495933
0.0008561653085052967
0.0004693949013017118
0.012406167574226856
0.002221060683950782
0.0004885347443632782
0.0027997982688248158
0.02295619621872902
0.006882798857986927
0.007441497873514891
0.051894914358854294
0.0008192212553694844
0.0007096122135408223
0.0005212225951254368
0.06280757486820221
0.0015666568651795387
0.0020224875770509243
0.015256844460964203
0.05624796077609062
0.039427250623703
0.0477370023727417
0.0009820394916459918
0.03189987316727638
0.05159146338701248
0.03494318947196007
0.023008940741419792
0.0036503185983747244
0.00099124014377594
0.053629349917173386
0.0013985036639496684
0.0017735164146870375
0.004787332843989134
0.0505172461271286
0.05254683643579483
0.007210905663669109
0.03583719581365585
0.025187263265252113
0.0005877387011423707
0.032150764018297195
0.0028781096916645765
0.03833559527993202
0.0027334182523190975
0.008841920644044876
0.003912159241735935
0.0012388697359710932
0.052468787878751755
0.0028192822355777025
0.0009823398431763053
0.0005957079119980335
0.05343308299779892
0.04776198789477348
0.02958974987268448
0.019245656207203865
0.028357017785310745
0.0003601561184041202
0.09453880786895752
0.0005714645376428962
0.0032941466197371483
0.021029559895396233
0.03916211426258087
0.029484571889042854
0.03698766976594925
0.14848288893699646
0.06080444157123566
0.0038765473291277885
0.044082362204790115
0.05233866348862648
0.046998314559459686
0.04846274107694626
0.0018954965053126216
0.015268076211214066
0.0007680431590415537
0.0002709203981794417
0.03090478666126728
0.052120134234428406
0.007622703444212675
0.0006904792971909046
0.0018714388133957982
0.03215770795941353
0.0016666280571371317
0.0010516406036913395
0.00036122259916737676
0.01598719321191311
0.002692839363589883
0.024534188210964203
0.0038754832930862904
0.03283299133181572
0.05784916505217552
0.0029008849523961544
0.0014683156041428447
0.03915570303797722
0.041944198310375214
0.0027264796663075686
0.0024785546120256186
0.03816894069314003
0.0010355508420616388
0.033256057649850845
0.003203959669917822
0.0015043356688693166
0.0028878888115286827
0.017867382615804672
0.0020193662494421005
0.02796967700123787
0.027883829548954964
0.004145998042076826
0.0010549635626375675
0.03625780716538429
0.04951157793402672
0.0012223792728036642
0.0005021389224566519
0.0008623187313787639
0.0015012326184660196
0.013941028155386448
0.0351545624434948
0.07946167141199112
0.04623384028673172
0.0007439873297698796
0.011559883132576942
0.002316737547516823
0.07406386733055115
0.058798518031835556
0.04162212088704109
0.023592572659254074
0.02150195650756359
0.003560231998562813
0.0008213722030632198
0.0006420926074497402
0.04718991369009018
0.0012347233714535832
0.029684443026781082
0.0025619061198085546
0.057492781430482864
0.002546946983784437
0.000605385226663202
0.05026169866323471
0.011502099223434925
0.0007036434835754335
0.0023364240769296885
0.015465463511645794
0.0014990846393629909
0.002224275842308998
0.05191588029265404
0.0005279624601826072
0.00660654716193676
0.013343212194740772
0.0014627707423642278
0.011009772308170795
0.026985596865415573
0.004251017700880766
0.0001347365032415837
0.053422875702381134
0.06444715708494186
0.00012182815407868475
0.0020222447346895933
0.0008649002993479371
0.0052943602204322815
0.0011806071270257235
0.0002919177059084177
0.031608179211616516
0.07037525624036789
0.10249226540327072
0.002768315374851227
0.002167911734431982
0.005086899735033512
0.027685094624757767
0.0005999046261422336
0.00040478387381881475
0.0802294909954071
0.0012678784551098943
0.024516640231013298
0.001410992001183331
0.0004793876432813704
0.002889153314754367
0.032752614468336105
0.013890108093619347
0.0023142206482589245
0.06836904585361481
0.03207581490278244
0.02883322350680828
0.0005507224705070257
0.00031436706194654107
0.0011410602601245046
0.004358798731118441
0.03454392030835152
0.0020860894583165646
0.033763471990823746
0.03683338686823845
0.00033870679908432066
0.0016318814596161246
0.050637345761060715
0.0011030059540644288
0.001052456209436059
0.021209731698036194
0.00213039037771523
0.003137662075459957
0.000586500100325793
0.0016467277891933918
