2.2830588817596436
3.0943655967712402
1.7904510498046875
1.950061321258545
2.3036537170410156
3.916485071182251
2.6305315494537354
2.3876869678497314
4.291679382324219
2.179898977279663
2.2024986743927
3.5397818088531494
2.353764295578003
2.555335521697998
3.3895320892333984
2.4001686573028564
5.727958679199219
2.700662612915039
2.628067970275879
4.479955673217773
2.0875627994537354
2.4352145195007324
3.780681848526001
2.009220838546753
2.3331801891326904
2.260164976119995
1.949657917022705
2.396897554397583
2.42526912689209
3.4607298374176025
3.08798885345459
2.64677095413208
3.6264724731445312
2.839384078979492
4.265328884124756
3.43495774269104
1.8830872774124146
2.6460494995117188
1.9093691110610962
2.100346803665161
2.2385823726654053
2.0081887245178223
2.0126068592071533
2.475484609603882
2.245960235595703
2.0922632217407227
1.6504112482070923
35.269126892089844
2.710775136947632
2.2907967567443848
2785.124267578125
6.202569484710693
4.442086219787598
2.0845961570739746
3.2113027572631836
2.437283515930176
2.865421772003174
2.192830801010132
2.1115899085998535
2.5119872093200684
19.635957717895508
1.9987378120422363
3.8261423110961914
3.6103017330169678
2.19584584236145
3.518876075744629
3.009721279144287
1.8165744543075562
2.436898946762085
3.169736385345459
1.9798436164855957
2.6624555587768555
2.085181474685669
3.2096662521362305
1.8458236455917358
1.9506556987762451
2.0525317192077637
2.1244523525238037
2.464246988296509
2.0685014724731445
3.195629119873047
3.071239948272705
3.247244358062744
3.719891309738159
2.469193935394287
2.3996875286102295
2.562896966934204
2.47165584564209
2.074193000793457
2.913478374481201
3.489119052886963
2.3472113609313965
22.481124877929688
2.084007740020752
2.009129285812378
2.2427380084991455
1.793326735496521
23.973302841186523
3.9760444164276123
14.095608711242676
2.494865894317627
2.117121696472168
3.3320705890655518
2.240837335586548
3.023941993713379
3.088449478149414
2.8902063369750977
2.9956417083740234
3.858144521713257
2.3207473754882812
2.3493404388427734
2.337092876434326
2.329721689224243
2.0831801891326904
2.6636855602264404
2.4612855911254883
2.326941728591919
3.580064296722412
2.881868600845337
1.947513461112976
2.0139429569244385
4.375481128692627
2.1813814640045166
3.509213447570801
2.70833420753479
2.744206666946411
7.486571311950684
2.1770875453948975
217.95306396484375
2.956643581390381
2.192274332046509
3.7182536125183105
3.2852768898010254
2.4988467693328857
2.233379364013672
2.9575304985046387
2.5486881732940674
2.0394797325134277
2.15124249458313
2.327493190765381
2.9183058738708496
2.323969602584839
2.440035104751587
2.7913830280303955
52.861446380615234
3.9111692905426025
4.081674098968506
3.297224998474121
2.3213672637939453
5.0993499755859375
1.9095299243927002
1.9308000802993774
3.6813278198242188
3.4682347774505615
3.702423095703125
2.0039472579956055
2.221513271331787
1.7797006368637085
2.7512896060943604
3.3375799655914307
3.2726895809173584
2.527346611022949
3.8627355098724365
3.2792134284973145
2.062762975692749
3.2049314975738525
3.9268367290496826
2.6963951587677
2.605381727218628
3.1868815422058105
2.777198553085327
3.390347957611084
2.6013948917388916
3.119023561477661
2.105221748352051
2.0545122623443604
3.010207414627075
5.26845645904541
2.9978764057159424
3.100173234939575
3.880505084991455
2.612700939178467
2.582096576690674
2.05865216255188
2.585594892501831
3.4476919174194336
3.1756720542907715
2.4617857933044434
2.3607752323150635
2.126835823059082
2.8682525157928467
2.4487392902374268
265.1162109375
1.974584937095642
2.695768117904663
3.4814181327819824
2.0714457035064697
2.7612996101379395
29.295047760009766
2.0062479972839355
1.7325351238250732
3.784411907196045
2.066173553466797
1.9744572639465332
2.854194164276123
2.3721137046813965
3.500356435775757
2.652214765548706
2.9903156757354736
3.1997625827789307
3.1978397369384766
3.0294342041015625
2.211117744445801
2.246243476867676
2.0942771434783936
2.493070125579834
2.5819520950317383
2.0388922691345215
2.4359703063964844
4.159305572509766
2.3086202144622803
1.961686372756958
2.618476152420044
2.534217357635498
2.342813491821289
3.1719417572021484
3.7365429401397705
2.532593011856079
2.160583972930908
43.098941802978516
2.7721140384674072
3.1182806491851807
2.027805805206299
7.60572624206543
2.56715989112854
3.958392381668091
3.755877733230591
4.248519420623779
2.1250414848327637
2.293261766433716
2.197312116622925
2.0157175064086914
1.990657925605774
1.7901850938796997
2.9081618785858154
3.4950058460235596
2.0260322093963623
2.1362509727478027
2.728950262069702
3.8966147899627686
10.362260818481445
2.92708683013916
2.202085494995117
1.9363558292388916
1.9266246557235718
2.5269789695739746
3.951637029647827
3.7557740211486816
2.329023599624634
2.826655864715576
2.0345497131347656
2.2728521823883057
59.81665802001953
3071.044921875
3.271005392074585
2.1662416458129883
2.689301013946533
2.487638473510742
3.425668716430664
1.9728224277496338
3.5126888751983643
3.015561580657959
2.843226909637451
3.2299883365631104
57.32107162475586
3.07529616355896
2.3734333515167236
1.8752189874649048
1.8868558406829834
3.923229455947876
1.9252777099609375
2.976639986038208
1.8782238960266113
2.3971352577209473
89.3499755859375
3.0000362396240234
2.561648368835449
3.145077705383301
2.591125965118408
79.82156372070312
2.587292194366455
2.614605188369751
2.4483513832092285
2.935748338699341
4.539772987365723
2.0941057205200195
2.165017604827881
4.287686347961426
3.268453359603882
3.7475061416625977
2.055222749710083
2.251278877258301
3.1038296222686768
26.597047805786133
46.817508697509766
2.0304813385009766
3.049952983856201
2.053959369659424
2.4124605655670166
2.0468735694885254
2.165743589401245
2.5480217933654785
31.756738662719727
2.6831681728363037
2.9725255966186523
2.663447856903076
2.7569446563720703
2.0668394565582275
1.9032361507415771
1.8669495582580566
2.860194206237793
9.919960021972656
2.66534686088562
2.9813883304595947
8.407214164733887
2.1155033111572266
1.9895795583724976
2.2149672508239746
2.5415329933166504
1.8407528400421143
2.909745454788208
2.184988260269165
3.4535717964172363
3.6925909519195557
2.9240756034851074
3.0666098594665527
5.135639190673828
2.4671263694763184
11.660943984985352
1.950927972793579
1.8949085474014282
2.2103044986724854
2.3242640495300293
2.5123069286346436
2.2161004543304443
7.911771774291992
2.5174548625946045
3.731794834136963
2.326469898223877
5.020033359527588
2.6662871837615967
2.1642696857452393
2.3084378242492676
2.0094900131225586
2.263646125793457
9.953186988830566
2.0621726512908936
1.9405790567398071
2.14668869972229
3.9485440254211426
1.8893409967422485
3.1886773109436035
2.456173896789551
3.463134288787842
2.9982264041900635
2.1537554264068604
2.541363000869751
3.357076644897461
1.7318785190582275
14.57337760925293
2.43583345413208
3.686884641647339
3.7421646118164062
2.9988746643066406
2.692678928375244
2.397939682006836
2.2061104774475098
2.5805764198303223
3.072896718978882
3.2374496459960938
3.0933878421783447
3.303854465484619
2.335026741027832
2.849127769470215
1.9362215995788574
1.9074726104736328
2.362842082977295
2.4110336303710938
2.0323469638824463
1.9112377166748047
2.4522347450256348
2.1570425033569336
2.0033490657806396
3.225292205810547
3.7046432495117188
2.661529541015625
2.8185951709747314
2.719228982925415
2.5859882831573486
2.3329529762268066
2.298330545425415
6.308539867401123
3.225313663482666
2.92891001701355
2.4064831733703613
4.919589519500732
2.2815370559692383
1.860466718673706
1.9327493906021118
8.65514850616455
2.0545122623443604
2.0283315181732178
2.655425786972046
1.843713402748108
2.6765575408935547
2.537821054458618
2.2276976108551025
2.045975923538208
2.145988702774048
2.447577476501465
2.17482590675354
31.53968048095703
2.3352417945861816
2.2453508377075195
2.5509326457977295
2.4429140090942383
2.3705155849456787
2.5134310722351074
13.203096389770508
2.5742921829223633
29.67018699645996
27.040054321289062
2.244546413421631
2.665952444076538
7.365860462188721
4.931565761566162
2.25346302986145
2.1002235412597656
3.1224288940429688
2.0754525661468506
2.6446731090545654
2.336446523666382
2.5460076332092285
2.847721815109253
2.2955729961395264
2.0651228427886963
2.3500304222106934
2.3749730587005615
1.8179631233215332
3.081084966659546
66.95983123779297
2.52224063873291
1.8261535167694092
2.322706460952759
2.1385974884033203
5.057103157043457
2.239785671234131
1.9231528043746948
2.2114200592041016
3.3673806190490723
2.6255581378936768
2.2830872535705566
3.2262792587280273
1.9640161991119385
2.693408727645874
1.863968849182129
2.264887571334839
1.887024998664856
2.69313907623291
3.2595272064208984
1.886966347694397
3.2873926162719727
1566.400634765625
3.6413469314575195
1.8331576585769653
2.9633429050445557
2.88240909576416
1.9128211736679077
2.4463095664978027
2.874220609664917
2.7508232593536377
2.7445247173309326
2.752699375152588
1.8351449966430664
2.382852077484131
12.820801734924316
3.045825242996216
3.5104868412017822
2.3445212841033936
2.448946237564087
2.0601072311401367
2.1843481063842773
2.31591796875
3.8378379344940186
2.221736192703247
1.7802263498306274
10.036867141723633
2.941678047180176
2.385654926300049
2.1658222675323486
2.114579916000366
2.452939033508301
2.746345043182373
2.3705945014953613
2.4883601665496826
3.2387914657592773
1.8039733171463013
2.850792646408081
2.557098627090454
2.1948001384735107
2.3615477085113525
1.9383379220962524
1.817053198814392
2.4062116146087646
2.306154251098633
3.232168197631836
2.2436704635620117
89.27654266357422
1.9649064540863037
102.59124755859375
2.3728415966033936
2.1462433338165283
2.522806406021118
2.461691379547119
2.525221347808838
3.1550469398498535
3.420409679412842
1.7524220943450928
3.065992832183838
2.581674575805664
2.0539305210113525
2.5136117935180664
1.7302684783935547
2.1913297176361084
1.7594636678695679
1.9594656229019165
3.2583272457122803
2.2233991622924805
2.6685187816619873
2.2287373542785645
2.1624510288238525
4.2619829177856445
3.759714126586914
2.674823522567749
2.322063446044922
2.904336929321289
2.3291499614715576
3.5837132930755615
2.1196670532226562
2.0797135829925537
2.2915773391723633
1.6540782451629639
3.7517929077148438
2.7915139198303223
2.3064329624176025
2.7733876705169678
2.2233924865722656
2.3012073040008545
2.175712823867798
2.0451645851135254
2.4676642417907715
2.822136402130127
1.7986903190612793
21.48833656311035
2.8449325561523438
2.5819811820983887
2.394939422607422
1.50370192527771
2.535480499267578
2.3730525970458984
2.429389476776123
1.7673420906066895
2.772758722305298
3.3029847145080566
3.0633296966552734
2.0770914554595947
4.6695661544799805
3.1552987098693848
2.9090306758880615
1.7879610061645508
2.341120481491089
2.6182596683502197
2.5447635650634766
2.0102193355560303
2.37979793548584
3.2890636920928955
2.4630167484283447
3.527020215988159
2.491856336593628
2.7491836547851562
3.488894462585449
2.1851398944854736
3.447035312652588
3.102236270904541
3.0853283405303955
1.6557756662368774
2.9888148307800293
3.698786497116089
5.066949844360352
3.4832963943481445
2.487888813018799
1.9771666526794434
2.9558990001678467
2.929507255554199
2.437129497528076
2.632079601287842
2.395806312561035
3.0583815574645996
3.1986687183380127
1.7260804176330566
1.976840615272522
2.504890203475952
2.5971500873565674
2.1063175201416016
3.116089344024658
3.330051898956299
2.5952656269073486
2.1201226711273193
1.8580738306045532
3.554935932159424
1.8905149698257446
3.5932421684265137
4.001614570617676
2.02732515335083
2.198260545730591
2.389153242111206
2.1262147426605225
2.191585063934326
2.401366710662842
3.3060202598571777
4.429453372955322
3.6234054565429688
2.305694341659546
1.975210189819336
2.3851523399353027
4.44093132019043
2.6738240718841553
2.1241908073425293
2.0704894065856934
2.061555862426758
2.0788848400115967
2.2083959579467773
2.86361026763916
2.986536741256714
2.3782784938812256
2.3890388011932373
3.697242498397827
2.0395140647888184
2.396444082260132
2.2163915634155273
2.3702619075775146
2.4235379695892334
2.3940324783325195
2.182013988494873
2.762739896774292
1.921022653579712
2.1250545978546143
7.434206008911133
2.1698954105377197
2.6588642597198486
1.5256954431533813
2.249788761138916
32.0891227722168
2.1074626445770264
2.6231696605682373
2.7232346534729004
3.2149507999420166
2.1977596282958984
1.7838988304138184
2.42989182472229
1.8325071334838867
7.708798408508301
3.4511842727661133
2.2210237979888916
2.640231132507324
2.293924570083618
1.7645642757415771
2.108165740966797
2.2724239826202393
3.262608766555786
2.201930522918701
4.093125343322754
2.869779348373413
2.6321425437927246
2.0208427906036377
2.0236003398895264
1.9404287338256836
2.4259660243988037
3.244063377380371
3.3973395824432373
3.007096529006958
2.7650527954101562
2.3737494945526123
2.6441972255706787
3.02422833442688
2.3636345863342285
2.6191763877868652
2.027834415435791
2.0985546112060547
3.5594260692596436
1.7844865322113037
2.3486804962158203
1.6069116592407227
2.093794107437134
3.0311379432678223
2.971811294555664
2.463960647583008
2.2665953636169434
2.330472469329834
2.0981040000915527
2.5947132110595703
1.8609260320663452
2.929640293121338
2.1820054054260254
3.772111654281616
3.379361629486084
17.705659866333008
2.204920768737793
2.3507518768310547
2.802535057067871
1.966309905052185
25.267032623291016
2.747753858566284
2.652667284011841
2.0063955783843994
2.003162145614624
2.657991886138916
1.6184077262878418
2.6893367767333984
2.1641032695770264
2.458221435546875
2.0682361125946045
2.9664409160614014
5.097663402557373
2.410438060760498
2.3039984703063965
3.2313477993011475
2.802319288253784
2.254075527191162
2.5829479694366455
1.791948676109314
3.4977705478668213
2.9720699787139893
2.7055766582489014
2.372638702392578
2.124457359313965
3.188091516494751
4.267699241638184
30.198495864868164
3.6245322227478027
2.8261382579803467
2.3253371715545654
3.5637106895446777
2.398777723312378
2.664710760116577
1.9335116147994995
6.8843889236450195
3.0384678840637207
1.9523251056671143
6.938356399536133
2.010986566543579
3.2499961853027344
8.555449485778809
2.6350760459899902
2.230919122695923
1.8862690925598145
3.3264081478118896
3.2643558979034424
