0.12898877263069153
0.09976742416620255
0.038559690117836
0.04167403653264046
0.054757941514253616
0.16202954947948456
0.08591654896736145
0.10056528449058533
0.03741017356514931
0.080844447016716
0.043143898248672485
0.048934079706668854
0.06459153443574905
0.041996363550424576
0.0515669509768486
0.10441283881664276
0.08964409679174423
0.04384833201766014
0.13320061564445496
0.12714044749736786
0.41993457078933716
0.09633848071098328
0.03539219871163368
0.933266282081604
0.5436489582061768
0.21766702830791473
0.10311032831668854
0.057308096438646317
0.11190764605998993
0.09120078384876251
0.06904532760381699
0.06249673292040825
0.5458651781082153
0.07181855291128159
1.299232840538025
0.0400439016520977
0.04866444692015648
0.05126854404807091
0.16214711964130402
0.07217919826507568
0.15458448231220245
0.03987393155694008
0.18581523001194
0.03770321235060692
0.04249425604939461
0.07155901938676834
0.06911780685186386
0.047842301428318024
0.1148526668548584
0.03773835673928261
0.0654875785112381
0.05534055083990097
0.074234239757061
0.030049839988350868
0.19329799711704254
0.1000758558511734
0.057227566838264465
0.36272597312927246
0.16795563697814941
0.05775473266839981
0.12734244763851166
0.08994682133197784
0.04455982893705368
0.047214068472385406
0.09218388795852661
0.12247048318386078
0.07547254860401154
0.8740228414535522
0.11185146868228912
0.08896182477474213
0.054906029254198074
0.04739038646221161
0.13087384402751923
0.27741870284080505
0.10013942420482635
0.18037573993206024
0.07113870233297348
0.07194708287715912
0.6810842156410217
0.10404234379529953
0.10340160876512527
0.13604424893856049
0.09682279825210571
0.10623914748430252
0.0653030276298523
0.1894659847021103
0.26584920287132263
0.2884082496166229
0.06899745017290115
0.11791423708200455
0.1496308296918869
0.0993475690484047
0.038192152976989746
0.0988035574555397
0.09247264266014099
0.07833723723888397
0.06257226318120956
0.09285969287157059
0.0707254484295845
0.3267984688282013
0.08405301719903946
0.6934423446655273
0.08934247493743896
0.14709223806858063
0.07313433289527893
0.04808012768626213
0.07280583679676056
0.05861542001366615
0.15577316284179688
0.7221724987030029
0.13759703934192657
0.07224591821432114
0.08707251399755478
0.06922189146280289
0.09915042668581009
0.0409952849149704
0.1198308914899826
0.09360276162624359
0.06480489671230316
0.10289555042982101
0.10034148395061493
0.05938166007399559
0.048723090440034866
0.07806602120399475
0.04935691878199577
0.18977317214012146
0.08470169454813004
0.07029905170202255
0.08126027137041092
0.12871184945106506
0.12511774897575378
0.10344091057777405
0.11650979518890381
0.10070433467626572
0.11610952019691467
0.08168742060661316
0.08265383541584015
0.1367834508419037
0.1538536101579666
0.20219513773918152
0.13536787033081055
0.08445654809474945
0.41370633244514465
0.07885442674160004
0.12169792503118515
0.11351151019334793
0.07912884652614594
0.13598111271858215
0.13582450151443481
0.08782712370157242
0.11669078469276428
0.07052772492170334
0.720729649066925
0.09452245384454727
0.13303864002227783
0.08257491886615753
0.08929558098316193
0.7008914351463318
0.07652384042739868
0.10302446782588959
0.14315633475780487
0.26037389039993286
0.06466873735189438
0.0819970965385437
0.0814184620976448
0.14794613420963287
0.07914058119058609
0.15712419152259827
0.13458497822284698
0.1603732854127884
0.20134273171424866
0.1064147800207138
0.10471964627504349
0.14167559146881104
0.07626647502183914
0.10341297090053558
0.10345383733510971
0.13134074211120605
0.35440313816070557
0.13481813669204712
0.09589709341526031
0.08341743052005768
0.10290493816137314
0.17573343217372894
0.07824786007404327
0.10307929664850235
0.11851371079683304
0.168622225522995
0.14622196555137634
0.09385630488395691
0.12408571690320969
0.15370754897594452
0.02963009849190712
0.1709449291229248
0.03515179827809334
0.1733359694480896
0.057474520057439804
0.028357377275824547
0.0169844850897789
0.012614637613296509
0.07628080993890762
0.11213215440511703
0.0587165430188179
0.019421515986323357
0.029406683519482613
0.17862194776535034
0.09844104200601578
0.07099208235740662
0.05392908304929733
0.06181422621011734
0.04195883870124817
0.035705357789993286
0.06462027132511139
0.01745746284723282
0.025295179337263107
0.03326595202088356
0.00874908547848463
0.04646938294172287
0.07354513555765152
0.020695248618721962
0.19064554572105408
0.02377881109714508
0.030080271884799004
0.017060838639736176
0.020789416506886482
0.8337026238441467
0.021789833903312683
0.10460349172353745
0.04233836010098457
0.08876262605190277
0.04752594977617264
0.028748882934451103
0.016411583870649338
0.05753324180841446
0.03564497083425522
0.014616756699979305
0.16259272396564484
0.013450032100081444
0.02683812566101551
0.08656900376081467
0.01877501606941223
0.0284741148352623
0.025799084454774857
0.04694073274731636
0.027040330693125725
0.01161055825650692
0.17550721764564514
0.020768815651535988
0.026135962456464767
0.009688855148851871
0.023109212517738342
0.022812657058238983
0.019983062520623207
0.173700213432312
0.06617357581853867
0.1775156557559967
0.07792840898036957
0.12716564536094666
0.025228748098015785
0.09406199306249619
0.06770586222410202
0.022694174200296402
0.025814339518547058
0.02559593692421913
0.026681380346417427
0.033372119069099426
0.03522113338112831
0.09995860606431961
0.028635526075959206
0.15767677128314972
0.02292117103934288
0.06389755755662918
0.056856419891119
0.033137910068035126
0.06233371049165726
0.8485043048858643
0.7327404022216797
0.08824886381626129
0.028825627639889717
0.04766765609383583
0.03393172845244408
0.05234844610095024
0.39793506264686584
0.03532193973660469
0.1108807921409607
0.03400057926774025
0.057393670082092285
1.306720495223999
0.016804907470941544
0.08879690617322922
0.053240563720464706
0.04448922723531723
0.07951436936855316
0.06723366677761078
0.05399147793650627
0.032503869384527206
0.35125434398651123
0.08689253777265549
0.0319182313978672
0.04649121314287186
0.027911638841032982
0.039786197245121
0.08076152205467224
0.20663894712924957
0.27932965755462646
0.028050675988197327
0.12389939278364182
0.04164624959230423
0.04084444418549538
0.045344602316617966
0.13716168701648712
0.06178569793701172
0.07697819173336029
0.08490212261676788
0.05137556046247482
0.021349197253584862
0.16058820486068726
0.21829769015312195
0.07206080108880997
0.06754723936319351
0.014476409181952477
0.04859981685876846
0.02696530520915985
0.014490206725895405
0.03289947286248207
0.0477275513112545
0.03101702407002449
0.01694350689649582
0.030745279043912888
0.018878327682614326
0.0301028061658144
0.041826218366622925
0.056338779628276825
0.11594431847333908
0.013016073033213615
0.038298774510622025
0.02586061879992485
0.02013302594423294
0.014229003340005875
0.03486322984099388
0.03010324388742447
0.021079307422041893
0.04201892763376236
0.03594422712922096
0.03663802519440651
0.026329616084694862
0.020996330305933952
0.038881830871105194
0.01313326321542263
0.01570272259414196
0.016222957521677017
0.04485240951180458
0.016645997762680054
0.29444193840026855
0.015275420621037483
0.04067552462220192
0.05817953124642372
0.05901065096259117
0.3054320812225342
0.026101460680365562
0.011975156143307686
0.029596995562314987
0.03079453483223915
0.012588901445269585
0.013294520787894726
0.037542082369327545
0.020650656893849373
0.01818189211189747
0.01342068798840046
0.01962168887257576
0.09650646150112152
0.046383194625377655
0.012388527393341064
0.016457270830869675
0.061594147235155106
0.0396265871822834
0.05828061327338219
0.08474018424749374
0.013682220131158829
0.026314090937376022
0.015331828035414219
0.039816245436668396
0.022265424951910973
0.009203975088894367
0.06000881269574165
0.037397727370262146
0.10390610992908478
0.05053194612264633
0.060774412006139755
0.198491171002388
0.249593123793602
0.06217624619603157
0.08040405064821243
0.06206970661878586
0.1501595824956894
0.06637417525053024
1.0755716562271118
0.0643240362405777
0.06357557326555252
0.051083680242300034
0.05145568400621414
0.05348027125000954
0.32009097933769226
0.07215221226215363
0.23385033011436462
0.08927766978740692
0.15062028169631958
0.09287336468696594
0.05470147356390953
1.106177568435669
0.11464802920818329
0.06640971451997757
0.043225858360528946
0.06900281459093094
0.1935216337442398
0.07562942802906036
0.11543018370866776
0.039949413388967514
0.06451883167028427
0.04586528241634369
0.16741326451301575
0.08686670660972595
0.060762032866477966
0.12317600846290588
0.12548841536045074
0.05910829082131386
0.08263184875249863
0.06912418454885483
0.2360360324382782
0.05639713630080223
0.034489791840314865
0.06608111411333084
0.36530154943466187
0.04728738218545914
0.05755286291241646
0.03478272631764412
0.06663243472576141
0.19014230370521545
0.04056929051876068
0.08828714489936829
0.036217089742422104
0.06495772302150726
0.07627642154693604
0.08658014237880707
0.07754850387573242
0.07424481213092804
0.47085127234458923
0.16267558932304382
0.24991771578788757
0.1043543592095375
0.06253016740083694
0.08262892812490463
0.21052390336990356
0.1278810203075409
0.0922057181596756
0.15913830697536469
0.12915170192718506
0.1680506467819214
0.08141696453094482
0.38697361946105957
0.12821033596992493
0.6886604428291321
0.06482730805873871
0.17024700343608856
0.10706138610839844
0.08799183368682861
0.1867000162601471
0.12451797723770142
0.1552530974149704
0.07021946460008621
0.38334131240844727
0.9646453857421875
0.09980304539203644
0.1383594274520874
0.13251754641532898
0.09948204457759857
0.09206647425889969
0.0644778460264206
0.09210283309221268
0.29179972410202026
0.21143938601016998
0.0788247212767601
0.097584068775177
0.09443686902523041
0.12390541285276413
0.16792823374271393
0.06920957565307617
0.1279049664735794
0.14168588817119598
0.19705332815647125
0.09064473956823349
0.1350877732038498
0.06821954250335693
0.09749623388051987
0.17950275540351868
0.15805570781230927
0.08931481093168259
0.12762494385242462
0.12472501397132874
0.20143626630306244
0.09488165378570557
0.09608735144138336
0.08813349902629852
0.19128744304180145
0.29891178011894226
0.11732958257198334
0.09309658408164978
0.1628843992948532
0.12432758510112762
0.9748650789260864
0.14068493247032166
0.12224378436803818
0.03829042613506317
0.03140564635396004
0.02098032645881176
0.02682168036699295
0.035864148288965225
0.0652150809764862
0.029684297740459442
0.03469584137201309
0.051734376698732376
0.7180711627006531
0.0469646193087101
0.024266649037599564
0.022858502343297005
0.021984858438372612
0.03141003102064133
0.03275981545448303
0.9132576584815979
0.07318061590194702
0.3654382526874542
0.049541864544153214
0.04305460676550865
0.03314955532550812
0.045491237193346024
0.09403450042009354
0.054008498787879944
0.040917523205280304
0.023794321343302727
0.03636174276471138
0.06790715456008911
0.024355603381991386
0.1048363670706749
0.03399822115898132
0.031087802723050117
0.04176574945449829
0.5021216869354248
0.026040401309728622
0.047620195895433426
0.020038479939103127
0.043235816061496735
0.02934649959206581
0.041184213012456894
0.08760420233011246
0.031089941039681435
0.03647768124938011
0.03003053553402424
0.019413208588957787
0.14358310401439667
0.19557885825634003
0.03417990729212761
0.027893878519535065
0.07444292306900024
0.04706525057554245
0.04380916431546211
0.027133438736200333
0.04465344175696373
0.03197130560874939
0.05121240019798279
0.05533706396818161
1.200812578201294
0.0420784130692482
0.019664430990815163
0.12943850457668304
0.0626557469367981
0.2950352430343628
0.12868887186050415
0.10296665877103806
0.12561586499214172
0.12675683200359344
0.1741882562637329
0.07273514568805695
0.14289219677448273
0.1356789618730545
0.11321204900741577
0.11851611733436584
0.23273400962352753
0.12430250644683838
0.11198386549949646
0.4079396426677704
0.13833536207675934
0.19028009474277496
0.13053783774375916
0.39977559447288513
0.17818546295166016
0.31319305300712585
0.19733017683029175
0.15809571743011475
0.11127268522977829
0.14668378233909607
0.08013535290956497
0.3190890848636627
0.10766942799091339
0.09055307507514954
0.12802965939044952
0.18184365332126617
0.08981410413980484
0.13385692238807678
0.12146299332380295
0.0865979790687561
0.14870505034923553
0.16317208111286163
0.1670379489660263
0.10581530630588531
0.196149542927742
0.5161421895027161
0.10154131054878235
0.09801650047302246
0.2113541215658188
0.09095538407564163
0.12186285853385925
0.09966372698545456
0.08716507256031036
0.15664447844028473
0.2333136796951294
0.11860359460115433
0.08853606879711151
0.14119181036949158
0.07579110562801361
0.1499244123697281
0.1629844456911087
0.1426519900560379
0.11574653536081314
0.13027983903884888
0.1429600864648819
0.09764906018972397
0.07607705891132355
0.08408084511756897
0.09642858803272247
0.13232766091823578
0.0987241268157959
0.050415728241205215
0.060773469507694244
0.09176363050937653
0.033678725361824036
0.12169677019119263
0.09651920199394226
0.06001966819167137
0.0845925509929657
0.1046430841088295
0.1503891795873642
0.08134330064058304
0.42827174067497253
0.09791657328605652
0.074446901679039
0.06530820578336716
0.07252978533506393
0.07497688382863998
0.052132729440927505
0.03809216991066933
0.14499503374099731
0.06102123111486435
0.059235572814941406
0.050273288041353226
0.07701707631349564
0.04790899530053139
0.042970411479473114
0.044058434665203094
0.04681818187236786
0.04814723879098892
0.049134135246276855
0.10879701375961304
0.043702151626348495
0.08854832500219345
0.04533984512090683
0.0408477820456028
0.08343841880559921
0.03658255562186241
0.05878603830933571
0.11769077181816101
0.05792425572872162
0.04742446914315224
0.0334196463227272
0.03902922943234444
0.044987473636865616
0.11840590834617615
0.05665965378284454
0.05360031500458717
0.09000056236982346
0.1646084189414978
0.09803275763988495
0.05589598789811134
0.05801224336028099
0.06261849403381348
0.053638726472854614
0.05418136343359947
0.08088099211454391
0.1619459092617035
0.06088222563266754
0.09086766093969345
0.09588401764631271
0.05838119611144066
0.0638902559876442
0.04742465168237686
0.11583752185106277
0.08472810685634613
0.10147900879383087
0.08150285482406616
0.07667914032936096
0.09800097346305847
0.06429069489240646
0.09855075180530548
0.06936648488044739
0.06577231734991074
0.07717153429985046
0.06112353131175041
0.8018162250518799
0.09257261455059052
0.3354267477989197
0.09289412200450897
0.13658463954925537
0.0904647707939148
0.0931355357170105
0.08397886157035828
0.08693582564592361
0.10174749791622162
0.06942430883646011
0.08648407459259033
0.09736799448728561
0.09345681220293045
0.09758447855710983
0.09591015428304672
0.19868049025535583
0.183664470911026
0.17930924892425537
0.2243635356426239
0.11779585480690002
0.07491827756166458
0.06798922270536423
0.07493583112955093
0.10643275827169418
0.4011959433555603
0.08112166076898575
0.08645295351743698
0.085617296397686
0.11011745035648346
0.0821894034743309
0.10507712513208389
0.08025351911783218
0.09302205592393875
0.6558253765106201
0.23697726428508759
0.08586057275533676
0.270433634519577
0.11472287774085999
0.1879889965057373
0.07632884383201599
0.08662756532430649
0.12225069850683212
0.15990567207336426
0.14414085447788239
0.1391344964504242
0.07975787669420242
0.14424990117549896
0.08510422706604004
0.12516765296459198
0.12996377050876617
0.15383821725845337
