0.09889153391122818
0.05358768627047539
0.05998261645436287
0.03846566379070282
0.03413914889097214
0.06227542459964752
0.2507157325744629
0.06824949383735657
0.022312870249152184
0.0386129729449749
0.03423420712351799
0.04189624264836311
0.05134649574756622
0.13105842471122742
0.21188054978847504
0.05177806690335274
0.08750093728303909
0.4048957824707031
0.04382939636707306
0.03003418818116188
0.1595466285943985
0.07220949232578278
0.04351849481463432
0.07257331907749176
0.035349395126104355
0.056879930198192596
0.03000805154442787
0.0805741399526596
0.040386296808719635
0.1228083074092865
0.03304492309689522
0.031418949365615845
0.036140646785497665
0.08205252140760422
0.32072004675865173
0.058429818600416183
0.07186958193778992
0.05477086827158928
0.03886061906814575
0.03284876421093941
0.08635837584733963
0.03347291052341461
0.09782805293798447
0.047794923186302185
0.48604387044906616
0.05759397894144058
0.028700971975922585
0.04793841391801834
0.41431814432144165
0.03589964285492897
0.024524478241801262
0.03156673163175583
0.02918233536183834
0.07069994509220123
0.03418036550283432
0.08327797055244446
0.07073231041431427
0.10442322492599487
0.022865179926156998
0.04828059300780296
0.05711955204606056
0.02976330555975437
0.16360196471214294
0.05980605259537697
0.1892777383327484
0.05247122421860695
0.041011154651641846
0.0661950558423996
0.03480628505349159
0.08172185719013214
0.06502854079008102
0.058604367077350616
0.028159188106656075
0.16419194638729095
0.04876115173101425
0.05996668338775635
0.04493178427219391
1.0874789953231812
0.04872944578528404
0.044666413217782974
0.04541388899087906
0.055544164031744
0.07923021912574768
0.06523186713457108
0.08637376129627228
0.07284745573997498
0.06936470419168472
0.024880483746528625
0.046164531260728836
0.03485064581036568
0.10652341693639755
0.03527052327990532
0.05051308870315552
0.7198701500892639
0.035300206393003464
0.0327199324965477
0.024114057421684265
0.05144027993083
0.08495457470417023
0.11314369738101959
0.04485376924276352
0.04086316004395485
0.06182825565338135
0.03058556653559208
0.041188471019268036
0.034239087253808975
0.0695156529545784
0.030286623165011406
0.021802788600325584
0.03245071321725845
0.03597886115312576
0.02648928016424179
0.06662352383136749
0.050507303327322006
0.03739596903324127
0.03385874629020691
0.027262292802333832
0.05804268270730972
0.8978197574615479
0.03260020166635513
0.0391119010746479
0.044055018573999405
0.04390363767743111
0.025882232934236526
0.05810091644525528
0.034067727625370026
0.14043976366519928
0.03919525444507599
0.02957633137702942
0.02926725149154663
0.016607245430350304
0.1455736607313156
0.024556895717978477
0.04256710037589073
0.036564603447914124
0.06032104045152664
0.049421556293964386
0.06130310520529747
0.056285131722688675
0.018000200390815735
0.21395325660705566
0.02729068323969841
0.15000417828559875
0.01631850190460682
0.027293266728520393
0.022948216646909714
0.022146500647068024
0.06184964254498482
0.027201535180211067
0.028819339349865913
0.02052031084895134
0.6955797672271729
0.06696812808513641
0.03284064680337906
0.015868695452809334
0.022827448323369026
0.13625729084014893
0.025121241807937622
0.08352924138307571
0.028329206630587578
0.02310519479215145
0.42007559537887573
0.04297079145908356
0.05292612314224243
0.05149996653199196
0.03152862936258316
0.6401620507240295
0.09642095118761063
0.020337803289294243
0.1287233978509903
0.04231986775994301
0.5548842549324036
0.06487425416707993
0.07112613320350647
0.190366730093956
0.024168552830815315
0.394831120967865
0.027635924518108368
0.020114727318286896
0.02394350990653038
0.019350701943039894
0.14360295236110687
0.06449902057647705
0.14849093556404114
0.04592425003647804
0.035553038120269775
0.09527160972356796
0.08247880637645721
0.02733474038541317
0.07183939963579178
0.04105640575289726
0.026402544230222702
0.3010503351688385
0.06770901381969452
0.13941577076911926
0.09170812368392944
0.09692727774381638
0.06618063151836395
0.09168367832899094
0.12529006600379944
0.10742463171482086
0.06342767179012299
0.07305067032575607
0.15218357741832733
0.0872286930680275
0.1289621889591217
0.06999364495277405
0.08160287886857986
0.26357704401016235
0.08060754090547562
0.097133569419384
0.08900771290063858
0.08099082857370377
0.10897897928953171
0.3266119360923767
0.08820214122533798
0.06447615474462509
0.09627646952867508
0.10128413885831833
0.08876822143793106
0.07970695942640305
0.0522407665848732
0.14046169817447662
0.07550782710313797
0.08968029916286469
0.053764116019010544
0.182021826505661
0.2806185781955719
0.1749531328678131
0.0799776166677475
0.1527613401412964
0.4284791052341461
0.23089499771595
0.0812462642788887
0.0627550333738327
0.07484311610460281
0.40368130803108215
0.13586366176605225
0.07968007028102875
0.05211079120635986
0.07143966108560562
0.15121476352214813
0.06546076387166977
0.07294327765703201
0.07449281960725784
0.08256492018699646
0.09850213676691055
0.10056012868881226
0.23124194145202637
0.19383808970451355
0.13792161643505096
0.1385708749294281
0.071768619120121
0.06548042595386505
0.07501742988824844
0.19762742519378662
0.05044901743531227
0.014956762082874775
0.01737772487103939
0.008645827881991863
0.04109599068760872
0.05055825412273407
0.018609894439578056
0.012939441949129105
0.017935648560523987
0.033930107951164246
0.015704285353422165
0.022860148921608925
0.022795619443058968
0.01378539577126503
0.03628380969166756
0.009460097178816795
0.02688845433294773
0.20292696356773376
0.07652249187231064
0.030552295967936516
0.013039883226156235
0.05320633575320244
0.014881790615618229
0.02128070779144764
0.010513484477996826
0.026732882484793663
0.16247351467609406
0.06003874912858009
0.21388334035873413
0.012051667086780071
0.014902140945196152
0.011777748353779316
0.010869976133108139
0.13598766922950745
0.0794278085231781
0.11342094838619232
0.040485680103302
0.024444827809929848
0.013673844747245312
0.01110057346522808
0.04534133896231651
0.03749856352806091
0.017916062846779823
0.041485413908958435
0.018009260296821594
0.03430105373263359
0.010876810178160667
0.014050662517547607
0.02887723408639431
0.013362260535359383
0.011681581847369671
0.03662914037704468
0.020972879603505135
0.026537971571087837
0.018263855949044228
0.010438608936965466
0.0062669445760548115
0.02334587648510933
0.04056359454989433
0.16805805265903473
0.0802965760231018
0.03218865767121315
0.010354539379477501
0.016849642619490623
0.011715068481862545
0.006686266511678696
0.06413973122835159
0.011140973307192326
0.0390765443444252
0.019797945395112038
0.16266223788261414
0.01595251075923443
0.006782530341297388
0.02321205846965313
0.012802586890757084
0.01024121418595314
0.017671756446361542
0.01202775351703167
0.012770076282322407
0.012399072758853436
0.008889115415513515
0.01035243645310402
0.0565803237259388
0.007687063422054052
0.008494872599840164
0.18249624967575073
0.02669777348637581
0.024002015590667725
0.00962380226701498
0.025492962449789047
0.008119985461235046
0.03839680552482605
0.029132135212421417
0.16677311062812805
0.03811785206198692
0.0141076585277915
0.010056128725409508
0.006475639529526234
0.14063654839992523
0.011491553857922554
0.08078891783952713
0.3866274952888489
0.06589096784591675
0.011633564718067646
0.027906320989131927
0.058762915432453156
0.011272281408309937
0.09177221357822418
0.010321715846657753
0.04557088389992714
0.025881756097078323
0.014166539534926414
0.04148812219500542
0.0063444036059081554
0.018263310194015503
0.039254408329725266
0.007185349240899086
0.0553923174738884
0.010705854743719101
0.08667421340942383
0.00859097670763731
0.01921442337334156
0.0112163620069623
0.013121713884174824
0.02423333004117012
0.016805240884423256
0.03436119854450226
0.00834016315639019
0.05491245165467262
0.10521295666694641
0.05568356439471245
0.3092692494392395
0.05758097767829895
0.116322360932827
0.27432578802108765
0.10243599861860275
0.08306067436933517
0.03783775866031647
0.0696728378534317
0.04050420969724655
0.04049387201666832
0.042644526809453964
0.06018010154366493
0.05767776072025299
0.06799306720495224
0.11529532819986343
0.06913995742797852
0.039845872670412064
0.13724973797798157
0.2155432105064392
0.03844470530748367
0.04242883250117302
0.08551600575447083
0.03777075931429863
0.22673185169696808
0.1722160130739212
0.20414981245994568
0.04785139113664627
0.06759465485811234
0.09311351180076599
0.04508863762021065
0.042621105909347534
0.07660216838121414
0.07931434363126755
0.043834295123815536
0.09517914801836014
0.4169212579727173
0.08515588194131851
0.10495050996541977
0.06369505077600479
0.06733376532793045
0.13450227677822113
0.037466421723365784
0.075718455016613
0.07868829369544983
0.051325082778930664
0.08999360352754593
0.10058816522359848
0.08020824939012527
0.05665970966219902
0.220121830701828
0.04522724822163582
0.026101108640432358
0.08874663710594177
0.08710025250911713
0.11263614147901535
0.04444403573870659
0.03984951972961426
0.10989843308925629
0.07496193796396255
0.1516249179840088
0.14263182878494263
0.04546176269650459
0.06279187649488449
0.031795699149370193
0.031041614711284637
0.04178214818239212
0.03334007039666176
0.04197492450475693
0.034874480217695236
0.030143573880195618
0.0239313542842865
0.02678106352686882
0.034134477376937866
0.03268972039222717
0.034047529101371765
0.021888837218284607
0.04788970947265625
0.030162233859300613
0.049194902181625366
0.039503153413534164
0.032686516642570496
0.04586629569530487
0.03379179537296295
0.028593117371201515
0.024456284940242767
0.027383293956518173
0.11290380358695984
0.022727258503437042
0.02994423732161522
0.03584495559334755
0.03896725922822952
0.031504981219768524
0.02455250918865204
0.03005029447376728
0.040433838963508606
0.027388405054807663
0.023786941543221474
0.048589400947093964
0.06648567318916321
0.03327243775129318
0.04712659493088722
0.0313735194504261
0.03339428827166557
0.03412441164255142
0.10222146660089493
0.026329830288887024
0.025781570002436638
0.05935920402407646
0.04734295979142189
0.034623004496097565
0.03390159830451012
0.028264647349715233
0.02385631762444973
0.034048400819301605
0.03663500398397446
0.025703035295009613
0.027317428961396217
0.03405369445681572
0.025402028113603592
0.027333714067935944
0.03547654300928116
0.02851722203195095
0.03865056112408638
0.04962896555662155
0.03892927244305611
0.08003658056259155
0.10773049294948578
0.18981143832206726
0.07579322904348373
0.05104334279894829
0.09449434280395508
0.12514834105968475
0.07877003401517868
0.2633924186229706
0.06227175146341324
0.8827089071273804
0.16512122750282288
0.05878721550107002
0.16678112745285034
0.14434266090393066
0.17111995816230774
0.13947828114032745
0.07134634256362915
0.13658851385116577
0.167746901512146
0.12940740585327148
0.04482976719737053
0.08338023722171783
0.18921661376953125
0.07667271792888641
0.11012373119592667
0.07817929238080978
0.14806662499904633
0.08980805426836014
0.09897055476903915
0.059871893376111984
0.09935945272445679
0.06135568395256996
0.098627969622612
0.12241188436746597
0.10223554819822311
0.15794505178928375
0.0635891854763031
0.2031809389591217
0.17689315974712372
0.16526271402835846
0.10876800864934921
0.05945294350385666
0.1202186793088913
0.21059143543243408
0.06146041303873062
0.0818801075220108
0.6505689024925232
0.07081523537635803
0.5623188018798828
0.08360157907009125
0.13135039806365967
0.10040266811847687
0.13364039361476898
0.03913392871618271
0.114166259765625
0.08899880945682526
0.06047691032290459
0.07592084258794785
0.07482770830392838
0.08387784659862518
0.07869284600019455
0.8012351989746094
0.08046643435955048
0.07873023301362991
0.019346486777067184
0.04005268216133118
0.04698009043931961
0.0876561626791954
0.017400218173861504
0.011208277195692062
0.04820098727941513
0.015131211839616299
0.039413828402757645
0.03273233026266098
0.013994172215461731
0.0921226516366005
0.01415848545730114
0.011392705142498016
0.016281018033623695
0.009966444224119186
0.021878337487578392
0.009604391641914845
0.024929648265242577
0.04817715659737587
0.02250162698328495
0.018586955964565277
0.07344916462898254
0.016269352287054062
0.009812438860535622
0.15890003740787506
0.025158589705824852
0.01965320110321045
0.029381701722741127
0.013559606857597828
0.035333529114723206
0.02274520881474018
0.026629414409399033
0.02122846618294716
0.04382443428039551
0.009580843150615692
0.025207901373505592
0.013301212340593338
0.06081065535545349
0.017389461398124695
0.016360903158783913
0.011307069100439548
0.015975110232830048
0.010042190551757812
0.017377879470586777
0.019965002313256264
0.06206084042787552
0.009424326941370964
0.014461674727499485
0.03365117311477661
0.013703668490052223
0.08784226328134537
0.010182984173297882
0.01934298314154148
0.017564738169312477
0.015842709690332413
0.13507205247879028
0.010113297030329704
0.02119557559490204
0.11191916465759277
0.01365230418741703
0.038645777851343155
0.010480744764208794
0.5408346652984619
0.08446235209703445
0.08207239955663681
0.041482795029878616
0.019186317920684814
0.021473633125424385
0.020015673711895943
0.014274933375418186
0.02836037427186966
0.01454050000756979
0.01826399751007557
0.07513724267482758
0.04590843990445137
0.06722911447286606
0.0383574403822422
0.030321182683110237
0.04318682849407196
0.10973864048719406
0.015743756666779518
0.07428482919931412
0.02402319759130478
0.2949542999267578
0.06948479264974594
0.03788430988788605
0.021992990747094154
0.02428532764315605
0.024313246831297874
0.1182391420006752
0.06934532523155212
0.04921945184469223
0.042729489505290985
0.07855156809091568
0.24486815929412842
0.01689079962670803
0.03741641342639923
0.031300075352191925
0.027820179238915443
0.014863479882478714
0.031695492565631866
0.020842762663960457
0.11440247297286987
0.1271677017211914
0.042494598776102066
0.01909615844488144
0.01591362990438938
0.05445738136768341
0.042738426476716995
0.3068401515483856
0.3717047870159149
0.020021649077534676
0.2593400180339813
0.044909410178661346
0.05742830038070679
0.027736281976103783
0.04740551859140396
0.04392097517848015
0.29411885142326355
0.04389587789773941
0.02115720324218273
0.034639872610569
0.17050494253635406
0.021574025973677635
0.03263489156961441
0.032940998673439026
0.0348326712846756
0.021081358194351196
0.05541034787893295
0.028151247650384903
0.037026774138212204
0.030308064073324203
0.03195670247077942
0.0490383543074131
0.04473352059721947
0.03637872636318207
0.029945069923996925
0.020414218306541443
0.25570541620254517
0.19648928940296173
0.0292718093842268
0.05077899247407913
0.04515824466943741
0.043582502752542496
0.034207332879304886
0.03953609615564346
0.030789004638791084
0.030439505353569984
0.03990666940808296
0.7360455393791199
0.06873709708452225
0.6139577627182007
0.03718612715601921
0.04015194997191429
0.042453739792108536
0.045031558722257614
0.031232720240950584
0.03534427285194397
0.02604016847908497
0.08982779830694199
0.026931582018733025
0.06052110344171524
0.05939118191599846
0.05488472431898117
0.03713501617312431
0.0625019371509552
0.049996644258499146
0.06552138179540634
0.28841617703437805
0.7510509490966797
0.02207479253411293
0.4917953908443451
0.03399253636598587
0.06623733788728714
0.038088466972112656
0.037833746522665024
0.02866147831082344
0.05105705186724663
0.04062101989984512
0.05947403609752655
0.03058617003262043
0.05693322420120239
0.053310032933950424
0.053625550121068954
0.024064596742391586
0.02902906760573387
0.05636531114578247
0.033867254853248596
0.030459731817245483
0.02814214676618576
