0.04326122626662254
0.15128596127033234
0.06744051724672318
0.0818437859416008
0.06407386064529419
0.04535774141550064
0.03405609354376793
0.05861467495560646
0.1154174953699112
0.169376403093338
0.07476362586021423
0.07179504632949829
0.04412268474698067
0.046215128153562546
0.07603439688682556
0.03873002901673317
0.06288526207208633
0.14409604668617249
0.0736628919839859
0.08278326690196991
0.06242074817419052
0.03759656846523285
0.06194853037595749
0.09353062510490417
0.12242327630519867
0.1117154210805893
0.06604880839586258
0.05535927787423134
0.7124730944633484
0.11627637594938278
0.055468954145908356
0.06277720630168915
0.1988726705312729
0.058279089629650116
0.062018223106861115
0.4263245761394501
0.049706391990184784
0.059778690338134766
0.05417431890964508
0.07756669819355011
0.10819718986749649
0.05603525787591934
0.05240355432033539
0.11084049195051193
0.10411588102579117
0.058488134294748306
0.07368020713329315
0.09115287661552429
0.06724528968334198
0.0749889612197876
0.06519051641225815
0.3873738646507263
0.1911109983921051
0.049022506922483444
0.08972154557704926
0.284053236246109
0.07351572811603546
0.06230178475379944
0.03932369127869606
0.1004917100071907
0.05745901167392731
0.037357479333877563
0.04435170814394951
0.07272050529718399
0.06502482295036316
0.041958048939704895
0.10490462183952332
0.026760747656226158
0.08283891528844833
0.02321213111281395
0.061294618993997574
0.03506552055478096
0.03464643657207489
0.028208650648593903
0.05468439310789108
0.023365411907434464
0.07133404910564423
0.3816165626049042
0.09583728760480881
0.021643921732902527
0.033889707177877426
0.03144070878624916
0.03597668185830116
0.3598502576351166
0.0321560874581337
0.036083370447158813
0.05984501168131828
0.02539804019033909
0.0293338131159544
0.0626821368932724
0.039044592529535294
0.05898442491889
0.049897000193595886
0.04123327508568764
0.04186972230672836
0.054163914173841476
0.032602351158857346
0.061881374567747116
0.16912677884101868
0.08775122463703156
0.023751745000481606
0.02453768253326416
0.020388394594192505
0.02886793576180935
0.03353781998157501
0.020419985055923462
0.03662871569395065
0.026192719116806984
0.35437169671058655
0.042334526777267456
0.0854526087641716
0.08211001008749008
0.034147318452596664
0.05060914158821106
0.04331521689891815
0.08193878829479218
0.03702238202095032
0.04795551300048828
0.03423941880464554
0.058420177549123764
0.06403907388448715
0.049238335341215134
0.2323477566242218
0.03912317380309105
0.06789590418338776
0.026149995625019073
0.08102916181087494
0.19011272490024567
0.0925188884139061
0.07404978573322296
0.159230574965477
0.11809984594583511
0.0806393176317215
0.07086823135614395
0.3341653645038605
0.21258743107318878
0.09244520962238312
0.05076122283935547
0.2994574010372162
0.07510735094547272
0.07285746932029724
0.1850041002035141
0.05248045548796654
0.07029424607753754
0.11025489866733551
0.13609445095062256
0.08214876055717468
0.07625628262758255
0.1405678689479828
0.16730396449565887
0.10412006080150604
0.13845010101795197
0.10651607811450958
0.41114652156829834
0.1234511062502861
0.14138706028461456
0.07868418097496033
0.07035017013549805
0.15039101243019104
0.38599857687950134
0.08899138122797012
0.10640313476324081
0.09367552399635315
0.07163923233747482
0.1255701631307602
0.10414503514766693
0.08334644138813019
0.1328447312116623
0.08059075474739075
0.09885186702013016
0.07302747666835785
0.23431338369846344
0.053851108998060226
0.11522864550352097
0.12192050367593765
0.12490823864936829
0.11095507442951202
0.07005241513252258
0.1152588352560997
0.10555092990398407
0.13173583149909973
0.1087772324681282
0.23968714475631714
0.09020877629518509
0.09641009569168091
0.11156792938709259
0.47140470147132874
0.1501099169254303
0.131276935338974
0.1858883947134018
0.12323980033397675
0.10522578656673431
0.13191621005535126
0.1317097544670105
0.10765516757965088
0.10954202711582184
0.14883337914943695
0.08078104257583618
0.2213086485862732
0.15359073877334595
0.07644256949424744
0.11955863982439041
0.11465158313512802
0.14874684810638428
0.07868319004774094
0.07195474952459335
0.08073163777589798
0.124565988779068
0.09934767335653305
0.08845528960227966
0.20009244978427887
0.10687276721000671
0.13076013326644897
0.09850308299064636
0.1264348328113556
0.12583225965499878
0.1307283639907837
0.10387898236513138
0.1231449693441391
0.31176233291625977
0.15806932747364044
0.19371241331100464
0.0695028007030487
0.1724046766757965
0.145989790558815
0.11714479327201843
0.09853065013885498
0.12202473729848862
0.16069453954696655
0.13695493340492249
0.09632296860218048
0.15285520255565643
0.10020464658737183
0.14307676255702972
0.129157155752182
0.14396274089813232
0.0714036375284195
0.08988034725189209
0.0993756428360939
0.13411451876163483
0.12734819948673248
0.11051684617996216
0.13928531110286713
0.14235395193099976
0.11625727266073227
0.08666621148586273
0.10944107174873352
0.08985433727502823
0.1686803698539734
0.11588006466627121
0.18060101568698883
0.0879354476928711
0.14349795877933502
0.0844234824180603
0.16750162839889526
0.10503231734037399
0.0917985811829567
0.20355921983718872
0.08320675045251846
0.058006756007671356
0.07204990088939667
0.06567118316888809
0.07273080199956894
0.15897014737129211
0.13755452632904053
0.07122606784105301
0.07190251350402832
0.0899122953414917
0.06913909316062927
0.39369186758995056
0.060271382331848145
0.08411062508821487
0.06709582358598709
0.07763861864805222
0.08290068805217743
0.0934399962425232
0.0737989991903305
0.07974369823932648
0.08557702600955963
0.1592285931110382
0.08115207403898239
0.07422637939453125
0.07059886306524277
0.9909677505493164
0.06623531877994537
0.11059226840734482
0.11800172924995422
0.1010804995894432
0.055138472467660904
0.12895387411117554
0.08500485122203827
0.16361941397190094
0.24580736458301544
0.3123912215232849
0.11007577180862427
0.1890430450439453
0.12727516889572144
0.08965303003787994
0.3975953459739685
0.08841689676046371
0.11835551261901855
0.08183428645133972
0.11111199855804443
0.209467813372612
0.056964851915836334
0.16476865112781525
0.14783483743667603
0.08259862661361694
0.09322498738765717
0.11257603764533997
0.10805148631334305
0.1347731202840805
0.09477435797452927
0.0599120557308197
0.6489226222038269
0.11709263175725937
0.06241057068109512
0.11558616906404495
0.2603229880332947
0.13362495601177216
0.10936632007360458
0.11688267439603806
0.10982503741979599
0.11682349443435669
0.13389918208122253
0.08437895774841309
0.14623570442199707
0.10931459069252014
0.21320569515228271
0.06675714999437332
0.10880009829998016
0.07690724730491638
0.1830836534500122
0.1407679319381714
0.14998376369476318
0.164869487285614
0.09459508210420609
0.08297598361968994
0.11279339343309402
0.07374219596385956
0.1128465011715889
0.08272530883550644
0.10860126465559006
0.07455399632453918
0.064134381711483
0.212346613407135
0.09763665497303009
0.09213593602180481
0.12960679829120636
0.10593494772911072
0.49587827920913696
0.08888637274503708
0.10019839555025101
0.07815375179052353
0.0642690509557724
1.1241416931152344
0.15172098577022552
0.07793936133384705
0.09917943924665451
0.10391070693731308
0.1166716068983078
0.16825157403945923
0.10475435853004456
0.07993347942829132
0.098027803003788
0.13764739036560059
0.12804648280143738
0.10538952052593231
0.07161436975002289
0.26720523834228516
0.18248073756694794
0.11780843883752823
0.10939619690179825
0.11527314782142639
0.11059382557868958
0.16083118319511414
0.11754108965396881
0.11712852865457535
0.18970191478729248
0.049173496663570404
0.1420740932226181
0.12244643270969391
0.09833244234323502
0.18808192014694214
0.10815801471471786
0.0691833645105362
0.07228182256221771
0.15200567245483398
0.25862133502960205
0.11512739211320877
0.4336092472076416
0.07458899915218353
0.14338494837284088
0.08552751690149307
0.09562987834215164
0.08550221472978592
0.08732035756111145
0.1767723560333252
0.07150819897651672
0.4134017825126648
0.09299167990684509
0.1378740519285202
0.09681569039821625
0.0790058821439743
0.603826642036438
0.22462986409664154
0.049646034836769104
0.08204757422208786
0.08624373376369476
0.06810139119625092
0.0669047012925148
0.10704461485147476
0.07711665332317352
0.08426088094711304
0.4248601198196411
0.15046796202659607
0.1784844845533371
0.09609050303697586
0.07751858234405518
0.10776053369045258
0.29430297017097473
0.083060123026371
0.06387799978256226
0.0927078127861023
0.06992137432098389
0.2538236379623413
0.0821407288312912
0.08176514506340027
0.0711505264043808
0.09918323159217834
0.12253233045339584
0.09530767053365707
0.10122158378362656
0.07267362624406815
0.11595204472541809
0.18406419456005096
0.092063769698143
0.2218358814716339
0.06668058782815933
0.3306882679462433
0.07723473757505417
0.0809149444103241
0.07494106143712997
0.08939903974533081
0.07387540489435196
0.08892738074064255
0.13931816816329956
0.07328321784734726
0.23386673629283905
0.16276253759860992
0.08097676187753677
0.1641210913658142
0.3755894601345062
0.16225749254226685
0.25723057985305786
0.30837228894233704
0.10396011173725128
0.14945021271705627
0.16130802035331726
0.7365730404853821
0.14882884919643402
0.08701682835817337
0.15735197067260742
0.2694541811943054
0.4354424774646759
0.21753643453121185
0.10000747442245483
0.15035083889961243
0.10903708636760712
0.1325109601020813
0.1000404953956604
0.9406883120536804
0.12310279160737991
0.38181427121162415
0.1422533392906189
0.10254664719104767
0.14300377666950226
0.27106010913848877
0.17990092933177948
0.11685562133789062
0.13167160749435425
0.10666981339454651
0.09151355922222137
0.11995484679937363
0.11826729029417038
0.13713586330413818
0.19322562217712402
0.11765620112419128
0.08392395824193954
0.18966665863990784
0.15803425014019012
0.11970029771327972
0.21033500134944916
0.20111697912216187
0.1328343003988266
0.15499593317508698
0.13615402579307556
0.16081134974956512
0.11489797383546829
0.08282644301652908
0.24439473450183868
0.15621238946914673
0.0774146094918251
0.14904625713825226
0.17066630721092224
0.1042335107922554
0.1287037581205368
0.15315915644168854
0.15671464800834656
0.1229536384344101
0.17579220235347748
0.11869140714406967
0.1986493468284607
0.221124067902565
0.06859766691923141
0.0983051285147667
0.10059451311826706
0.09503906965255737
0.08281944692134857
0.05469946563243866
0.08758360147476196
0.0768396407365799
0.08402080088853836
0.11465703696012497
0.10800909996032715
0.07502933591604233
0.10953663289546967
0.1500292718410492
0.09613785892724991
0.0968201607465744
0.04568790644407272
0.0498688630759716
0.10665350407361984
0.06476030498743057
0.08713752776384354
0.08352793008089066
0.09641077369451523
0.07431802153587341
0.06505689769983292
0.07336980104446411
0.07257094979286194
0.1503855139017105
0.23721195757389069
0.05299830436706543
0.054519280791282654
0.07707026600837708
0.09096574783325195
0.06240897253155708
0.06233113259077072
0.13859207928180695
0.12706239521503448
0.20831537246704102
0.060014501214027405
0.05161655694246292
0.053449422121047974
0.09126313775777817
0.5745667219161987
0.06803527474403381
0.06732267886400223
0.09669601917266846
0.06011167913675308
0.08349435031414032
0.08066753298044205
0.09459886699914932
0.08560226112604141
0.060558512806892395
0.0639866292476654
0.42792800068855286
0.06613881140947342
0.1167198121547699
0.0632234737277031
0.1281215250492096
0.07543329894542694
0.07560993731021881
0.13010235130786896
0.15858523547649384
0.06622195988893509
0.14573641121387482
0.10511241108179092
0.10368555784225464
0.1982421576976776
0.14184869825839996
0.08717726171016693
0.1482456475496292
0.23216384649276733
0.19043323397636414
0.15270529687404633
0.12849852442741394
0.09735925495624542
0.09831271320581436
0.12935398519039154
0.11406759917736053
0.1580197960138321
0.5067418813705444
0.09183316677808762
0.14444446563720703
0.10827551782131195
0.1337321549654007
0.0926608145236969
0.18804877996444702
0.22047194838523865
0.07881355285644531
0.16565294563770294
0.07689905911684036
0.08692782372236252
0.06784889847040176
0.15739870071411133
0.14148758351802826
0.08012358844280243
0.08523357659578323
0.16472850739955902
0.09373399615287781
0.13166172802448273
0.13450102508068085
0.1124497652053833
0.08816173672676086
0.1348976343870163
0.1111328974366188
0.11085128784179688
0.09125657379627228
0.317339688539505
0.41148459911346436
0.08145162463188171
0.1266714483499527
0.17222847044467926
0.09096042811870575
0.11602887511253357
0.07717905938625336
0.3502790927886963
0.08181814849376678
0.2933298945426941
0.061418317258358
0.11870694160461426
0.09304070472717285
0.12454015761613846
0.40380263328552246
0.15104727447032928
0.14661282300949097
0.068845234811306
0.09527628868818283
0.042665980756282806
0.13161028921604156
0.10116250813007355
0.09502305835485458
0.10363601893186569
0.15980474650859833
0.08916787058115005
0.060092292726039886
0.07837355881929398
0.1692182868719101
0.25680825114250183
0.07082057744264603
0.05627865716814995
0.07911907136440277
0.21842482686042786
0.07138098031282425
0.09960996359586716
0.08276646584272385
0.040518175810575485
0.07158955186605453
0.05108989402651787
0.06466606259346008
0.055095624178647995
0.057453595101833344
0.07809590548276901
0.0686834380030632
0.13944067060947418
0.05950452387332916
0.13050805032253265
0.054830413311719894
0.09590413421392441
0.07488790899515152
0.12157562375068665
0.1072935163974762
0.08757252246141434
0.06003729999065399
0.04788549989461899
0.10029954463243484
0.0714038535952568
0.03918881341814995
0.05438055843114853
0.05955788493156433
0.06871349364519119
0.08304222673177719
0.07133015990257263
0.09495275467634201
0.06596022099256516
0.060682620853185654
0.06337019056081772
0.104424849152565
0.07596001029014587
0.06933633983135223
0.06835158914327621
0.12635092437267303
0.05650581791996956
0.08578606694936752
0.06304814666509628
0.05836755782365799
0.13117839395999908
0.04775083437561989
0.14264298975467682
0.053036466240882874
0.1696223020553589
0.05428864806890488
0.061360783874988556
0.08131693303585052
0.07621752470731735
0.15164701640605927
0.08352991193532944
0.09560584276914597
0.08861152827739716
0.07265423238277435
0.11892184615135193
0.14023102819919586
0.2818467319011688
0.07617979496717453
0.12826447188854218
0.07967216521501541
0.16714395582675934
0.08200892060995102
0.16797477006912231
0.07268386334180832
0.1726028323173523
0.09561175107955933
0.07718349248170853
0.2358943223953247
0.20284761488437653
0.155143141746521
0.10035480558872223
0.09121342748403549
0.1531117558479309
0.21895082294940948
0.07965708523988724
0.0950123518705368
0.09757699817419052
0.09156946837902069
0.10520842671394348
0.06248855218291283
0.07982037216424942
0.07182120531797409
0.11576797813177109
0.11978752911090851
0.10584945231676102
0.7957751154899597
0.15106727182865143
0.11279461532831192
0.10357417911291122
0.072565957903862
0.10895918309688568
0.1136188730597496
0.12339349836111069
0.11097152531147003
0.11241334676742554
0.1161346435546875
0.16611002385616302
0.09160672128200531
0.09485449641942978
0.1310928612947464
0.06438442319631577
0.12387426942586899
0.15662185847759247
0.10057959705591202
0.4789324998855591
0.1715242564678192
0.08980065584182739
0.12578491866588593
0.07649584114551544
0.08850159496068954
