0.0026092426851391792
0.005138937849551439
0.05354732275009155
0.0008339196210727096
0.025072038173675537
0.03255018591880798
0.027133924886584282
0.008639903739094734
0.019467506557703018
0.021508514881134033
0.06145729497075081
0.015750892460346222
0.00904729962348938
0.027904976159334183
0.023445196449756622
0.04464449733495712
0.02147591859102249
0.001410938915796578
0.02171522192656994
0.023783773183822632
0.023622099310159683
0.03580470383167267
0.0030898326076567173
0.018906058743596077
0.0013253832003101707
0.0019161205273121595
0.00878175999969244
0.019297417253255844
0.015826905146241188
0.025364629924297333
0.002637075260281563
0.024120492860674858
0.02338453382253647
0.029272854328155518
0.02238640747964382
0.01187168899923563
0.024682441726326942
0.01946166716516018
0.0238192118704319
0.015300851315259933
0.02660788781940937
0.05612414330244064
0.006942245177924633
0.0023084504064172506
0.0008812507148832083
0.012467888183891773
0.03957241028547287
0.034832924604415894
0.06973075121641159
0.0010199341922998428
0.0010592786129564047
0.01658458076417446
0.04777953401207924
0.03318602964282036
0.013430776074528694
0.003353669075295329
0.014607955701649189
0.025461766868829727
0.007874042727053165
0.0011045725550502539
0.24583037197589874
0.019814414903521538
0.02436927706003189
0.02262483723461628
0.013377152383327484
0.01890602894127369
0.019501887261867523
0.0017027690773829818
0.021396104246377945
0.06261757761240005
0.06321094930171967
0.017770707607269287
0.0033123870380222797
0.0013680113479495049
0.02246853895485401
0.03268193081021309
0.003183061024174094
0.028996670618653297
0.012748491950333118
0.020045381039381027
0.021044541150331497
0.026663120836019516
0.10742315649986267
0.015036092139780521
0.015290479175746441
0.016733888536691666
0.03091955929994583
0.006238957867026329
0.0009098278824239969
0.022264210507273674
0.018943771719932556
0.028664235025644302
0.00535727571696043
0.06977121531963348
0.027483923360705376
0.019168049097061157
0.0008611941593699157
0.05759984254837036
0.0025566858239471912
0.04250450059771538
0.03213540092110634
0.014429448172450066
0.01248176023364067
0.1113637238740921
0.024597369134426117
0.0011135945096611977
0.006137077696621418
0.008641988039016724
0.01666657067835331
0.002019335748627782
0.003989578690379858
0.03249070793390274
0.009080830030143261
0.03529220074415207
0.01880006492137909
0.0206376351416111
0.15644104778766632
0.02533893845975399
0.02067514881491661
0.037013087421655655
0.02114313282072544
0.05199568346142769
0.0163229051977396
0.02706766314804554
0.031145453453063965
0.030359996482729912
0.0061776116490364075
0.027375265955924988
0.0007937040063552558
0.01796714961528778
0.01563471555709839
0.031003279611468315
0.01685572788119316
0.032030701637268066
0.022025059908628464
0.04915351793169975
0.014279140159487724
0.06297671049833298
0.0019485405646264553
0.015197152271866798
0.03707078471779823
0.08189832419157028
0.0014314856380224228
0.013637475669384003
0.03585664927959442
0.043305814266204834
0.018796980381011963
0.028249885886907578
0.019154155626893044
0.02909788489341736
0.022790580987930298
0.026051972061395645
0.015881376340985298
0.025992868468165398
0.0014715156285092235
0.01892608031630516
0.043137792497873306
0.026066672056913376
0.02808418869972229
0.060750603675842285
0.001938289264217019
0.019342344254255295
0.06283743679523468
0.014487940818071365
0.005460760090500116
0.02045288495719433
0.004524982534348965
0.024279532954096794
0.03757547587156296
0.0017621441511437297
0.018939325585961342
0.010133296251296997
0.018389210104942322
0.004751024302095175
0.0018948597135022283
0.02472785674035549
0.03242424502968788
0.027698639780282974
0.0243759173899889
0.027821999043226242
0.0012137232115492225
0.0018061341252177954
0.030292868614196777
0.0011200634762644768
0.003036964451894164
0.010249423794448376
0.04625152796506882
0.21259090304374695
0.027901696041226387
0.02037850022315979
0.031662099063396454
0.04013507813215256
0.009251061826944351
0.012598151341080666
0.04932484030723572
0.03185519948601723
0.014494746923446655
0.017561325803399086
0.03730745613574982
0.02599339187145233
0.030141811817884445
0.018679257482290268
0.003912812098860741
0.030142761766910553
0.04379883408546448
0.017242688685655594
0.022348903119564056
0.0018815371440723538
0.0494953915476799
0.02253975346684456
0.02017366513609886
0.029312392696738243
0.02368326112627983
0.027579303830862045
0.03056570142507553
0.01992625743150711
0.004235056694597006
0.24556805193424225
0.012199892662465572
0.02457946166396141
0.019848491996526718
0.019209496676921844
0.02706098183989525
0.001988170901313424
0.018146317452192307
0.01147892139852047
0.0015772833721712232
0.002370654372498393
0.007740215864032507
0.02462669648230076
0.04509991779923439
0.024451494216918945
0.01719891093671322
0.0038610100746154785
0.026992036029696465
0.010976850055158138
0.01246224157512188
0.022967295721173286
0.019154317677021027
0.032389719039201736
0.0065264105796813965
0.0019266806775704026
0.020987816154956818
0.011720966547727585
0.015429124236106873
0.022927211597561836
0.020891476422548294
0.01638924330472946
0.011125171557068825
0.04422638565301895
0.029518259689211845
0.020562181249260902
0.017783546820282936
0.015179887413978577
0.01119628082960844
0.031054353341460228
0.025050628930330276
0.030610864982008934
0.021878326311707497
0.01197462435811758
0.042512912303209305
0.017356056720018387
0.052153151482343674
0.03876587748527527
0.03478890657424927
0.020442120730876923
0.006546765100210905
0.03784594684839249
0.028016477823257446
0.033751510083675385
0.019929468631744385
0.04367584362626076
0.027994304895401
0.009578075259923935
0.01948310248553753
0.028629573062062263
0.02148848958313465
0.05475118011236191
0.02982954867184162
0.02482621744275093
0.06991365551948547
0.04547418653964996
0.025033097714185715
0.018935061991214752
0.008913539350032806
0.033172912895679474
0.09605511277914047
0.01685362309217453
0.03446631506085396
0.021292367950081825
0.050621144473552704
0.03440919145941734
0.06956085562705994
0.030015451833605766
0.04189213737845421
0.030687758699059486
0.030974799767136574
0.037120237946510315
0.02105092443525791
0.006691949442028999
0.012998100370168686
0.03434201702475548
0.017678692936897278
0.5034933686256409
0.0020701452158391476
0.05652344971895218
0.014328067190945148
0.0013903907965868711
0.013384480960667133
0.0062493435107171535
0.013443978503346443
0.0030430792830884457
0.03515893220901489
0.02413165010511875
0.004236155189573765
0.0018823222490027547
0.023198934271931648
0.0022134697064757347
0.009998602792620659
0.005286783911287785
0.022508926689624786
0.023690732195973396
0.026013335213065147
0.003034477587789297
0.01851627603173256
0.006712857633829117
0.02785968966782093
0.0126262865960598
0.07819166779518127
0.033874332904815674
0.019251273944973946
0.026085734367370605
0.02977188676595688
0.007120756432414055
0.024924950674176216
0.03180824592709541
0.002417441224679351
0.02526039257645607
0.029707469046115875
0.038789935410022736
0.0286289993673563
0.023763276636600494
0.0207224003970623
0.01649351604282856
0.0019434936111792922
0.0010792823741212487
0.020869070664048195
0.015369875356554985
0.06752151995897293
0.009896934032440186
0.03768431395292282
0.0237443670630455
0.04464685916900635
0.10766018182039261
0.006607705261558294
0.017244186252355576
0.01317537110298872
0.02297116070985794
0.015408454462885857
0.0007231901399791241
0.02107052691280842
0.04127423092722893
0.017567811533808708
0.032632358372211456
0.01215390581637621
0.001931229024194181
0.0701383650302887
0.021230239421129227
0.00839068740606308
0.0061896792612969875
0.025021279230713844
0.02791726216673851
0.02415161393582821
0.023074954748153687
0.03503645956516266
0.025387056171894073
0.03490732982754707
0.02019662782549858
0.02006453275680542
0.0864483192563057
0.023902250453829765
0.021280596032738686
0.0016022534109652042
0.018273895606398582
0.00428555766120553
0.030547820031642914
0.02244623191654682
0.024899952113628387
0.06155560910701752
0.0032568909227848053
0.0311246607452631
0.025912757962942123
0.024509722366929054
0.012950712814927101
0.001127923373132944
0.03305215761065483
0.0008488052990287542
0.0011206790804862976
0.013333841226994991
0.004992006346583366
0.030908776447176933
0.030224505811929703
0.0167233906686306
0.0185138788074255
0.0012891886290162802
0.024333547800779343
0.023179814219474792
0.026079684495925903
0.044366318732500076
0.013577167876064777
0.02987448312342167
0.01912296935915947
0.01782252825796604
0.016980299726128578
0.005673230160027742
0.027767490595579147
0.00907215941697359
0.017079468816518784
0.019257381558418274
0.004224584437906742
0.06359246373176575
0.023859648033976555
0.003998632542788982
0.023510767146945
0.04787396639585495
0.017201177775859833
0.05165775865316391
0.0021960970479995012
0.029836852103471756
0.020615950226783752
0.005402826704084873
0.044080715626478195
0.022534053772687912
0.012044872157275677
0.013564152643084526
0.054466549307107925
0.021722808480262756
0.04155663773417473
0.020298587158322334
0.023051360622048378
0.04682055115699768
0.005163253750652075
0.025761069729924202
0.014730973169207573
0.022013643756508827
0.0009316107025370002
0.01147902850061655
0.027016842737793922
0.018083596602082253
0.018885448575019836
0.025040356442332268
0.01088921632617712
0.026615522801876068
0.020216435194015503
0.03168659657239914
0.03435550257563591
0.007975015789270401
0.02517583779990673
0.032921202480793
0.004436834715306759
0.013161609880626202
0.023457622155547142
0.009290125221014023
0.01756773144006729
0.022944871336221695
0.019339129328727722
0.0027554782573133707
0.035136424005031586
0.03259515017271042
0.019329030066728592
0.01728561893105507
0.024253297597169876
0.008585095405578613
0.00442635640501976
0.026051608845591545
0.0036683117505162954
0.02339932881295681
0.040902748703956604
0.027603378519415855
0.0565185472369194
0.0020385966636240482
0.023353250697255135
0.020046403631567955
0.04107293486595154
0.03665440157055855
0.01579056680202484
0.0006717246724292636
0.019882889464497566
0.0162716843187809
0.027328675612807274
0.011244799010455608
0.020452965050935745
0.020890317857265472
0.021610751748085022
0.032567236572504044
0.0010410307440906763
0.01632128842175007
0.07409760355949402
0.0038811119738966227
0.002908570459112525
0.0038674473762512207
0.003142595523968339
0.025593886151909828
0.010335452854633331
0.0166715607047081
0.018226779997348785
0.010280923917889595
0.013740850612521172
0.038267772644758224
0.06221427023410797
0.0014613900566473603
0.031876008957624435
0.04104273393750191
0.011394711211323738
0.018129654228687286
0.02784927375614643
0.09483315050601959
0.030744511634111404
0.007052936125546694
0.10712119936943054
0.014275893568992615
0.018563667312264442
0.016073916107416153
0.13981448113918304
0.022277504205703735
0.03379926458001137
0.013634329661726952
0.027829213067889214
0.00968878623098135
0.01273456308990717
0.037742119282484055
0.02483375556766987
0.024194348603487015
0.022095464169979095
0.003457986284047365
0.025364551693201065
0.016204390674829483
0.022634387016296387
0.01652425341308117
0.029082152992486954
0.021018607541918755
0.004791915416717529
0.01388535089790821
0.02157757803797722
0.13831816613674164
0.026067344471812248
0.03536760061979294
0.022929439321160316
0.020418010652065277
0.005734379403293133
0.014115486294031143
0.028896605595946312
0.006262111943215132
0.009760759770870209
0.03890014812350273
0.005785152781754732
0.007906889542937279
0.010936927050352097
0.030945487320423126
0.01765507087111473
0.025548316538333893
0.029602648690342903
0.032701604068279266
0.04984794184565544
0.02209332212805748
0.021937621757388115
0.020436692982912064
0.1567266881465912
0.021165329962968826
0.022600220516324043
0.0011805268004536629
0.009400388225913048
0.06102932244539261
0.02692612260580063
0.01920059137046337
0.017421796917915344
0.011321023106575012
0.036374762654304504
0.017614243552088737
0.006881271954625845
0.012261035852134228
0.0037938463501632214
0.03478453308343887
0.00642409035935998
0.05429844558238983
0.019300950691103935
0.015348125249147415
0.024383850395679474
0.01218587439507246
0.04506116360425949
0.043655458837747574
0.004489567130804062
0.1378328800201416
0.004569423384964466
0.02210228517651558
0.02039562352001667
0.016051247715950012
0.03080068714916706
0.03579967841506004
0.006200543139129877
0.026164259761571884
0.02199346385896206
0.03208725154399872
0.032057758420705795
0.051119666546583176
0.016321811825037003
0.015303046442568302
0.016232328489422798
0.030309505760669708
0.020333871245384216
0.20509760081768036
0.03997890278697014
0.029924944043159485
0.02745153196156025
0.03633347898721695
0.03632291033864021
0.021522847935557365
0.02628953568637371
0.029021142050623894
0.00712248682975769
0.0032753683626651764
0.019778164103627205
0.0005197915597818792
0.014563950709998608
0.025429552420973778
0.006267321761697531
0.02345915697515011
0.08187837153673172
0.0176018625497818
0.01793881505727768
0.02668921835720539
0.031036434695124626
0.00801737979054451
0.026835616677999496
0.0021739446092396975
0.006591660436242819
0.01884734444320202
0.026432298123836517
0.021319575607776642
0.01297165546566248
0.039712049067020416
0.03162064403295517
0.008870765566825867
0.025848859921097755
0.0018345866119489074
0.016691356897354126
0.00858402531594038
0.02235729992389679
0.017643660306930542
0.006388836074620485
0.03339902311563492
0.003191705560311675
0.04116852581501007
0.009924239479005337
0.02039894089102745
0.00793049018830061
0.015103919431567192
0.004484071396291256
0.020304948091506958
0.006865089759230614
0.005650010891258717
0.0008251117542386055
0.022621171548962593
0.01718052849173546
0.01800830103456974
0.015949778258800507
0.025877777487039566
0.0032535656355321407
0.0324365496635437
0.013217253610491753
0.01908573880791664
0.02853899449110031
0.025080278515815735
0.017746202647686005
0.02623082883656025
0.009735878556966782
0.03334284573793411
0.0022851608227938414
0.050416942685842514
0.019741643220186234
0.031358908861875534
0.015474902465939522
0.013719931244850159
0.028676869347691536
0.005520341917872429
0.01443258486688137
0.0182957723736763
0.1448523998260498
0.0009263214305974543
0.03317282348871231
0.03914261609315872
0.004731602501124144
0.024578558281064034
0.020082291215658188
0.028469976037740707
0.0013248389586806297
0.03290408104658127
0.019736384972929955
0.011447956785559654
0.03232646733522415
0.016159242019057274
0.009284043684601784
0.022778581827878952
0.028852278366684914
0.0011978563852608204
0.04884840548038483
0.023556716740131378
0.028483103960752487
0.015108915977180004
0.022619275376200676
0.0019380009034648538
0.020286018028855324
0.015177227556705475
0.012167864479124546
0.012656688690185547
0.002035839483141899
0.04727235436439514
0.017597174271941185
0.02162996493279934
0.03761090710759163
0.04940764233469963
0.012397383339703083
0.0018951469101011753
0.016953129321336746
0.02926044538617134
0.0032866133842617273
0.30128374695777893
0.02650253288447857
0.0312531441450119
0.01748925819993019
0.02531234174966812
0.027930045500397682
0.0019249558681622148
0.034872110933065414
0.027013657614588737
0.0230528824031353
0.015666423365473747
0.011488545686006546
0.03080301359295845
0.01737477071583271
0.022579943761229515
0.021922798827290535
0.03685722127556801
0.03642544522881508
0.015106174163520336
0.033040210604667664
0.015428894199430943
0.027550574392080307
0.059182118624448776
0.020541531965136528
0.023317066952586174
0.0074949488043785095
0.03906945511698723
0.022663826122879982
0.02672554738819599
0.02106461673974991
0.014978400431573391
0.013111647218465805
0.02882799692451954
0.013750214129686356
0.036556705832481384
0.03073343262076378
0.019586067646741867
0.011777997016906738
0.02496233582496643
0.025078358128666878
0.05365932732820511
0.01870170794427395
0.020779278129339218
0.015477543696761131
0.010253829881548882
0.028568202629685402
0.005491010379046202
0.044376440346241
0.023342065513134003
0.02227308228611946
0.02853372134268284
0.07187794148921967
0.006062555126845837
0.01340650673955679
0.025321971625089645
0.020825035870075226
0.010928494855761528
0.02960137464106083
0.015796605497598648
0.026325464248657227
0.005462074652314186
0.030073964968323708
0.026504993438720703
0.0021108451765030622
0.0003812754002865404
0.03174043074250221
0.0015695912297815084
0.03374278172850609
0.019221695140004158
0.01359025202691555
0.0033029692713171244
0.020659534260630608
0.04660745710134506
0.021001048386096954
0.03536622226238251
0.0292796827852726
0.040829144418239594
0.021031802520155907
0.024258850142359734
0.021333936601877213
0.07490850985050201
0.008681193925440311
0.04090054705739021
0.016757989302277565
0.10481852293014526
0.003506020875647664
0.06399720162153244
0.027223311364650726
0.05988600477576256
0.01651867665350437
0.0063003068789839745
0.02687099017202854
0.026939144358038902
0.02469078078866005
0.013853320851922035
0.003557231742888689
0.0008358433842658997
0.02558344230055809
0.015341171994805336
0.03632509335875511
0.018405141308903694
0.01031727995723486
0.05106155201792717
0.012187549844384193
0.04669300466775894
0.02569815330207348
0.012906941585242748
0.00860980898141861
0.03695783391594887
0.016141638159751892
0.019794223830103874
0.012193521484732628
0.030385907739400864
0.016097063198685646
0.03443387523293495
0.024242596700787544
0.031733181327581406
0.016204454004764557
0.004323658533394337
0.012377142906188965
0.003201858140528202
0.020662512630224228
0.019542688503861427
0.041109126061201096
0.029074760153889656
0.006025682669132948
0.02105557918548584
0.043283455073833466
0.015393071807920933
0.03628602996468544
0.040627576410770416
0.03316962346434593
0.026399370282888412
0.026142222806811333
0.02467927150428295
0.01777482219040394
0.021638019010424614
0.003408456686884165
0.01654752530157566
0.03953743353486061
0.021321456879377365
0.02208380587399006
0.061669811606407166
0.027011947706341743
0.013753844425082207
0.0310536939650774
0.05158582329750061
0.03452300280332565
0.02142423391342163
0.024872098118066788
0.007573234383016825
0.02122485637664795
0.020398711785674095
0.020011598244309425
0.009692835621535778
0.02788802795112133
0.0619155615568161
0.028455793857574463
0.012592852115631104
0.06199425831437111
0.023934748023748398
0.053033117204904556
0.0017725232755765319
0.019418999552726746
0.017068179324269295
0.024954315274953842
0.013329651206731796
0.0027233234141021967
0.008374756202101707
0.019779672846198082
0.029322728514671326
0.02508159726858139
0.0422326922416687
0.0355214849114418
0.012037692591547966
0.02584056369960308
0.01726338639855385
0.02168254926800728
0.0007364002522081137
0.026913583278656006
0.0029971415642648935
0.049388766288757324
0.018277304247021675
0.03617255762219429
0.02322455868124962
0.02986561320722103
0.03389926999807358
0.003157246159389615
0.0028029046952724457
0.041109826415777206
0.08607148379087448
0.026906264945864677
0.0009835729142650962
0.008560209535062313
0.01930374652147293
0.021062973886728287
0.038724105805158615
0.0036495798267424107
0.019938910380005836
0.001770107657648623
0.01651858724653721
0.028604034334421158
0.0169854573905468
0.03417794406414032
0.0017347665270790458
0.0013239022810012102
0.0021248538978397846
0.015665343031287193
0.009633003734052181
0.008758149109780788
0.03843872249126434
0.0021502680610865355
0.02697720192372799
0.03111702762544155
0.018971793353557587
0.003816481214016676
0.11967851221561432
0.0659770518541336
0.018146315589547157
0.02420325018465519
0.020659254863858223
0.017992887645959854
0.009036526083946228
0.011729614809155464
0.01957196183502674
0.03549741208553314
0.015974270179867744
0.005193471442908049
0.018189117312431335
0.02260090596973896
0.004634132143110037
0.013927801512181759
0.02394142374396324
0.0028276743832975626
0.0016034507425501943
0.0213188286870718
0.003568806918337941
0.040426649153232574
0.017383605241775513
0.02237759344279766
0.0010519815841689706
0.022484706714749336
0.03934518247842789
0.04256758466362953
0.0589570552110672
0.029777031391859055
0.02608049288392067
0.04057876765727997
0.014018714427947998
0.0022317280527204275
0.006828520447015762
0.04687989875674248
0.009121377021074295
0.00034795902320183814
0.012006678618490696
0.020628880709409714
0.007837282493710518
0.0474390871822834
0.04283548891544342
0.03696928918361664
0.00045176802086643875
0.007203825283795595
0.019351396709680557
0.022390706464648247
0.019493578001856804
0.01661226525902748
0.008816633373498917
0.0035083070397377014
0.022518837824463844
0.02824956364929676
0.017974816262722015
0.0192724596709013
0.029089519754052162
0.039275988936424255
0.031358662992715836
0.039794936776161194
0.011999733746051788
0.0013993058819323778
0.0024279600474983454
0.022850289940834045
0.02094552293419838
0.015549213625490665
0.009208323433995247
0.027796633541584015
0.0014275980647653341
0.03271719813346863
0.007671827916055918
0.018039140850305557
0.020166415721178055
0.026492968201637268
0.023407544940710068
0.009701601229608059
0.008288045413792133
0.010739171877503395
0.041070807725191116
0.028100766241550446
0.048784978687763214
0.020386110991239548
0.002466388512402773
0.038946058601140976
0.008551332168281078
0.03325209766626358
0.004595793783664703
0.003915482200682163
0.011743122711777687
0.004871008917689323
0.07572339475154877
0.013703042641282082
0.025849908590316772
0.019496198743581772
0.020892253145575523
0.020523453131318092
0.019566867500543594
0.021628577262163162
0.04759889841079712
0.02761770784854889
0.0031260226387530565
0.024867266416549683
0.01382507011294365
0.022364651784300804
0.035967014729976654
0.01927047409117222
0.021433206275105476
0.03535497188568115
0.024648623540997505
0.024074558168649673
0.03039875067770481
0.04121904447674751
0.017944419756531715
0.023528994992375374
0.021287910640239716
0.029568936675786972
0.025485269725322723
0.0012024741154164076
0.001886536367237568
0.015469486825168133
0.011954855173826218
0.029628276824951172
0.012165232561528683
0.017688747495412827
0.02275487408041954
0.01862889528274536
0.017554935067892075
0.020002033561468124
0.01621679775416851
0.020277464762330055
0.006768248975276947
0.029065923765301704
0.0256403386592865
0.018005184829235077
0.0012330791214480996
0.032781027257442474
0.03663725033402443
0.010683351196348667
0.02945324406027794
0.031465984880924225
0.020118486136198044
0.01362533587962389
0.005457733757793903
0.0007673002546653152
0.034683603793382645
0.013234575279057026
0.023521337658166885
0.02022572048008442
0.09720615297555923
0.047116030007600784
0.007391274906694889
0.003998117055743933
0.02262302301824093
0.03243578225374222
0.019603528082370758
0.013776646926999092
0.002225407399237156
0.02054866962134838
0.03557386249303818
0.02455461397767067
0.020172296091914177
0.019233914092183113
0.005660220514982939
0.03187694028019905
0.031867917627096176
0.01505989022552967
0.019989773631095886
0.03931788355112076
0.025499945506453514
0.021822165697813034
0.06544113159179688
0.0029986435547471046
0.021934665739536285
0.23932819068431854
0.02358497492969036
0.014127625152468681
0.013849660754203796
0.03497307002544403
0.0007518602069467306
0.05341033264994621
0.018736882135272026
0.027326799929142
0.018080031499266624
0.012189148925244808
0.006105675362050533
0.027058297768235207
0.020707014948129654
0.02348405122756958
0.05516793206334114
0.02517562545835972
0.0004382715851534158
0.02751811221241951
0.0039137485437095165
0.001604665070772171
0.02024262771010399
0.11986736953258514
0.033075541257858276
0.016980566084384918
0.002734694629907608
0.00480324262753129
0.012579746544361115
0.00779618788510561
0.002700153039768338
0.04478662088513374
0.021323498338460922
0.0736457034945488
0.02017289772629738
0.0019837236031889915
0.04922882467508316
0.019517892971634865
0.05542274937033653
0.059689685702323914
0.0007316529517993331
0.021618882194161415
0.02199864573776722
0.03158603236079216
0.022796936333179474
0.1323949247598648
0.03465094789862633
0.055173397064208984
0.019590873271226883
0.007664731703698635
0.02114306576550007
0.0018626325763761997
0.0022560320794582367
0.022031184285879135
0.04589105769991875
0.05543164536356926
0.050849106162786484
0.01940668188035488
0.044653408229351044
0.002266723895445466
0.01596222259104252
0.0010127936257049441
0.018970299512147903
0.025004476308822632
0.0023693956900388002
0.018668048083782196
0.020960254594683647
0.018647251650691032
0.018437445163726807
0.08643946796655655
0.021981623023748398
0.025566112250089645
0.026169460266828537
0.004399546422064304
0.016800828278064728
0.02193969301879406
0.02535131201148033
0.045259494334459305
0.0019242472480982542
0.020369689911603928
0.02337360568344593
0.016814541071653366
0.020854515954852104
0.0014699673047289252
0.018658440560102463
0.032354287803173065
0.0052791498601436615
0.030371377244591713
0.0374658964574337
0.019821058958768845
0.021412601694464684
0.015146435238420963
0.011173675768077374
0.0193199273198843
0.024339808151125908
0.0034118867479264736
0.0011525499867275357
0.02140928991138935
0.01805747114121914
0.024482518434524536
0.0012632132275030017
0.023373402655124664
0.022629395127296448
0.026558484882116318
0.01461106538772583
0.02597649022936821
0.06804399937391281
0.004523917566984892
0.02841312438249588
0.019003331661224365
0.0034609572030603886
0.02241034246981144
0.06953305006027222
0.031078502535820007
0.028264718130230904
0.03792259469628334
0.01557493768632412
0.02570817992091179
0.029264673590660095
0.04153580591082573
0.02266199141740799
0.04396103322505951
0.020926235243678093
0.012847978621721268
0.017113011330366135
0.01607251539826393
0.014562982134521008
0.0015866016037762165
0.021550942212343216
0.03078179433941841
0.07393079996109009
0.007463928312063217
0.014806505292654037
0.08041095733642578
0.038767363876104355
0.02637178637087345
0.0034071127884089947
0.016875097528100014
0.039038535207509995
0.0025742193683981895
0.019127974286675453
0.03462453559041023
0.02061765268445015
0.046039558947086334
0.027500558644533157
0.009997234679758549
0.004506376571953297
0.0031163571402430534
0.06471288204193115
0.002102790866047144
0.0012083888286724687
0.010712717659771442
0.014062522910535336
0.018512841314077377
0.002352391369640827
0.0013522806111723185
0.02595273032784462
0.006927422247827053
0.024588489904999733
0.003291947767138481
0.09294887632131577
0.011808950453996658
0.03257901221513748
0.038145020604133606
0.01662857085466385
0.019936857745051384
0.0022785894107073545
0.015719259157776833
0.0034040461760014296
0.03664826229214668
0.01363925077021122
0.042899370193481445
0.021088773384690285
0.016607169061899185
0.020121140405535698
0.019511163234710693
0.021462948992848396
0.021297406405210495
0.03196291998028755
0.014811191707849503
0.014926806092262268
0.03705288842320442
0.01574581488966942
0.026922423392534256
0.022174742072820663
0.07012302428483963
0.0394490584731102
0.01702907308936119
0.025622768327593803
0.02111584134399891
0.01986103504896164
0.02980688214302063
0.025310367345809937
0.0454886294901371
0.015623776242136955
0.0006830595666542649
0.0135765066370368
0.02472834289073944
0.035714659839868546
0.04912194237112999
0.009131609462201595
0.02060074917972088
0.024670064449310303
0.034417830407619476
0.003579058451578021
0.01885344460606575
0.01849929615855217
0.03353799507021904
0.04305844381451607
0.008924267254769802
0.05083133280277252
0.04847422242164612
0.01564328558743
0.02100233919918537
0.03061407431960106
0.007479012943804264
0.025251762941479683
0.011980172246694565
0.018115833401679993
0.0028161623049527407
0.01872272603213787
0.002492013154551387
0.01772070862352848
0.013113845139741898
0.08999678492546082
0.028612768277525902
0.026897527277469635
0.02748747728765011
0.027657564729452133
0.07558375597000122
0.013377940282225609
0.1217980682849884
0.04381519556045532
0.019772324711084366
0.0028921207413077354
0.019634699448943138
0.015535014681518078
0.019636213779449463
0.01322266273200512
0.019919687882065773
0.03084579110145569
0.013044819235801697
0.04839377477765083
0.01010676845908165
0.02028123289346695
0.025750866159796715
0.00209374469704926
0.004387103021144867
0.021796423941850662
0.04510142281651497
0.07502321898937225
0.0071395281702280045
0.00398679357022047
0.02597353421151638
0.0677693635225296
0.001811194815672934
0.002365435939282179
0.010746519081294537
0.04358090087771416
0.028351666405797005
0.025763561949133873
0.017819508910179138
0.003114772029221058
0.0072838738560676575
0.027474595233798027
0.035735420882701874
0.0020580380223691463
0.0235056821256876
0.019483404234051704
0.014907624572515488
0.018807215616106987
0.01518904510885477
0.02694566734135151
0.02936600334942341
0.022598231211304665
0.027769463136792183
0.014826899394392967
0.01659473031759262
0.0204789862036705
0.024569209665060043
0.009608812630176544
0.018925348296761513
0.19462443888187408
0.027036098763346672
0.0009937260765582323
0.019341282546520233
0.030785568058490753
0.0007932676235213876
0.04613959789276123
0.0726132020354271
0.016056297346949577
0.027903255075216293
0.04185817390680313
0.06016857922077179
0.004185244906693697
0.043135061860084534
0.03746546804904938
0.13701917231082916
0.03485067933797836
0.035474732518196106
0.01860947348177433
0.019724929705262184
0.0053006974048912525
0.0008598120766691864
0.026827717199921608
0.02573864534497261
0.00506444089114666
0.028954684734344482
0.023339081555604935
0.014382751658558846
0.32700610160827637
0.018346844241023064
0.025540374219417572
0.023345092311501503
0.027102679014205933
0.03302212059497833
0.010550491511821747
0.034611549228429794
0.04311423376202583
0.026351775974035263
0.0019628372974693775
0.05402247607707977
0.030674204230308533
0.0014901816612109542
0.0009180286433547735
0.015575007535517216
0.0016825055936351418
0.013836938887834549
0.015409423038363457
0.04780044034123421
0.0014776575844734907
0.027580376714468002
0.023662976920604706
0.0227118618786335
0.018345506861805916
0.0017616769764572382
0.013057418167591095
0.027930621057748795
0.008131220936775208
0.015942765399813652
0.0025118235498666763
0.014499037526547909
0.009573756717145443
0.02483890950679779
0.010912107303738594
0.024739254266023636
0.029676612466573715
0.019792703911662102
0.016322152689099312
0.0491960309445858
0.027761880308389664
0.028585974127054214
0.03889470547437668
0.0346904881298542
0.03491523116827011
0.028327446430921555
0.005269578192383051
0.02701236493885517
0.003362285438925028
0.0006953183910809457
0.024837348610162735
0.027440274134278297
0.007508190348744392
0.02537725493311882
0.09482675790786743
0.017102519050240517
0.010239838622510433
0.006167835555970669
0.06473763287067413
0.09255480021238327
0.02200223132967949
0.0034363630693405867
0.0032857966143637896
0.011416991241276264
0.039503976702690125
0.01545809768140316
0.017230477184057236
0.029020879417657852
0.06963508576154709
0.01135475467890501
0.024181930348277092
0.03732548654079437
0.021931592375040054
0.044535569846630096
0.018836621195077896
0.06437800079584122
0.02817489206790924
0.03358977660536766
0.003298131749033928
0.020831527188420296
0.04251839593052864
0.014446663670241833
0.019393162801861763
0.029592055827379227
0.02175373211503029
0.015620731748640537
0.0034618829376995564
0.01843159832060337
0.02216327376663685
0.02064911276102066
0.013352819718420506
0.005489858333021402
0.14507266879081726
0.013645308092236519
0.03458552062511444
0.041685350239276886
0.021885264664888382
0.026800760999321938
0.019738562405109406
0.023644903674721718
0.017722109332680702
0.052083905786275864
0.020438795909285545
0.03945446386933327
0.015415901318192482
0.013204306364059448
0.0262935571372509
0.010159286670386791
0.01640884391963482
0.050740547478199005
0.027357084676623344
0.023819683119654655
0.024499787017703056
0.020812295377254486
0.0015734971966594458
0.0038967574946582317
0.0038621851708739996
0.03166215866804123
0.0015626809326931834
0.012554873712360859
0.02019565925002098
0.013239285908639431
0.022366490215063095
0.03723493963479996
0.005438127089291811
0.03174655884504318
0.012608237564563751
0.11427423357963562
0.03227531164884567
0.013850145973265171
0.07038868963718414
0.02096465602517128
0.015205347910523415
0.05375073105096817
0.011268245987594128
0.07976685464382172
0.03344545140862465
0.018654700368642807
0.01785699464380741
0.010911460965871811
0.012531799264252186
0.009954702109098434
0.013826731592416763
0.04106154665350914
0.007667959202080965
0.013051051646471024
0.017068492248654366
0.019679786637425423
0.02041587047278881
0.03274889290332794
0.021122051402926445
0.02443467639386654
0.028033778071403503
0.07356610894203186
0.027611855417490005
0.010698855854570866
0.012345707975327969
0.02420864999294281
0.04386969283223152
0.0037241345271468163
0.018961461260914803
0.022899970412254333
0.02391556277871132
0.024546721950173378
0.0028505739755928516
0.02355288714170456
0.005897270981222391
0.029847219586372375
0.02578502893447876
0.0021497190464287996
0.02723606303334236
0.010689263232052326
0.020021013915538788
0.010501799173653126
0.012905236333608627
0.004295658320188522
0.019243454560637474
0.043339941650629044
0.010656011290848255
0.12673074007034302
0.005480147898197174
0.006537454202771187
0.02014797553420067
0.01462965551763773
0.019105395302176476
0.02369675040245056
0.006679499987512827
0.01988241821527481
0.03013831563293934
0.01831439509987831
0.018667301163077354
0.008325501345098019
0.005601081997156143
0.026812663301825523
0.021208669990301132
0.0014925028663128614
0.012976976111531258
0.015760967507958412
0.0020044888369739056
0.0011275983415544033
0.0022742648143321276
0.02344132587313652
0.001844129990786314
0.03128097951412201
0.04235564172267914
0.023284902796149254
0.03727976232767105
0.1337558478116989
0.02251518703997135
0.02680809609591961
0.04738812893629074
0.021714234724640846
0.032230962067842484
0.01805422268807888
0.014825775288045406
0.019459884613752365
0.0163627527654171
0.0008475438808090985
0.002081435639411211
0.024782558903098106
0.012422585859894753
0.019768765196204185
0.02844534069299698
0.022705206647515297
0.013887927867472172
0.018585776910185814
0.013095053844153881
0.014310481026768684
0.0031307321041822433
0.02273464947938919
0.02073461376130581
0.013439727015793324
0.01830092817544937
0.015428178943693638
0.006076551973819733
0.0011322691570967436
0.02695559710264206
0.014484483748674393
0.040035270154476166
0.020107107236981392
0.012563874013721943
0.0022673560306429863
0.0011590186040848494
0.16091032326221466
0.02559690922498703
0.019219249486923218
0.02785448543727398
0.021658752113580704
0.016371434554457664
0.03386771306395531
0.005152587778866291
0.025274107232689857
0.008865587413311005
0.03911588713526726
0.014402271248400211
0.046661894768476486
0.07102760672569275
0.01191760040819645
0.032150425016880035
0.03556765988469124
0.0016827641520649195
0.007038803771138191
0.013775325380265713
0.012925094924867153
0.030050404369831085
0.004949886351823807
0.006992239970713854
0.020272336900234222
0.012012466788291931
0.0265088751912117
0.163860023021698
0.019167713820934296
0.039775002747774124
0.027567964047193527
0.01730612851679325
0.00461000669747591
0.02180512249469757
0.02337399125099182
0.007747651543468237
0.059266116470098495
0.026181185618042946
0.01419395487755537
0.08309561759233475
0.03427708148956299
0.02497120574116707
0.09479641914367676
0.017227213829755783
0.02699166350066662
0.01903417706489563
0.05936282128095627
0.0017983503639698029
0.02400166541337967
0.015850305557250977
0.012558892369270325
0.009894439950585365
0.0018574993591755629
0.0870891734957695
0.011186200194060802
0.018831416964530945
0.03691856190562248
0.03135562315583229
0.0018527585780248046
0.0021925978362560272
0.04606359824538231
0.015139576978981495
0.020319361239671707
0.02209646813571453
0.01731865666806698
0.004837448708713055
0.04042774438858032
0.01607109047472477
0.02377898432314396
0.021448025479912758
0.004260331392288208
0.008135196752846241
0.012561165727674961
0.003369384678080678
0.03560132533311844
0.03952767327427864
0.02186613902449608
0.014798781834542751
0.006380846723914146
0.023021608591079712
0.030805746093392372
0.05609206482768059
0.06799639761447906
0.01569540612399578
0.023499492555856705
0.025543570518493652
0.014357013627886772
0.018929313868284225
0.014338092878460884
0.036478932946920395
0.021916257217526436
0.03184874728322029
0.010199189186096191
0.04168882966041565
0.00517280725762248
0.1643933802843094
0.0019874770659953356
0.015621527098119259
0.0043578241020441055
0.03147910535335541
0.011187100782990456
0.0655464380979538
0.04244709014892578
0.04261486232280731
0.02300947904586792
0.02042035199701786
0.027668112888932228
0.012624679133296013
0.03178444504737854
0.002246050862595439
0.0023572174832224846
0.011247717775404453
0.11302013695240021
0.03669131547212601
0.007468214724212885
0.022649966180324554
0.02142903581261635
0.054972339421510696
0.02871551178395748
0.036495011299848557
0.03436295688152313
0.02455284632742405
0.024164563044905663
0.02600942738354206
0.02316618338227272
0.0227983258664608
0.027427537366747856
0.02656208910048008
0.03698733076453209
0.019780298694968224
0.024731777608394623
0.08617646992206573
0.0017221362795680761
0.012845833785831928
0.018327942118048668
0.03566856309771538
0.022056952118873596
0.08963625133037567
0.023143332451581955
0.012564019300043583
0.037314463406801224
0.060494694858789444
0.023521441966295242
0.016176722943782806
0.019184445962309837
0.06252331286668777
0.02727579139173031
0.13219688832759857
0.026677703484892845
0.015805430710315704
0.002583961933851242
0.018144233152270317
0.022992637008428574
0.024835018441081047
0.0056275660172104836
0.09200544655323029
0.040119271725416183
0.022572146728634834
0.008058274164795876
0.02277420274913311
0.030762342736124992
0.03082170896232128
0.006056354381144047
0.03742903470993042
0.04012908786535263
0.02705489844083786
0.0544079951941967
0.041014816612005234
0.05558738484978676
0.01574885845184326
0.021005647256970406
0.0008438836084678769
0.03308771178126335
0.027078742161393166
0.001430989010259509
0.01743420585989952
0.04260541871190071
0.012218521907925606
0.02868746593594551
0.005724942311644554
0.002049220958724618
0.07036809623241425
0.022208457812666893
0.029916707426309586
0.004338785540312529
0.030402224510908127
0.02771228551864624
0.05511543154716492
0.013353722169995308
0.015627380460500717
0.020110853016376495
0.002326560439541936
0.05091140419244766
0.021697912365198135
0.04353286325931549
0.023718614131212234
0.002196152461692691
0.03681080788373947
0.004233335144817829
0.04961176589131355
0.012240675278007984
0.0009917262941598892
0.02308996580541134
0.0060650683008134365
0.0005487202433869243
0.01714194193482399
0.004235916770994663
0.001066502183675766
0.027020052075386047
0.014006579294800758
0.022508656606078148
0.004671499598771334
0.006992724724113941
0.04647861421108246
0.0009810782503336668
0.02537909895181656
0.0015675812028348446
0.031072000041604042
0.029080115258693695
0.011029742658138275
0.018085097894072533
0.045682258903980255
0.02499593421816826
0.01938479021191597
0.063739113509655
0.004878053907305002
0.04013502597808838
0.0026763277128338814
0.008741243742406368
0.003574887290596962
0.034834858030080795
0.018179437145590782
0.033032286912202835
0.014134987257421017
0.029869472607970238
0.030706699937582016
0.054825957864522934
0.01658177562057972
0.017713747918605804
0.030449755489826202
0.018584957346320152
0.024177076295018196
0.01877475529909134
0.024271227419376373
0.16767047345638275
0.03856777399778366
0.021689385175704956
0.019152885302901268
0.02897404320538044
0.0017791991122066975
0.01624843291938305
0.007743404246866703
0.0012263157404959202
0.021424882113933563
0.02783363312482834
0.03347921743988991
0.018534474074840546
0.12911349534988403
0.00477612903341651
0.020620040595531464
0.050287239253520966
0.004575682803988457
0.005031995940953493
0.046892423182725906
0.02074757218360901
0.02720027230679989
0.017237843945622444
0.03740086406469345
0.01410317700356245
0.011460249312222004
0.00020840375509578735
0.024946819990873337
0.003912833984941244
0.028188087046146393
0.012184570543467999
0.034570544958114624
0.05020152032375336
0.0016466097440570593
0.030563894659280777
0.02314423769712448
0.04007137566804886
0.0014582653529942036
0.0015050140209496021
0.0022256351076066494
0.021040961146354675
0.02091476134955883
0.026254529133439064
0.0008588609634898603
0.008657230995595455
0.006900005973875523
0.027734369039535522
0.018513476476073265
0.011551521718502045
0.0011977246031165123
0.0031017856672406197
0.03545030206441879
0.018786650151014328
0.0017826611874625087
0.018232643604278564
0.036003317683935165
0.046360790729522705
0.007883925922214985
0.000950873305555433
0.02537488378584385
0.024659859016537666
0.03327661007642746
0.01954387128353119
0.02916932851076126
0.031258709728717804
0.011809896677732468
0.0332283191382885
0.010383370332419872
0.01094130240380764
0.024229902774095535
0.01814551092684269
0.01335837971419096
0.04826219007372856
0.015229710377752781
0.0012038071872666478
0.001002700999379158
0.029657065868377686
0.022229911759495735
0.0249343141913414
0.0007974805193953216
0.02152782492339611
0.026120582595467567
0.03812652826309204
0.0026772876735776663
0.004930179100483656
0.022020582109689713
0.017175761982798576
0.022014284506440163
0.018538031727075577
0.013002297841012478
0.02362188883125782
0.02147054299712181
0.01530634518712759
0.013665393926203251
0.051967620849609375
0.020354529842734337
0.018426839262247086
0.03226514905691147
0.026761412620544434
0.02082478255033493
0.012716884724795818
0.041961900889873505
0.014657360501587391
0.023716241121292114
0.03417818248271942
0.018428465351462364
0.00436591450124979
0.05282251536846161
0.010661863721907139
0.013504302129149437
0.020012814551591873
0.0006340687978081405
0.0420834980905056
0.01731296442449093
0.0387466624379158
0.02084880881011486
0.0015874491073191166
0.05449715256690979
0.024286625906825066
0.02393803745508194
0.05150822922587395
0.008427750319242477
0.0009236042969860137
0.009844321757555008
0.07547491043806076
0.027560925111174583
0.015066302381455898
0.0033551764208823442
0.0377286821603775
0.02547021582722664
0.018484435975551605
0.012109274044632912
0.028525885194540024
0.012427187524735928
0.032985128462314606
0.01855299435555935
0.0007456567254848778
0.01027129776775837
0.0015948459040373564
0.0420374870300293
0.024913199245929718
0.032840292900800705
0.20453596115112305
0.022953687235713005
0.007705319672822952
0.013618502765893936
0.022088466212153435
0.003939903806895018
0.05188800022006035
0.024568134918808937
0.021700477227568626
0.02476043626666069
0.024883968755602837
0.027918506413698196
0.020321277901530266
0.02421887218952179
0.030379002913832664
0.028988560661673546
0.012694437056779861
0.04932892695069313
0.01277343649417162
0.002079067984595895
0.015416888520121574
0.005227991845458746
0.015183445066213608
0.01825365424156189
0.0009099800954572856
0.029122181236743927
0.027067655697464943
0.011135724373161793
0.00398247130215168
0.001052184496074915
0.04093637317419052
0.003759317798539996
0.002156946575269103
0.016348732635378838
0.03377562761306763
0.021213436499238014
0.03053557500243187
0.0013922515790909529
0.027298033237457275
0.002499449998140335
0.01992003247141838
0.03827670216560364
0.023723574355244637
0.026128822937607765
0.011199538595974445
0.035342589020729065
0.01888888143002987
0.05100620165467262
0.016383640468120575
0.03336712718009949
0.004483765922486782
0.027181090787053108
0.01205465942621231
0.013409352861344814
0.0008056725491769612
0.014608521945774555
0.027672788128256798
0.09744865447282791
0.018853090703487396
0.00046935814316384494
0.016694458201527596
0.009310233406722546
0.0005308833788149059
0.019128374755382538
0.0017412797315046191
0.06189238652586937
0.02312055602669716
0.012134520336985588
0.017739642411470413
0.02496141754090786
0.019336864352226257
0.0016408301889896393
0.02573973312973976
0.001429044990800321
0.019088810309767723
0.03528504818677902
0.031050125136971474
0.020695457234978676
0.003224562155082822
0.023121092468500137
0.03052906133234501
0.03252480924129486
0.03264572098851204
0.08047078549861908
0.017011944204568863
0.02325502596795559
0.03671438619494438
0.019026242196559906
0.01848403550684452
0.0007238493417389691
0.017605304718017578
0.01406819373369217
0.023109443485736847
0.020837731659412384
0.020438456907868385
0.021684469655156136
0.018511656671762466
0.023647984489798546
0.038572534918785095
0.025073254480957985
0.02333545684814453
0.0446755550801754
0.04407329857349396
0.015693269670009613
0.008074840530753136
0.021557042375206947
0.016116108745336533
0.03887844458222389
0.02896283008158207
0.005804541055113077
0.018028337508440018
0.0050515299662947655
0.024480093270540237
0.0026484087575227022
0.015599345788359642
0.011410526931285858
0.11197666823863983
0.023143591359257698
0.01429898664355278
0.011009398847818375
0.0196243766695261
0.0023893287871032953
0.001086237607523799
0.0065163783729076385
0.014097152277827263
0.07792812585830688
0.014283879660069942
0.016307787969708443
0.0008570553618483245
0.014490814879536629
0.030936647206544876
0.010347955860197544
0.02342105284333229
0.056763164699077606
0.0038575322832912207
0.041518937796354294
0.028282970190048218
0.03366618603467941
0.03805038705468178
0.07851968705654144
0.024709202349185944
0.02710718847811222
0.022783704102039337
0.0045133326202631
0.012682296335697174
0.0007335575646720827
0.013783146627247334
0.05397827923297882
0.02523733116686344
0.04321940243244171
0.014657528139650822
0.04071909934282303
0.002769824583083391
0.03881678357720375
0.023633219301700592
0.026054536923766136
0.046646054834127426
0.0036622441839426756
0.018022270873188972
0.03378941863775253
0.0027648720424622297
0.013190064579248428
0.02484031766653061
0.01705736666917801
0.019843431189656258
0.014943672344088554
0.02860458381474018
0.019630368798971176
0.02675178088247776
0.00638971570879221
0.003440564265474677
0.0033565061166882515
0.01597864367067814
0.007249769289046526
0.039679933339357376
0.03218633681535721
0.032350778579711914
0.025541871786117554
0.026691962033510208
0.027779828757047653
0.03847791627049446
0.06430106610059738
0.007752181030809879
0.03656105697154999
0.022682104259729385
0.030301939696073532
0.03063271753489971
0.02914072386920452
0.05430571734905243
0.00690167723223567
0.025218680500984192
0.018963636830449104
0.021336641162633896
0.014859408140182495
0.03817446529865265
0.0028847218491137028
0.009388000704348087
0.038005609065294266
0.029219338670372963
0.02793869376182556
0.08438713848590851
0.021579161286354065
0.05193784832954407
0.03805702552199364
0.0236386526376009
0.03568419814109802
0.01640387438237667
0.04555531591176987
0.0024555774871259928
0.015901239588856697
0.018330832943320274
0.004337291233241558
0.015605548396706581
0.02395985648036003
0.013053923845291138
0.020186185836791992
0.04845162108540535
0.019261576235294342
0.025432180613279343
0.0993579551577568
0.025412261486053467
0.08605533838272095
0.014873988926410675
0.0016753418603911996
0.06242736428976059
0.00795063842087984
0.025837363675236702
0.03971635550260544
0.03819593787193298
0.03125808387994766
0.017616840079426765
0.003688835771754384
0.022802745923399925
0.38328227400779724
0.018270589411258698
0.1075080931186676
0.040282122790813446
0.03414837643504143
0.027719717472791672
0.00839261431246996
0.02371392771601677
0.02086109109222889
0.026671476662158966
0.02257782220840454
0.060203246772289276
0.017762400209903717
0.019285159185528755
0.021181512624025345
0.021514859050512314
0.02782313898205757
0.03754211589694023
0.13393056392669678
0.02432556077837944
0.01861511915922165
0.0013080007629469037
0.02375808358192444
0.000986978062428534
0.02207188680768013
0.04294118657708168
0.0008726015803404152
0.026236185804009438
0.01965486817061901
0.016710253432393074
0.08816111832857132
0.030251506716012955
0.005452838726341724
0.023753298446536064
0.02049228549003601
0.02683892846107483
0.019787851721048355
0.040298815816640854
0.015588545240461826
0.0012609350960701704
0.02071567252278328
0.02563897892832756
0.03546955808997154
0.017358196899294853
0.01182097289711237
0.013556640595197678
0.04198265075683594
0.027631469070911407
0.020296873524785042
0.010483233258128166
0.0009365385049022734
0.025116998702287674
0.003383439965546131
0.020713169127702713
0.03324988856911659
0.021169820800423622
0.007526780478656292
0.013673837296664715
0.024104319512844086
0.06807811558246613
0.01641930639743805
0.060576487332582474
0.027545969933271408
0.021573249250650406
0.01947755366563797
0.0390048585832119
0.015367105603218079
0.13352540135383606
0.0007537284400314093
0.019765188917517662
0.01698269136250019
0.015364968217909336
0.007912252098321915
0.023383241146802902
0.011333540081977844
0.036968085914850235
0.019159730523824692
0.03665158525109291
0.02613248862326145
0.015801340341567993
0.013082821853458881
0.024753931909799576
0.027437439188361168
0.009818611666560173
0.008105993270874023
0.020968105643987656
0.0005864246631972492
0.037050627171993256
0.02815866842865944
0.014292895793914795
0.017367783933877945
0.013408830389380455
0.1265047788619995
0.038241203874349594
0.0019404720515012741
0.03775458782911301
0.012789084576070309
0.005512946750968695
0.028688713908195496
0.008936094120144844
0.01597120426595211
0.01732901856303215
0.023976797237992287
0.0046371459029614925
0.023718591779470444
0.003341022878885269
0.02002311870455742
0.03584285452961922
0.020497910678386688
0.008143859915435314
0.057560034096241
0.03510018065571785
0.0008942359127104282
0.028387902304530144
0.024229800328612328
0.055930979549884796
0.021599438041448593
0.018414733931422234
0.022724244743585587
0.00399654358625412
0.032161418348550797
0.03764505684375763
0.01936626434326172
0.028265807777643204
0.02412157878279686
0.04411818087100983
0.19480720162391663
0.0026418976485729218
0.001009488827548921
0.003009882988408208
0.0009642885415814817
0.01949920505285263
0.02930963970720768
0.0023099626414477825
0.020164471119642258
0.0023596554528921843
0.019674569368362427
0.01170177198946476
0.0016891659470275044
0.027048010379076004
0.060031257569789886
0.025655804201960564
0.04673571139574051
0.032343462109565735
0.022342296317219734
0.002407712396234274
0.006692616734653711
0.022812463343143463
0.027577804401516914
0.05074603483080864
0.021333174780011177
0.01870335265994072
0.02593257650732994
0.011609697714447975
0.02697846293449402
0.05221258103847504
0.035590626299381256
0.023259395733475685
0.023539364337921143
0.010869602672755718
0.021181389689445496
0.002478280570358038
0.022607993334531784
0.020461760461330414
0.022934839129447937
0.015267961658537388
0.02909366972744465
0.015363285318017006
0.013472179882228374
0.020452767610549927
0.004143945872783661
0.0023135242518037558
0.2167300283908844
0.0006911623058840632
0.009642558172345161
0.015754833817481995
0.0011644278420135379
0.0005155857652425766
0.012695534154772758
0.023459725081920624
0.01472700759768486
0.002971953246742487
0.03509840741753578
0.008999083191156387
0.022962355986237526
0.020359400659799576
0.06865928322076797
0.024146080017089844
0.030480332672595978
0.01753668487071991
0.009769855067133904
0.02668006159365177
0.050863660871982574
0.013639193028211594
0.048231545835733414
0.11489080637693405
0.06953607499599457
0.02086029388010502
0.03442563861608505
0.004103682469576597
0.0020151599310338497
0.010836089961230755
0.03456166386604309
0.021527402102947235
0.030924849212169647
0.02344978041946888
0.0010462197242304683
0.018284285441040993
0.022752441465854645
0.001577434130012989
0.6473936438560486
0.0458761528134346
0.01849791780114174
0.037231702357530594
0.011484780348837376
0.0029080931562930346
0.001580611802637577
0.001749534159898758
0.03017113171517849
0.019382011145353317
0.07920733839273453
0.02558935061097145
0.02422574907541275
0.0028755306266248226
0.009571528062224388
0.015235251747071743
0.017820099368691444
0.01640731655061245
0.01754896156489849
0.01789865642786026
0.0015489544020965695
0.002293679863214493
0.024704892188310623
0.002977212192490697
0.01800037920475006
0.015951085835695267
0.05288438871502876
0.0146380215883255
0.026712018996477127
0.016446517780423164
0.011357830837368965
0.0019477917812764645
0.05088036507368088
0.017713308334350586
0.02418789453804493
0.008737785741686821
0.018353339284658432
0.018578488379716873
0.02664373256266117
0.03834281116724014
0.01517096534371376
0.000868725124746561
0.006527317687869072
0.013383771292865276
0.04298406466841698
0.02035248652100563
0.0012677345657721162
0.013115637935698032
0.02012619376182556
0.021867120638489723
0.03103259764611721
0.04331161081790924
0.03256617486476898
0.02379147708415985
0.03473358228802681
0.03783437982201576
0.01733042486011982
0.0057828971184790134
0.04024815559387207
0.005985962692648172
0.03162264823913574
0.013355067931115627
0.03371936455368996
0.030710093677043915
0.013860626146197319
0.01691044121980667
0.0058989981189370155
0.01483212225139141
0.02104407362639904
0.018720000982284546
0.03537238389253616
0.0037679607048630714
0.004353170748800039
0.04259520396590233
0.03300394117832184
0.0008764900849200785
0.01455247588455677
0.0030961246229708195
0.036145493388175964
0.002146927174180746
0.047796979546546936
0.016706835478544235
0.020915817469358444
0.013488485477864742
0.03541693463921547
0.03083292953670025
0.010625289753079414
0.014933464117348194
0.014329291880130768
0.03398921340703964
0.028938638046383858
0.020967693999409676
0.004379107616841793
0.03679881989955902
0.06190217286348343
0.0007736349944025278
0.01983228325843811
0.02003156952559948
0.033831533044576645
0.05594678223133087
0.0028731939382851124
0.04893668368458748
0.04473032057285309
0.014766565524041653
0.008678702637553215
0.001183911575935781
0.0677352249622345
0.009599032811820507
0.0235897209495306
0.006072643678635359
0.02640623413026333
0.04711046442389488
0.04373055696487427
0.03893834725022316
0.020042667165398598
0.020086081698536873
0.0005060904659330845
0.024784564971923828
0.015274734236299992
0.03526885807514191
0.03839718550443649
0.017277250066399574
0.024515530094504356
0.0517628975212574
0.01732494682073593
0.023598171770572662
0.01392306201159954
0.021351994946599007
0.029400311410427094
0.010715126059949398
0.02106696180999279
0.0027761796955019236
0.08729732781648636
0.02690059132874012
0.026027463376522064
0.022973135113716125
0.015669334679841995
0.036929719150066376
0.02440955862402916
0.04656733199954033
0.0188972856849432
0.015322694554924965
0.013316704891622066
0.040420450270175934
0.04059794917702675
0.022970136255025864
0.008927647024393082
0.01650216616690159
0.03598545119166374
0.05552081763744354
0.040200356394052505
0.0256499033421278
0.0551440492272377
0.015084009617567062
0.025738820433616638
0.02015003375709057
0.02715335413813591
0.06193658709526062
0.005803892854601145
0.027673091739416122
0.0025836117565631866
0.0010742034064605832
0.01772700995206833
0.014833640307188034
0.020706020295619965
0.029859231784939766
0.009262279607355595
0.04745296761393547
0.01664607785642147
0.010820913128554821
0.9423686265945435
0.018885433673858643
0.027750756591558456
0.010483370162546635
0.04178563877940178
0.027956420555710793
0.001888495171442628
0.02387058362364769
0.02018599770963192
0.018275024369359016
0.020193465054035187
0.03549167141318321
0.004760009702295065
0.04847479611635208
0.02807343378663063
0.023429419845342636
0.023620890453457832
0.013738284818828106
0.002730016829445958
0.02330428548157215
0.056254927068948746
0.02312082052230835
0.018051883205771446
0.012803124263882637
0.004832565318793058
0.03234130144119263
0.011879346333444118
0.007035318296402693
0.032089877873659134
0.01312883011996746
0.008884222246706486
0.010577794164419174
0.036865830421447754
0.020153429359197617
0.02480427175760269
0.011786846444010735
0.017981378361582756
0.025143073871731758
0.0303789172321558
0.018135758116841316
0.0007639709510840476
0.0008083200664259493
0.021920744329690933
0.02406691573560238
0.04057491570711136
0.02210817113518715
0.01700177974998951
0.02001996710896492
0.036120206117630005
0.02986515499651432
0.007479663006961346
0.01973138377070427
0.025322720408439636
0.05143115669488907
0.04788775369524956
0.019503004848957062
0.047135576605796814
0.014922997914254665
0.039987679570913315
0.0008055323269218206
0.03530605137348175
0.018675530329346657
0.014801105484366417
0.026628393679857254
0.02130323089659214
0.03298123925924301
0.00848067831248045
0.03345267474651337
0.0009219257044605911
0.012959383428096771
0.00579024339094758
0.02360188215970993
0.0014821394579485059
0.04398834705352783
0.034156061708927155
0.03675014525651932
0.04885604605078697
0.016862662509083748
0.0027293602470308542
0.014385380782186985
0.038279950618743896
0.028345851227641106
0.010929715819656849
0.025977008044719696
0.02286805398762226
0.015068789944052696
0.03675967454910278
0.13267967104911804
0.0011757296742871404
0.021098367869853973
0.011928992345929146
0.03032073937356472
0.03420201316475868
0.027998479083180428
0.45899924635887146
0.029237797483801842
0.23979498445987701
0.035949330776929855
0.01489558070898056
0.0023082862608134747
0.03729955479502678
0.019263431429862976
0.048125725239515305
0.012177793309092522
0.03905715048313141
0.04427258297801018
0.0072347987443208694
0.0016785848420113325
0.02168235555291176
0.006891919299960136
0.032221484929323196
0.01863507181406021
0.01602214016020298
0.026365075260400772
0.03552548214793205
0.028622392565011978
0.034702930599451065
0.014772712253034115
0.05485495924949646
0.02159518375992775
0.003022453747689724
0.025578662753105164
0.023267695680260658
0.02264365926384926
0.02238670364022255
0.028906816616654396
0.02009141445159912
0.05670979991555214
0.04104487970471382
0.018842043355107307
0.04799182340502739
0.019599974155426025
0.01641468144953251
0.02182368002831936
0.0289048720151186
0.011849334463477135
0.02985680289566517
0.012109283357858658
0.032687485218048096
0.02404661476612091
0.015337629243731499
0.0011330217821523547
0.0019582570530474186
0.04749438911676407
0.04447068274021149
0.03066495805978775
0.013117221184074879
0.032625287771224976
0.021696703508496284
0.015936603769659996
0.05154220014810562
0.0035798726603388786
0.0009867934277281165
0.01676199398934841
0.02398909628391266
0.02242470532655716
0.038810089230537415
0.012829253450036049
0.042667075991630554
0.01151460874825716
0.03930632397532463
0.032526057213544846
0.013061354868113995
0.016341716051101685
0.03939704969525337
0.01579386740922928
0.05271743983030319
0.03405836224555969
0.042718421667814255
0.030451662838459015
0.017174988985061646
0.10536698251962662
0.0023974142968654633
0.018215369433164597
0.019038887694478035
0.012676818296313286
0.028447207063436508
0.019692061468958855
0.029976150020956993
0.022787103429436684
0.02735251374542713
0.014823981560766697
0.06077739596366882
0.003997046034783125
0.01704978011548519
0.015269254334270954
0.024417605251073837
0.05106116086244583
0.0320587083697319
0.01820516400039196
0.035367656499147415
0.034700311720371246
0.010228108614683151
0.0146068399772048
0.0010236107045784593
0.01662614941596985
0.11927219480276108
0.0077809980139136314
0.01572076790034771
0.012434660457074642
0.17968404293060303
0.0008615637198090553
0.02023136615753174
0.004609416238963604
0.011445042677223682
0.005780931096524
0.0328090526163578
0.01979813724756241
0.009823987260460854
0.015696905553340912
0.025591576471924782
0.03874017298221588
0.015386870130896568
0.0010436329757794738
0.0030710443388670683
0.002981351688504219
0.05192243680357933
0.0470443069934845
0.018012652173638344
0.02131047286093235
0.020924005657434464
0.09243310987949371
0.031471602618694305
0.023931726813316345
0.02837950922548771
0.019951682537794113
0.034293610602617264
0.02682647295296192
0.029418641701340675
0.017843171954154968
0.017459649592638016
0.09411302208900452
0.01583365723490715
0.013599049299955368
0.018164925277233124
0.020824244245886803
0.00524602085351944
0.019919704645872116
0.04877476394176483
0.01864323765039444
0.027248229831457138
0.023903310298919678
0.0012629447737708688
0.030917514115571976
0.019929489120841026
0.05800802260637283
0.006825309246778488
0.01874617487192154
0.038940828293561935
0.02096894197165966
0.03594774007797241
0.0037368014454841614
0.02805856615304947
0.09567450731992722
0.019366376101970673
0.0178384967148304
0.0434088297188282
0.016921844333410263
0.031017351895570755
0.04912480339407921
0.014930014498531818
0.21736815571784973
0.017439672723412514
0.016091952100396156
0.014691397547721863
0.03167150542140007
0.019636711105704308
0.00244880560785532
0.016704069450497627
0.01210529264062643
0.014877669513225555
0.030871838331222534
0.0018374655628576875
0.02201486937701702
0.017817290499806404
0.001172354444861412
0.019452139735221863
0.017949802801012993
0.01736310124397278
0.020331984385848045
0.021607866510748863
0.019899768754839897
0.028462454676628113
0.002255125902593136
0.016026534140110016
0.006409372668713331
0.003481951542198658
0.03680199012160301
0.016449131071567535
0.01791694574058056
0.022142842411994934
0.026821918785572052
0.024736624211072922
0.015242042019963264
0.038303669542074203
0.020355897024273872
0.21491891145706177
0.01258317194879055
0.019623326137661934
0.002375406213104725
0.0033225056249648333
0.03575136512517929
0.03784452751278877
0.005138896871358156
0.029493389651179314
0.0214244294911623
0.029785260558128357
0.03355348855257034
0.027357179671525955
0.02508445829153061
0.000788458448369056
0.020001105964183807
0.021038897335529327
0.019397737458348274
0.0019612926989793777
0.022510768845677376
0.04457873851060867
0.010884024202823639
0.021291563287377357
0.021847952157258987
0.020022081211209297
0.0015514875994995236
0.016700970008969307
0.08173686265945435
0.02941831946372986
0.01355945784598589
0.04923884570598602
0.011570362374186516
0.033548504114151
0.08454801142215729
0.003842446953058243
0.02013387531042099
0.01880611665546894
0.020378556102514267
0.05360807105898857
0.03804060071706772
0.002167970174923539
0.001295306719839573
0.001094638486392796
0.05732366070151329
0.01657293178141117
0.03065529093146324
0.0019425449427217245
0.024564266204833984
0.015033231116831303
0.01931571029126644
0.029877537861466408
0.017580758780241013
0.005583058577030897
0.01678202673792839
0.022855142131447792
0.025714289397001266
0.0034969812259078026
0.0198317039757967
0.005217434838414192
0.021637393161654472
0.006714373826980591
0.02693050354719162
0.029808873310685158
0.022293249145150185
0.02208145149052143
0.02132353186607361
0.025096546858549118
0.0013862212654203176
0.02181153930723667
0.01556511502712965
0.00728080328553915
0.02639169432222843
0.01777900755405426
0.003604809520766139
0.002257363870739937
0.014700852334499359
0.04267040267586708
0.02283519320189953
0.013069883920252323
0.030437052249908447
0.0338803306221962
0.012762797065079212
0.009753314778208733
0.01409228052943945
0.030073320493102074
0.029796013608574867
0.014779872260987759
0.001958941575139761
0.015149496495723724
0.02512969821691513
0.027563996613025665
0.04100775346159935
0.05443057417869568
0.01951480843126774
0.04118046164512634
0.05462171137332916
0.0321822464466095
0.046011198312044144
0.020214678719639778
0.024503497406840324
0.050041064620018005
0.01828162372112274
0.04131871461868286
0.014056259766221046
0.036633946001529694
0.014628791250288486
0.020757636055350304
0.00889445748180151
0.0030865129083395004
0.03916703909635544
