0.0082321772351861
0.013632161542773247
0.007958018220961094
0.04070822149515152
0.011694245971739292
1.1750023365020752
0.010323305614292622
0.08989693969488144
0.014079156331717968
0.007808395195752382
0.007137807086110115
0.009176583960652351
0.006288016214966774
0.01684366725385189
0.08384919911623001
0.009758463129401207
0.009581610560417175
0.02144467644393444
0.011562705039978027
0.030120011419057846
0.00794725026935339
0.008294444531202316
0.009677877649664879
0.011265966109931469
0.007774717640131712
0.03239850699901581
0.008618722669780254
0.00576573284342885
0.010339855216443539
0.01789555698633194
0.058467619121074677
0.004897403996437788
0.007231730502098799
0.03170289844274521
0.009673974476754665
0.010804782621562481
0.062096089124679565
0.014775695279240608
0.006034469231963158
0.01808401383459568
0.00843421183526516
0.03067600540816784
0.02974146045744419
0.027182526886463165
0.009448978118598461
0.032272230833768845
0.04315800964832306
0.007552214432507753
0.05341537669301033
0.013452380895614624
0.045628439635038376
0.0062212394550442696
0.006777593865990639
0.008413816802203655
0.006672459188848734
0.3139238655567169
0.013543815352022648
0.016184363514184952
0.01905214414000511
0.01108467672020197
0.009678131900727749
0.07810524106025696
0.007264426443725824
0.09831085801124573
0.0232441034168005
0.01930670067667961
0.02689296565949917
0.026080843061208725
0.034149169921875
0.015404454432427883
0.024631338194012642
0.02447034977376461
0.03156455606222153
0.017087437212467194
0.06876792758703232
0.026413291692733765
0.03917575255036354
0.021400919184088707
0.02230188623070717
0.03350089490413666
0.02105993591248989
0.03295811265707016
0.05637432634830475
0.026529090479016304
0.02367180585861206
0.022990714758634567
0.019784970209002495
0.03264835849404335
0.05432448163628578
0.02282092720270157
0.024829883128404617
0.01495824009180069
0.035219814628362656
0.033018454909324646
0.02379286289215088
0.04003381356596947
0.03940366953611374
0.027082767337560654
0.017135247588157654
0.028176961466670036
0.025018619373440742
0.03639901801943779
0.026736347004771233
0.02858820930123329
0.023744553327560425
0.06434378772974014
0.028013981878757477
0.024593006819486618
0.027318593114614487
0.03134538233280182
0.029664749279618263
0.024981677532196045
0.04317275434732437
0.05533498898148537
0.031004665419459343
0.03641993924975395
0.034203119575977325
0.029472777619957924
0.0328962579369545
0.03450259193778038
0.028073374181985855
0.023263614624738693
0.022694120183587074
0.02366543561220169
0.03477683663368225
0.03775936737656593
0.024956336244940758
0.04156166687607765
0.011374551802873611
0.010976685211062431
0.018433863297104836
0.011585322208702564
0.0152368675917387
0.013426541350781918
0.010737848468124866
0.009448191151022911
0.012745935469865799
0.01963762380182743
0.015561443753540516
0.015681689605116844
0.027889255434274673
0.015706101432442665
0.022164760157465935
0.013898272998631
0.4765491485595703
0.01948941871523857
0.02350497618317604
0.012822446413338184
0.01105412095785141
0.012241354212164879
0.020520886406302452
0.010700649581849575
0.011318176053464413
0.012768036685883999
0.04985278844833374
0.1143227070569992
0.01474926806986332
0.014541649259626865
0.011314237490296364
0.02441365085542202
0.059377532452344894
0.02379683032631874
0.009756798855960369
0.5007174015045166
0.0108086122199893
0.017832433804869652
0.015322521328926086
0.013127312995493412
0.01859268918633461
0.012043600901961327
0.6220765709877014
0.014880361035466194
0.014750175178050995
0.009210024029016495
0.014276387169957161
0.025380412116646767
0.020379196852445602
0.009097756817936897
0.4445134699344635
0.0168291125446558
0.014962958171963692
0.029774276539683342
0.014722508378326893
0.01147329993546009
0.012310241349041462
0.01592661626636982
0.009919244796037674
0.04708494991064072
0.013630485162138939
0.01721065863966942
0.012368588708341122
0.016343215480446815
0.01909707486629486
0.11754464358091354
0.04874712973833084
0.02219976857304573
0.008889023214578629
0.014916080050170422
0.02114000916481018
0.011878905817866325
0.043708499521017075
0.09358222037553787
0.00943269394338131
0.012537223286926746
0.022460883483290672
0.01124961581081152
0.01521251816302538
0.06788858026266098
0.007356461137533188
0.011883202940225601
0.02456177957355976
0.011385141871869564
0.010378213599324226
0.017779545858502388
0.013740086928009987
0.01475820504128933
0.014392688870429993
0.012133664451539516
0.009203590452671051
0.04231235384941101
0.13750307261943817
0.016834305599331856
0.01757083833217621
0.01775725558400154
0.06293851137161255
0.01311209425330162
0.015522751957178116
0.009306005202233791
0.01689182035624981
0.011190202087163925
0.013394953683018684
0.015279879793524742
0.021148869767785072
0.01337350346148014
0.010593815706670284
0.016969788819551468
0.0081615149974823
0.009359057992696762
0.02378719113767147
0.013469601050019264
0.022596262395381927
0.012047367170453072
0.014053317718207836
0.020228765904903412
0.013887603767216206
0.014948527328670025
0.017090504989027977
0.013562836684286594
0.012730849906802177
0.02022147737443447
0.011137214489281178
0.09939058870077133
0.11328517645597458
0.013755487278103828
0.014989440329372883
0.009147780016064644
0.026041409000754356
0.060501474887132645
0.032998085021972656
0.04042727127671242
0.04990622401237488
0.0253215990960598
0.028653347864747047
0.038496941328048706
0.04698842018842697
0.039025451987981796
0.03969937935471535
0.03441135957837105
0.03347117081284523
0.02639971673488617
0.028419073671102524
0.021412581205368042
0.03436706215143204
0.02913975715637207
0.026478420943021774
0.025330474600195885
0.03400461748242378
0.0337231419980526
0.024675261229276657
0.02749815583229065
0.03205350786447525
0.02655143290758133
0.024321187287569046
0.0251766424626112
0.03204048424959183
0.023624537512660027
0.020651519298553467
0.06879198551177979
0.04285019263625145
0.02339191362261772
0.03256244957447052
0.03640610724687576
0.018517468124628067
0.13282471895217896
0.029103383421897888
0.02265460602939129
0.028489507734775543
0.04344526305794716
0.059612005949020386
0.03368094936013222
0.025779079645872116
0.03533453866839409
0.030062953010201454
0.021061038598418236
0.024233205243945122
0.02628958597779274
0.020581932738423347
0.024340465664863586
0.025470588356256485
0.019467880949378014
0.033031631261110306
0.04840840399265289
0.026881547644734383
0.03322552144527435
0.04674665629863739
0.03865687921643257
0.05596579983830452
0.019121937453746796
0.033074989914894104
0.023417117074131966
0.019519062712788582
0.0853622555732727
0.049364760518074036
0.14549846947193146
0.04593578353524208
0.033424261957407
0.04284548759460449
0.035359401255846024
0.24621477723121643
0.032641179859638214
0.041853439062833786
0.016862792894244194
0.07917962223291397
0.05472318455576897
0.6020610928535461
0.031020041555166245
0.03396928310394287
0.03574990853667259
0.04758259281516075
0.11875628679990768
0.024861840531229973
0.036332059651613235
0.10423524677753448
0.020840929821133614
0.05989272892475128
0.03621084988117218
0.05336453393101692
0.030642297118902206
0.06865716725587845
0.10973034054040909
0.025178100913763046
0.019104430451989174
0.024232536554336548
0.14479616284370422
0.021371323615312576
0.018234429880976677
0.014518814161419868
0.2999266982078552
0.015192118473351002
0.0294331144541502
0.03807436302304268
0.04614400118589401
0.08461863547563553
0.09322652220726013
0.027852743864059448
0.03001134656369686
0.10983362793922424
0.03256905823945999
0.022833386436104774
0.10558491945266724
0.04046081751585007
0.04145964980125427
0.05453119054436684
0.05243125557899475
0.01888395845890045
0.08087822794914246
0.02965310961008072
0.10642499476671219
0.032678063958883286
0.040051404386758804
0.028584908694028854
0.07123959064483643
0.022237662225961685
0.022862577810883522
0.1735587865114212
0.21266977488994598
0.05321819335222244
0.08308862894773483
0.10056591778993607
0.04306542128324509
0.07416938245296478
0.16572554409503937
0.09893134981393814
0.059540361166000366
1.0575294494628906
0.16349360346794128
0.11015667021274567
0.04004649072885513
0.7787613868713379
0.024568434804677963
0.08612969517707825
0.02072644606232643
0.03918059170246124
0.024810411036014557
0.3940151333808899
0.03078344278037548
0.0301530584692955
0.039253946393728256
0.11659832298755646
0.05296090990304947
0.028629593551158905
0.06823467463254929
0.025426067411899567
0.03896074369549751
0.03549599647521973
0.1705041378736496
0.03572117164731026
0.03617217391729355
0.082577645778656
0.19051656126976013
0.05712483450770378
0.03982716426253319
0.8844619393348694
0.9902204275131226
0.04109461233019829
0.02869410254061222
0.09729883074760437
0.05526505410671234
0.033945925533771515
0.04019610583782196
0.02779500186443329
0.03676171228289604
0.302539199590683
0.050753284245729446
0.6117518544197083
0.03727516531944275
0.09063597768545151
0.0461321622133255
0.024109728634357452
0.03709309175610542
0.0689537301659584
0.03137228637933731
0.042319443076848984
0.043309520930051804
0.040982771664857864
0.03393286466598511
0.5740332007408142
0.0838630199432373
0.09632840752601624
0.09443812072277069
0.06459677964448929
0.11819447576999664
0.1157102957367897
0.08941827714443207
0.13010069727897644
0.7879243493080139
0.08850250393152237
0.07327553629875183
0.16307693719863892
0.2863849401473999
0.34934255480766296
0.0844079852104187
0.09874331206083298
0.11713625490665436
0.06597424298524857
0.0725029706954956
0.08693134784698486
0.07879237830638885
0.1489780992269516
0.052579883486032486
0.0731114074587822
0.08560286462306976
0.12224133312702179
0.07361974567174911
0.056036509573459625
0.051763419061899185
0.8100481629371643
0.12745989859104156
0.14307361841201782
0.06758705526590347
0.07853999733924866
0.8953080773353577
0.0771261528134346
0.07641178369522095
0.12296105176210403
0.19378763437271118
0.08340296149253845
0.08900991827249527
0.12038669735193253
0.07404022663831711
0.08679824322462082
0.053281430155038834
0.06894785910844803
0.060560375452041626
0.08510136604309082
0.08662506937980652
0.15588602423667908
0.10269386321306229
0.08466117084026337
0.04814481362700462
0.1296238750219345
0.11854370683431625
0.0768502727150917
0.11433011293411255
0.076051726937294
0.0693921372294426
0.0925549790263176
0.07492545992136002
0.10442055761814117
0.0419754721224308
0.06002050265669823
0.05419063940644264
0.005253283306956291
0.05933113396167755
0.009424364194273949
0.02902686968445778
0.009971913881599903
0.005448742303997278
0.0040471819229424
0.008156923577189445
0.048994030803442
0.019286982715129852
0.04547182843089104
0.008145955391228199
0.014075926505029202
0.01563301496207714
0.005621746182441711
0.017952006310224533
0.009459472261369228
0.0051736729219555855
0.08161319047212601
0.03143741562962532
0.005303117446601391
0.013260102830827236
0.012334841303527355
0.011950986459851265
0.010922081768512726
0.008523637428879738
0.021199462935328484
0.014542154967784882
0.018546823412179947
0.024454539641737938
0.11579607427120209
0.015297075733542442
0.004511496052145958
0.00871988758444786
0.007434471510350704
0.011769531294703484
0.008377892896533012
0.023800861090421677
0.02384665608406067
0.008329557254910469
0.030774492770433426
0.0059975143522024155
0.01968475989997387
0.026988254860043526
0.06997321546077728
0.009593765251338482
0.015564881265163422
0.00727893365547061
0.017806336283683777
0.008538306690752506
0.006390552967786789
0.004847773350775242
0.01569303870201111
0.03739064186811447
0.0072778151370584965
0.013197948224842548
0.005376922897994518
0.021416349336504936
0.04880762845277786
0.020298900082707405
0.010501153767108917
0.029874427244067192
0.019385958090424538
0.009393025189638138
0.0094999298453331
0.03334100544452667
0.0757700577378273
0.06682347506284714
0.014308920130133629
0.012276692315936089
0.024140123277902603
0.024872954934835434
0.012261364609003067
0.01644546166062355
0.020267222076654434
0.07952704280614853
0.031784866005182266
0.01008815597742796
0.00921836867928505
0.010074070654809475
0.010081928223371506
0.01654048077762127
0.020270662382245064
0.00791837926954031
0.008655688725411892
0.03623887896537781
0.054716672748327255
0.013925089500844479
0.023785525932908058
0.02839304320514202
0.009588821791112423
0.16042855381965637
0.01847224496304989
0.023022737354040146
0.011293095536530018
0.07116715610027313
0.010946097783744335
0.017552373930811882
0.0167206022888422
0.011633207090198994
0.008864812552928925
0.010328155942261219
0.013380932621657848
0.04892541468143463
0.04379555955529213
0.02021331712603569
0.013979392126202583
0.02435612492263317
0.021492166444659233
0.01812143437564373
0.12857651710510254
0.1045914739370346
0.08319267630577087
0.053833190351724625
0.04651452228426933
0.021641656756401062
0.014110728166997433
0.010894612409174442
0.058662012219429016
0.0107932910323143
0.008910827338695526
0.019072972238063812
0.015257892198860645
0.008655155077576637
0.021744348108768463
0.02155672013759613
0.012389050796627998
0.016855431720614433
0.015426252037286758
0.009252671152353287
0.010150863789021969
0.012950913049280643
0.011603101156651974
0.01117019820958376
0.009752001613378525
0.025988271459937096
0.015142915770411491
0.012006263248622417
0.01019845250993967
0.009810608811676502
0.012975666671991348
0.025427650660276413
0.013087647035717964
0.016578560695052147
0.012669871561229229
0.019140100106596947
0.01994280330836773
0.011313173919916153
0.010482079349458218
0.011966181918978691
0.02587423473596573
0.036680493503808975
0.04782691225409508
0.013471376150846481
0.008732056245207787
0.011556574143469334
0.013816922903060913
0.01652739942073822
0.013817183673381805
0.01355117280036211
0.01818900927901268
0.014732606709003448
0.010294731706380844
0.011644194833934307
0.020480051636695862
0.010835611261427402
0.01286675501614809
0.019478607922792435
0.012222850695252419
0.014261513948440552
0.011848058551549911
0.018494194373488426
0.008396850898861885
0.01608329266309738
0.029217181727290154
0.00889238528907299
0.025729374960064888
0.01379312202334404
0.027192318812012672
0.025288265198469162
0.01526398491114378
0.018404286354780197
0.013216142542660236
0.010910223238170147
0.02051086165010929
0.017475860193371773
0.021767424419522285
0.01879812218248844
0.010954060591757298
0.015215212479233742
0.010798044502735138
0.01389834750443697
0.011991056613624096
0.013243874534964561
0.016809890046715736
0.009200341068208218
0.008904408663511276
0.00994175300002098
0.015120778232812881
0.017904527485370636
0.027157150208950043
0.009382867254316807
0.01414808351546526
0.016163719817996025
0.010746725834906101
0.012951130978763103
0.011066652834415436
0.028797157108783722
0.022579047828912735
0.01114389207214117
0.010964944958686829
0.01709848642349243
0.010349353775382042
0.01105889305472374
0.013342893682420254
0.2015225887298584
0.03010714426636696
0.014976019971072674
0.013462738133966923
0.010963726788759232
0.21825069189071655
0.013592658564448357
0.011301492340862751
0.015438620932400227
0.01387866958975792
0.01006137952208519
0.011802698485553265
0.010016187094151974
0.025553064420819283
0.017559077590703964
0.013599726371467113
0.013678834773600101
0.014727341011166573
0.01571369357407093
0.011886347085237503
0.01239018328487873
0.012617570348083973
0.01193391252309084
0.016242090612649918
0.012383121997117996
0.014196600764989853
0.01360795833170414
0.00988745130598545
0.015314864926040173
0.0090750427916646
0.051233939826488495
0.012910386547446251
0.01225476898252964
0.021962182596325874
0.011594196781516075
0.012678894214332104
0.012985113076865673
0.011843081563711166
0.01178532000631094
0.026501702144742012
0.018813956528902054
