0.005207610782235861
0.0021024285815656185
0.05345172435045242
0.005894004832953215
0.0547427274286747
0.024187909439206123
0.003149694064632058
0.03876274451613426
0.020175013691186905
0.02857503667473793
0.043840717524290085
0.03067849390208721
0.03434084728360176
0.03703944385051727
0.05929504707455635
0.037004414945840836
0.03393835201859474
0.07765568792819977
0.03494088351726532
0.020808136090636253
0.019741442054510117
0.0026083746924996376
0.04869132116436958
0.027144739404320717
0.011129094287753105
0.025401946157217026
0.0009351855260320008
0.04269013553857803
0.011906489729881287
0.007599141914397478
0.0018406390445306897
0.0014986407477408648
0.02239481918513775
0.026028119027614594
0.020944885909557343
0.026260878890752792
0.03414503484964371
0.024320799857378006
0.012811901047825813
0.07546887546777725
0.019531024619936943
0.03474136069417
0.003149031661450863
0.05090342089533806
0.01283913291990757
0.06109313666820526
0.015171756967902184
0.046450406312942505
0.0030224479269236326
0.009198732674121857
0.08551093935966492
0.052626099437475204
0.06343598663806915
0.04419589042663574
0.030214563012123108
0.025850582867860794
0.004688182380050421
0.032561782747507095
0.011429155245423317
0.04091234505176544
0.05029425770044327
0.0006963261985220015
0.05746261402964592
0.01881399378180504
0.034432172775268555
0.02920476906001568
0.0015330291353166103
0.027227338403463364
0.022029604762792587
0.05361195281147957
0.03742015361785889
0.00295362644828856
0.013071088120341301
0.00043740286491811275
0.025822384282946587
0.03983249515295029
0.043185506016016006
0.04464816302061081
0.004225977696478367
0.004249639343470335
0.002798947272822261
0.00242111599072814
0.06208399310708046
0.09692297130823135
0.004336181096732616
0.03496943414211273
0.022384706884622574
0.028764382004737854
0.007605121470987797
0.0012238938361406326
0.10363217443227768
0.0008402785169892013
0.0061268131248652935
0.0052999393083155155
0.02455895021557808
0.025883320719003677
0.0037656230852007866
0.0008727749227546155
0.05094058811664581
0.021884027868509293
0.027048857882618904
0.03743661195039749
0.04195128381252289
0.029113411903381348
0.047092191874980927
0.05198707804083824
0.11394885927438736
0.00597757613286376
0.030878962948918343
0.059324961155653
0.02791079506278038
0.048162151128053665
0.02666357345879078
0.025106266140937805
0.005001458805054426
0.05560854822397232
0.01244110893458128
0.002349643502384424
0.02898646518588066
0.0015258793719112873
0.0021252857986837626
0.028197944164276123
0.024281101301312447
0.07471887767314911
0.0014297771267592907
0.008098702877759933
0.0020833411253988743
0.07702096551656723
0.0014701285399496555
0.03576402738690376
0.02983112260699272
0.0057363654486835
0.008024400100111961
0.04553104564547539
0.013574245385825634
0.037047550082206726
0.05926124006509781
0.08233146369457245
0.0008336401078850031
0.02420741319656372
0.032580699771642685
0.03778495639562607
0.016508381813764572
0.03976934030652046
0.057960979640483856
0.03855013847351074
0.0049112094566226006
0.006813060492277145
0.0030691137071698904
0.006361300591379404
0.0014525203732773662
0.0014017255743965507
0.0023537958040833473
0.03571001812815666
0.0030273336451500654
0.0447857603430748
0.01689273677766323
0.0016267155297100544
0.026908913627266884
0.002229934325441718
0.052461691200733185
0.10647682845592499
0.034848716109991074
0.05582735687494278
0.08341940492391586
0.04062654823064804
0.0035864233504980803
0.04363784193992615
0.0025325389578938484
0.02860189974308014
0.023841243237257004
0.04418320953845978
0.03435907140374184
0.00487420754507184
0.029160141944885254
0.020028265193104744
0.002354977186769247
0.03216636925935745
0.025807688012719154
0.05872252956032753
0.09304128587245941
0.002850922988727689
0.009446684271097183
0.027942165732383728
0.0018815069925040007
0.027823250740766525
0.009157373569905758
0.001293822075240314
0.0026348852552473545
0.022690709680318832
0.02800733596086502
0.052459314465522766
0.04180462658405304
0.07517563551664352
0.0018607696983963251
0.001705183763988316
0.0037088152021169662
0.05337325483560562
0.042757488787174225
0.0010818422306329012
0.00403343653306365
0.0016423854976892471
0.017309492453932762
0.0006086291396059096
0.001809124369174242
0.004104221239686012
0.0014190649380907416
0.09117050468921661
0.12316088378429413
0.028837813064455986
0.0011506068985909224
0.003406139323487878
0.0339093841612339
0.014634114690124989
0.05092233791947365
0.04169940948486328
0.01270204409956932
0.0012801452539861202
0.0012838799739256501
0.0011981179704889655
0.07463379949331284
0.053088296204805374
0.028572142124176025
0.033358894288539886
0.05659208819270134
0.05643075704574585
0.002316801343113184
0.0008636825368739665
0.15219606459140778
0.020985115319490433
0.001748869544826448
0.029210126027464867
0.04891282692551613
0.05354778841137886
0.05274413153529167
0.03815159574151039
0.035056889057159424
0.012874328531324863
0.003174155717715621
0.033587388694286346
0.033764902502298355
0.035437218844890594
0.03459879755973816
0.07217143476009369
0.01950354315340519
0.043493110686540604
0.031214170157909393
0.0043843514285981655
0.0010802398901432753
0.0786089301109314
0.007967811077833176
0.0025117225013673306
0.02406296320259571
0.03285937383770943
0.003119991859421134
0.0424286387860775
0.024888694286346436
0.002264330629259348
0.021055912598967552
0.031369399279356
0.04724695160984993
0.06945276260375977
0.0029353597201406956
0.024508891627192497
0.13724841177463531
0.03797847032546997
0.06547249108552933
0.0012595094740390778
0.001169055001810193
0.026668481528759003
0.051386039704084396
0.009196823462843895
0.03349287435412407
0.05751604586839676
0.019909672439098358
0.04189636930823326
0.025541288778185844
0.04671965539455414
0.0708862915635109
0.046935588121414185
0.04113801568746567
0.0019441398326307535
0.020413972437381744
0.042332131415605545
0.01714542880654335
0.05225631222128868
0.0373351015150547
0.034521810710430145
0.046491846442222595
0.05617838725447655
0.04134295508265495
0.04376805201172829
0.03132932633161545
0.01928744465112686
0.02660851925611496
0.04847079515457153
0.05704983323812485
0.0009563640342094004
0.03760090842843056
0.0608813650906086
0.03910288214683533
0.02179540880024433
0.001349054160527885
0.02610103040933609
0.0032254699617624283
0.00588244991376996
0.010556651279330254
0.022428616881370544
0.008503402583301067
0.049134332686662674
0.02991069108247757
0.0007115384214557707
0.02131776139140129
0.008396142162382603
0.026480408385396004
0.02261625975370407
0.041668687015771866
0.0232334416359663
0.05380905419588089
0.004082375671714544
0.022091452032327652
0.2522432506084442
0.027830567210912704
0.030908718705177307
0.031704291701316833
0.20046180486679077
0.0027400741819292307
0.03682246431708336
0.025917617604136467
0.005544114392250776
0.02766091376543045
0.025910906493663788
0.002250208519399166
0.037824805825948715
0.03304373472929001
0.050071485340595245
0.02444220893085003
0.051807958632707596
0.022109810262918472
0.018807951360940933
0.033328622579574585
0.01923123002052307
0.09228169918060303
0.0038059414364397526
0.015244824811816216
0.0022213663905858994
0.034804679453372955
0.02383432909846306
0.007957693189382553
0.0521027073264122
0.029793445020914078
0.0033147844951599836
0.04178335517644882
0.02515018731355667
0.04316936060786247
0.05570271238684654
0.006750422529876232
0.015764283016324043
0.0020400758367031813
0.03018428571522236
0.004495149943977594
0.030390437692403793
0.03691813722252846
0.002006238093599677
0.03487292677164078
0.004869837313890457
0.02748831920325756
0.0408361591398716
0.03799665719270706
0.0007888872059993446
0.04032419994473457
0.006947687361389399
0.02761329710483551
0.0008990465430542827
0.03155892714858055
0.04608232155442238
0.040089018642902374
0.0025659881066530943
0.0019126717234030366
0.035415634512901306
0.010746234096586704
0.04588809981942177
0.018772495910525322
0.05866154283285141
0.0031149701680988073
0.038169845938682556
0.032966841012239456
0.030906328931450844
0.03824431821703911
0.02364656701683998
0.0187483299523592
0.040453944355249405
0.0026971253100782633
0.057046931236982346
0.0010984765831381083
0.027042344212532043
0.004015256185084581
0.0013891280395910144
0.0167975053191185
0.018476435914635658
0.037874314934015274
0.0412706583738327
0.0029343480709940195
0.030914824455976486
0.04345223307609558
0.05160766839981079
0.041310179978609085
0.0016779233701527119
0.022102678194642067
0.017551321536302567
0.034740183502435684
0.025214647874236107
0.002953293500468135
0.014253098517656326
0.022848494350910187
0.042605575174093246
0.001642586663365364
0.0050311218947172165
0.03104364685714245
0.08991816639900208
0.005780991166830063
0.041676197201013565
0.0040068309754133224
0.003055100329220295
0.058814357966184616
0.0716448575258255
0.02416715770959854
0.0026002265512943268
0.014629261568188667
0.057075951248407364
0.003549526911228895
0.015543697401881218
0.001473311334848404
0.018364181742072105
0.057949744164943695
0.0020774942822754383
0.033779773861169815
0.2716781497001648
0.027043156325817108
0.05107505992054939
0.0632503479719162
0.012856870889663696
0.013666382059454918
0.002066059270873666
0.022906644269824028
0.0009548944653943181
0.05594642832875252
0.007273424416780472
0.0025018418673425913
0.01845467835664749
0.0021026404574513435
0.10318757593631744
0.021744638681411743
0.048042163252830505
0.046818457543849945
0.04409525543451309
0.023423468694090843
0.03103969618678093
0.008778381161391735
0.0074023655615746975
0.0056014955043792725
0.029007108882069588
0.025462578982114792
0.017350468784570694
0.05053107440471649
0.041077952831983566
0.08431051671504974
0.038399942219257355
0.0569964274764061
0.0024563618935644627
0.0036739157512784004
0.022987686097621918
0.06537586450576782
0.009306385181844234
0.018535595387220383
0.02276002988219261
0.010695748962461948
0.09434226155281067
0.008575703017413616
0.1789848804473877
0.019586188718676567
0.001445826725102961
0.0041416846215724945
0.05345366150140762
0.03178493678569794
0.08671952784061432
0.018296437337994576
0.025730011984705925
0.004019489977508783
0.000934335112106055
0.006213821470737457
0.007780387997627258
0.02776126004755497
0.04361496493220329
0.0485752634704113
0.0009700848604552448
0.01860060915350914
0.004405185114592314
0.0030104119796305895
0.03340386226773262
0.049069683998823166
0.0015179670881479979
0.02943260595202446
0.020280584692955017
0.0018351082690060139
0.03633711487054825
0.0034454036504030228
0.10159547626972198
0.03754674643278122
0.04789174720644951
0.02395578846335411
0.0008305230876430869
0.0032377182506024837
0.04653581604361534
0.0024902308359742165
0.01806717924773693
0.001717149280011654
0.011234788224101067
0.010767508298158646
0.0014544208534061909
0.03541065752506256
0.003806900233030319
0.02170797437429428
0.018287701532244682
0.0017114062793552876
0.050162650644779205
0.11972477287054062
0.005710577126592398
0.040966425091028214
0.041728682816028595
0.02514871209859848
0.005609790328890085
0.05214431881904602
0.003015154041349888
0.0031471243128180504
0.03885698691010475
0.030875276774168015
0.023796765133738518
0.0660092830657959
0.0007198153180070221
0.07800669223070145
0.00350871286354959
0.03409469500184059
0.002642892301082611
0.010494011454284191
0.03471410647034645
0.02251940779387951
0.045850154012441635
0.02932721935212612
0.04877736046910286
0.031788282096385956
0.040893130004405975
0.04383070394396782
0.005725598894059658
0.002790361875668168
0.06431519240140915
0.001351450104266405
0.05759824439883232
0.06088428944349289
0.06596088409423828
0.0021205430384725332
0.02381286211311817
0.08230308443307877
0.0007350145024247468
0.0024867684114724398
0.03964923322200775
0.028782378882169724
0.026866940781474113
0.015008516609668732
0.024373488500714302
0.0011081452248618007
0.038062356412410736
0.0201098769903183
0.017942024394869804
0.01201463583856821
0.03187175095081329
0.055662743747234344
0.027537371963262558
0.02920805662870407
0.0050969491712749004
0.042815178632736206
0.07485804706811905
0.0462094321846962
0.026916133239865303
0.022800058126449585
0.04565196856856346
0.11184962093830109
0.042205482721328735
0.048228733241558075
0.02546646259725094
0.017050033435225487
0.001148971845395863
0.023877041414380074
0.004238784313201904
0.08044470101594925
0.037158817052841187
0.05929437652230263
0.002382761100307107
0.00243310141377151
0.06374575197696686
0.0028638308867812157
0.031819939613342285
0.02644970268011093
0.025886399671435356
0.0021969748195260763
0.024239668622612953
0.07864198088645935
0.004286809824407101
0.014277951791882515
0.03672420606017113
0.0707240179181099
0.027854127809405327
0.002744634635746479
0.0007613881025463343
0.024791819974780083
0.002031554002314806
0.008509625680744648
0.047844965010881424
0.01593640260398388
0.003489017952233553
0.0015855273231863976
0.03486184403300285
0.0019057526951655746
0.01614544540643692
0.021167289465665817
0.0004819897876586765
0.0373380109667778
0.007300853729248047
0.04689278453588486
0.03273714333772659
0.004358617123216391
0.020188644528388977
0.04210590198636055
0.002840057946741581
0.019363433122634888
0.026221269741654396
0.015206725336611271
0.012364220805466175
0.003443954512476921
0.02283257618546486
0.003227847395464778
0.08292973041534424
0.05037946254014969
0.03556305542588234
0.01142041850835085
0.03310796245932579
0.0018429890042170882
0.036152392625808716
0.017996955662965775
0.07704102247953415
0.0017783399671316147
0.0022576740011572838
0.043175529688596725
0.07825376838445663
0.0012406945461407304
0.0015598488971590996
0.013433223590254784
0.138688325881958
0.024339433759450912
0.05334447696805
0.12003939598798752
0.0035191476345062256
0.03014182671904564
0.03852733597159386
0.031836219131946564
0.029915593564510345
0.05119597539305687
0.036390822380781174
0.005288236774504185
0.01534756924957037
0.01186106726527214
0.02918213978409767
0.003334375098347664
0.01002094428986311
0.026210566982626915
0.04388152062892914
0.029264086857438087
0.03651122376322746
0.003011720720678568
0.03798521310091019
0.0014606082113459706
0.0020713231060653925
0.019069459289312363
0.05300210788846016
0.03301709517836571
0.05412498489022255
0.02524678222835064
0.036438293755054474
0.015013962984085083
0.08192454278469086
0.08355551213026047
0.0015216701431199908
0.044903699308633804
0.009364387020468712
0.006940657738596201
0.023880697786808014
0.01980249583721161
0.007070735562592745
0.007007692474871874
0.029036205261945724
0.005209189839661121
0.05682063475251198
0.004371635150164366
0.018471449613571167
0.034127652645111084
0.039480820298194885
0.024018991738557816
0.0026645828038454056
0.004181996453553438
0.0014410245930776
0.027618231251835823
0.03905733674764633
0.023206645622849464
0.024557091295719147
0.03506120294332504
0.002520235488191247
0.03972683846950531
0.07160666584968567
0.026166647672653198
0.001360990572720766
0.037546947598457336
0.09721649438142776
0.02642120234668255
0.06960166990756989
0.033098336309194565
0.0052891806699335575
0.0019912433344870806
0.0332244411110878
0.03346780315041542
0.052742671221494675
0.002680808538571
0.021018657833337784
0.001561323064379394
0.003336602123454213
0.021551568061113358
0.05075175687670708
0.002586104441434145
0.10917074978351593
0.0440453439950943
0.05521926283836365
0.0011401434894651175
0.053004734218120575
0.051025986671447754
0.08238252252340317
0.04240589961409569
0.0010772625682875514
0.0021534522529691458
0.009417694061994553
0.04977062717080116
0.0037144555244594812
0.03127491846680641
0.04421116039156914
0.0980347990989685
0.0034728078171610832
0.04660730063915253
0.009917430579662323
0.0009186501265503466
0.069602370262146
0.035580333322286606
0.002134030917659402
0.005432168487459421
0.06093551218509674
0.03077606111764908
0.010977615602314472
0.05828627943992615
0.03548417240381241
0.023098789155483246
0.02346568927168846
0.006366043351590633
0.0015796582447364926
0.0020819474011659622
0.07036058604717255
0.0012231107102707028
0.001996662002056837
0.017343809828162193
0.0023181866854429245
0.10455832630395889
0.029615391045808792
0.0291877593845129
0.038357168436050415
0.0402383990585804
0.05998452007770538
0.029519155621528625
0.06730228662490845
0.0005886050639674067
0.003160082036629319
0.040187377482652664
0.006131852976977825
0.0010184424463659525
0.056667085736989975
0.00823792815208435
0.020775340497493744
0.023784741759300232
0.0009038990829139948
0.060207903385162354
0.05152074620127678
0.027470998466014862
0.029890215024352074
0.08259765803813934
0.035531993955373764
0.03169551119208336
0.007923122495412827
0.021764717996120453
0.03218192979693413
0.00779525563120842
0.026721855625510216
0.050016991794109344
0.04100700095295906
0.03007443994283676
0.017689883708953857
0.1662454903125763
0.036153148859739304
0.030496466904878616
0.02748963236808777
0.050800275057554245
0.04414372146129608
0.04554837569594383
0.010013199411332607
0.05658211559057236
0.010733936913311481
0.038045551627874374
0.03180442750453949
0.0029057972133159637
0.009729135781526566
0.01867813616991043
0.02544732391834259
0.001279414165765047
0.010574787855148315
0.07132966816425323
0.04190925136208534
0.05678731948137283
0.0033690189011394978
0.025945011526346207
0.04509352147579193
0.018177524209022522
0.006669503636658192
0.0030179722234606743
0.04137229174375534
0.03711162507534027
0.04017522931098938
0.0018094666302204132
0.005673108622431755
0.02265990898013115
0.015321415849030018
0.08993399143218994
0.03748536854982376
0.018525730818510056
0.0038057826459407806
0.034083474427461624
0.1454949527978897
0.10602171719074249
0.0016033481806516647
0.16478614509105682
0.061600424349308014
0.030622944235801697
0.021100163459777832
0.003440513974055648
0.03766331821680069
0.05801355093717575
0.0334630012512207
0.03033529222011566
0.02908633090555668
0.04515918344259262
0.02319515310227871
0.03278910368680954
0.04816071316599846
0.04555870220065117
0.008650458417832851
0.012918476946651936
0.0500607006251812
0.06560433655977249
0.0389980711042881
0.04050059989094734
0.009158526547253132
0.04910944774746895
0.03211168572306633
0.0023213918320834637
0.03465695306658745
0.04498421400785446
0.020816275849938393
0.04976501688361168
0.04486768692731857
0.04417911544442177
0.07673494517803192
0.08574207872152328
0.05155857279896736
0.001969472737982869
0.07068639993667603
0.021935783326625824
0.0378369465470314
0.001011942862533033
0.027357660233974457
0.015261314809322357
0.0015005917521193624
0.0015238384949043393
0.01643962785601616
0.022769968956708908
0.017854886129498482
0.001219402882270515
0.03213583305478096
0.003924014046788216
0.041709642857313156
0.0011875935597345233
0.022694706916809082
0.0672861784696579
0.05839717388153076
0.027313407510519028
0.000982313766144216
0.04833371564745903
0.0018278706120327115
0.007423474453389645
0.10594461113214493
0.01035541296005249
0.0318976491689682
0.03913682699203491
0.05101180449128151
0.032973047345876694
0.04077140614390373
0.08063884824514389
0.42534735798835754
0.0023677891585975885
0.03019992634654045
0.03532657027244568
0.003204962005838752
0.010000068694353104
0.0014480908866971731
0.03731895983219147
0.04150877520442009
0.0521368533372879
0.001573970657773316
0.008036686107516289
0.03805331140756607
0.05781206861138344
0.0017712016124278307
0.06267391890287399
0.043754998594522476
0.0326845683157444
0.042080238461494446
0.0011933835921809077
0.023417172953486443
0.0577002689242363
0.03278215602040291
0.06289498507976532
0.03745940700173378
0.00047911828733049333
0.002501320792362094
0.0008190322550944984
0.03704444319009781
0.01402078103274107
0.0010694743832573295
0.002011746633797884
0.031515926122665405
0.03132259100675583
0.03246419504284859
0.054656982421875
0.022541645914316177
0.11468659341335297
0.02043120376765728
0.00519021088257432
0.0034171987790614367
0.0017723686760291457
0.006718337535858154
0.04763055965304375
0.15126575529575348
0.03178437799215317
0.0021318949293345213
0.03392023220658302
0.031946226954460144
0.026066066697239876
0.007272982504218817
0.050606660544872284
0.030841801315546036
0.020092997699975967
0.018449923023581505
0.04525085166096687
0.055663906037807465
0.03484203666448593
0.0026817326433956623
0.03914468362927437
0.023357409983873367
0.06164159998297691
0.008669998496770859
0.08417834341526031
0.03744170814752579
0.02780068665742874
0.013235348276793957
0.030040040612220764
0.00593389431014657
0.0008965616580098867
0.002591215306892991
0.031727999448776245
0.024696756154298782
0.0019605355337262154
0.002336908131837845
0.022907789796590805
0.002741014352068305
0.024910494685173035
0.030342930927872658
0.018368836492300034
0.022216342389583588
0.019947366788983345
0.013885538093745708
0.0008351803408004344
0.012589741498231888
0.00889614038169384
0.04134678840637207
0.004026222508400679
0.003397703170776367
0.03255243971943855
0.034905239939689636
0.020124368369579315
0.032399050891399384
0.0014580831630155444
0.031133513897657394
0.022267306223511696
0.0194399431347847
0.002042243955656886
0.030651453882455826
0.02542688138782978
0.028516482561826706
0.005706092342734337
0.0020157545804977417
0.00435349578037858
0.03862074390053749
0.002721271477639675
0.004722446668893099
0.002138265874236822
0.026018332690000534
0.04851576313376427
0.001954335719347
0.03242503106594086
0.004795944783836603
0.036480922251939774
0.04303058981895447
0.001260769204236567
0.004246010445058346
0.04354342445731163
0.06256089359521866
0.036692265421152115
0.017967915162444115
0.05950207635760307
0.025758441537618637
0.010273757390677929
0.00230283010751009
0.0033244118094444275
0.04871997982263565
0.007878235541284084
0.033889040350914
0.007573336362838745
0.04146760329604149
0.004334945231676102
0.008681518957018852
0.09867103397846222
0.029947318136692047
0.003932143561542034
0.0010394664714112878
0.0015779718523845077
0.027913812547922134
0.0037213468458503485
0.024514010176062584
0.03412551432847977
0.034447140991687775
0.036646462976932526
0.05195262283086777
0.0009386136080138385
0.04624396935105324
0.010185114108026028
0.02345232106745243
0.044047657400369644
0.0005087701720185578
0.0015656056348234415
0.002199354348704219
0.03641912341117859
0.01621859520673752
0.029002314433455467
0.02766904979944229
0.07659725099802017
0.04275612533092499
0.03971226140856743
0.03737478330731392
0.06661525368690491
0.03297717496752739
0.024545015767216682
0.047351736575365067
0.021738305687904358
0.05881944298744202
0.04646225646138191
0.03170812129974365
0.046544771641492844
0.036095548421144485
0.0261714905500412
0.038077212870121
0.00247951433993876
0.04614424332976341
0.0024228862021118402
0.007048796862363815
0.002468219492584467
0.0008224730845540762
0.03506584092974663
0.04647976532578468
0.012369450181722641
0.008350063115358353
0.0808643326163292
0.048409197479486465
0.0017545283772051334
0.0318404845893383
0.0046120332553982735
0.020766645669937134
0.031345270574092865
0.03137533366680145
0.001261991448700428
0.06509384512901306
0.0011500135296955705
0.02805580385029316
0.04468395188450813
0.03281974792480469
0.12224423885345459
0.02085290104150772
0.03739933669567108
0.0024196328595280647
0.0019146029371768236
0.0014391392469406128
0.0018442890141159296
0.07582682371139526
0.025576362386345863
0.03024405427277088
0.04330209642648697
0.013268046081066132
0.0189601369202137
0.045224398374557495
0.07042761892080307
0.02303081937134266
0.04970628023147583
0.07057266682386398
0.004158649127930403
0.0030218209140002728
0.04651821032166481
0.011524268426001072
0.03662436082959175
0.04357502982020378
0.00123111205175519
0.0035945051349699497
0.014785261824727058
0.002558146370574832
0.013268428854644299
0.012538429349660873
0.19000142812728882
0.00136116414796561
0.022967765107750893
0.001620519789867103
0.034652143716812134
0.023818446323275566
0.0011735426960512996
0.004352285526692867
0.004962326027452946
0.000980981858447194
0.019377153366804123
0.0018319404916837811
0.026934171095490456
0.003910870756953955
0.027612993493676186
0.049670442938804626
0.017508748918771744
0.0009013531962409616
0.04838939756155014
0.0238166693598032
0.04740035533905029
0.044487692415714264
0.04040710628032684
0.026882093399763107
0.008358089253306389
0.03996662423014641
0.03632475435733795
0.03694509342312813
0.02444111928343773
0.03784734383225441
0.0012384506408125162
0.0022310048807412386
0.04183945432305336
0.05534563586115837
0.061099130660295486
0.04554362967610359
0.03976241871714592
0.003859126241877675
0.045425690710544586
0.0423416793346405
0.11121443659067154
0.022401180118322372
0.044940900057554245
0.044576890766620636
0.056059494614601135
0.0040711029432713985
0.062416620552539825
0.023911239579319954
0.015588481910526752
0.000759473186917603
0.014906764030456543
0.030001726001501083
0.02818322740495205
0.0398242250084877
0.06604068726301193
0.05115828663110733
0.0713629275560379
0.023584945127367973
0.0014730937546119094
0.020579764619469643
0.13909082114696503
0.03665667027235031
0.043177325278520584
0.003210242837667465
0.001839901553466916
0.03028617613017559
0.06119438633322716
0.03710770234465599
0.035327114164829254
0.0027115868870168924
0.0017598317936062813
0.0027415831573307514
0.05429667606949806
0.02774394489824772
0.015913628041744232
0.05301760137081146
0.04493129998445511
0.0009218418272212148
0.10361994802951813
0.010336771607398987
0.0353311225771904
0.022100184112787247
0.03599649667739868
0.006407003849744797
0.03377307951450348
0.016147136688232422
0.007142922841012478
0.012833903543651104
0.015531642362475395
0.05506843328475952
0.005018279422074556
0.012854043394327164
0.0277215838432312
0.01178400032222271
0.04183949530124664
0.002596160164102912
0.04127856716513634
0.03324441984295845
0.04208685830235481
0.022672658786177635
0.05221782997250557
0.0037945741787552834
0.014224654994904995
0.05359318479895592
0.008365193381905556
0.029797114431858063
0.010122228413820267
0.174747034907341
0.043137773871421814
0.011780643835663795
0.041762497276067734
0.0037377052940428257
0.04178909584879875
0.03783731907606125
0.05474457889795303
0.18512998521327972
0.12946230173110962
0.05236209183931351
0.09105690568685532
0.001630184007808566
0.0022333799861371517
0.03094625286757946
0.03273538127541542
0.0023857292253524065
0.043312910944223404
0.0016890439437702298
0.005568210501223803
0.03328161686658859
0.03398297354578972
0.01937883533537388
0.002134589944034815
0.049349796026945114
0.04246940836310387
0.04120563715696335
0.040575701743364334
0.0013277821708470583
0.0013726763427257538
0.031273722648620605
0.025915492326021194
0.06678986549377441
0.051425106823444366
0.0499420128762722
0.08109603077173233
0.025898104533553123
0.03228049725294113
0.001598560600541532
0.02358885109424591
0.0009148026583716273
0.010100578889250755
0.060825176537036896
0.029719717800617218
0.013031459413468838
0.039114974439144135
0.00584401935338974
0.008087847381830215
0.05013237148523331
0.11148865520954132
0.02385009080171585
0.033019911497831345
0.0015879475977271795
0.001941097667440772
0.025548620149493217
0.033415183424949646
0.0036675736773759127
0.06137971580028534
0.002408648142591119
0.03423378989100456
0.002138976939022541
0.026077747344970703
0.005618696101009846
0.05820444971323013
0.03791180998086929
0.0015067524509504437
0.0392984077334404
0.004744518548250198
0.004200807306915522
0.0013292317744344473
0.00045069216866977513
0.028114115819334984
0.0035571479238569736
0.030115921050310135
0.0026334652211517096
0.030980361625552177
0.058991048485040665
0.003210939234122634
0.04301866888999939
0.000910647795535624
0.0018898674752563238
0.04699030518531799
0.027723226696252823
0.0014847151469439268
0.04734785482287407
0.40212589502334595
0.05881860479712486
0.0021124661434441805
0.04568597674369812
0.01345752738416195
0.002817170461639762
0.0028942753560841084
0.01939953863620758
0.003752139862626791
0.002467122860252857
0.0007354224217124283
0.004879200831055641
0.048825498670339584
0.06052704527974129
0.050149496644735336
0.0036365401465445757
0.05765702202916145
0.04856663942337036
0.023360703140497208
0.050574079155921936
0.04723980277776718
0.11761193722486496
0.03817301243543625
0.027238724753260612
0.0015306799905374646
0.013361313380300999
0.017872612923383713
0.04114740341901779
0.04494257643818855
0.03873523697257042
0.029518580064177513
0.03771152347326279
0.001918133581057191
0.061234988272190094
0.09139841049909592
0.0024147515650838614
0.041123684495687485
0.0687091276049614
0.0267497505992651
0.0382450595498085
0.003134847618639469
0.02961721457540989
0.02808987908065319
0.09379778802394867
0.030152641236782074
0.025282366201281548
0.03079811856150627
0.0013497902546077967
0.005116548854857683
0.0010891766287386417
0.03543383255600929
0.050292689353227615
0.0025865251664072275
0.040190596133470535
0.046979743987321854
0.05512848123908043
0.004902746994048357
0.004228700418025255
0.0025121914222836494
0.002412303350865841
0.05043526738882065
0.0034224463161081076
0.033106133341789246
0.023593952879309654
0.02468671277165413
0.021252669394016266
0.029925096780061722
0.034472472965717316
0.02386750653386116
0.0024893018417060375
0.026668459177017212
0.028943046927452087
0.08998245745897293
0.034147124737501144
0.0038274615071713924
0.00045467456220649183
0.016495272517204285
0.005063507240265608
0.0038297700230032206
0.04665223881602287
0.05130821838974953
0.03608350455760956
0.05398936942219734
0.056062761694192886
0.0016300445422530174
0.006658417172729969
0.0060814907774329185
0.03928867354989052
0.13124267756938934
0.016104374080896378
0.0025897184386849403
0.04048873856663704
0.031001655384898186
0.0018033015076071024
0.024707026779651642
0.006792549975216389
0.005160347558557987
0.04948127642273903
0.039215490221977234
0.13075271248817444
0.06231982633471489
0.0030846954323351383
0.002417799085378647
0.046703141182661057
0.019666116684675217
0.0035253106616437435
0.014865250326693058
0.029911266639828682
0.002868490293622017
0.0608837753534317
0.07898454368114471
0.022882670164108276
0.05218479782342911
0.020813263952732086
0.03731299564242363
0.07424385845661163
0.0657232254743576
0.021395690739154816
0.03423424810171127
0.016666565090417862
0.034543946385383606
0.06866813451051712
0.05267302691936493
0.05219445377588272
0.0282310601323843
0.04906206205487251
0.013981628231704235
0.0018024416640400887
0.029818829149007797
0.04261672869324684
0.04008811339735985
0.018241746351122856
0.03558243438601494
0.024686526507139206
0.0980391800403595
0.05245380848646164
0.0018491093069314957
0.004917564336210489
0.0536336675286293
0.006941330153495073
0.0322793573141098
0.0026101197581738234
0.055388789623975754
0.025529688224196434
0.04269706830382347
0.017349733039736748
0.08772431313991547
0.044595472514629364
0.02964196540415287
0.013198763132095337
0.060580670833587646
0.0013319844147190452
0.003353612497448921
0.07971396297216415
0.03872213140130043
0.02332925796508789
0.026774534955620766
0.0017217376735061407
0.02924409508705139
0.012593789957463741
0.0032443697564303875
0.019994504749774933
0.052430618554353714
0.0016331856604665518
0.02910887449979782
0.028969544917345047
0.02583971619606018
0.03115786612033844
0.03025077097117901
0.029135987162590027
0.00996809545904398
0.004394178278744221
0.0016665447037667036
0.01909302920103073
0.04210417717695236
0.03356841206550598
0.03709401562809944
0.006154882721602917
0.040633004158735275
0.021910633891820908
0.0033092638477683067
0.01516973040997982
0.03809288889169693
0.03647836297750473
0.020156286656856537
0.00466145807877183
0.042031265795230865
0.02702583186328411
0.044368986040353775
0.011501353234052658
0.030033843591809273
0.08246981352567673
0.024328213185071945
0.04723156616091728
0.04883278161287308
0.037633560597896576
0.026559362187981606
0.031239429488778114
0.028228264302015305
0.05823490768671036
0.04827829450368881
0.008977309800684452
0.05820222944021225
0.03591408208012581
0.005573567468672991
0.044739097356796265
0.03632831200957298
0.04184064641594887
0.05033515393733978
0.03192991763353348
0.026002420112490654
0.018106520175933838
0.0033480655401945114
0.0342375710606575
0.007830551825463772
0.036626558750867844
0.0025313578080385923
0.008056821301579475
0.0016284033190459013
0.04614074528217316
0.03728894144296646
0.061768826097249985
0.0022112871520221233
0.025291746482253075
0.009153623133897781
0.005105318035930395
0.027780963107943535
0.00694264005869627
0.022993454709649086
0.03366824612021446
0.013169013895094395
0.05175679549574852
0.0032534708734601736
0.041462477296590805
0.00047410500701516867
0.05862826481461525
0.012038100510835648
0.006476352922618389
0.03448735922574997
0.07138664275407791
0.04074831306934357
0.03107677586376667
0.013197173364460468
0.04404575750231743
0.07538462430238724
0.02571602538228035
0.0028988404665142298
0.04630046710371971
0.03505512326955795
0.01400461420416832
0.005069773178547621
0.04862228035926819
0.0023729659151285887
0.04655785486102104
0.05185262858867645
0.005319717340171337
0.016214773058891296
0.034744419157505035
0.0025445495266467333
0.07432428747415543
0.03168734535574913
0.019055552780628204
0.00198989175260067
0.03660867363214493
0.0404159240424633
0.0010930536082014441
0.0011857330100610852
0.08002834767103195
0.06696057319641113
0.05061006546020508
0.00331105082295835
0.03009762614965439
0.002691415837034583
0.03665117546916008
0.042287491261959076
0.03605319932103157
0.03188140690326691
0.031785186380147934
0.0558675192296505
0.16719546914100647
0.03636439889669418
0.033555496484041214
0.003872607834637165
0.022428354248404503
0.02386319823563099
0.04543487727642059
0.042377643287181854
0.02449738420546055
0.0015216274186968803
0.0129928607493639
0.002684455830603838
0.0034695733338594437
0.04649464786052704
0.03531776741147041
0.02556781657040119
0.002596208592876792
0.010791510343551636
0.029886554926633835
0.0473414808511734
0.012635068967938423
0.017069853842258453
0.02287214808166027
0.0015974160050973296
0.04763643443584442
0.02302737906575203
0.027302861213684082
0.11391028761863708
0.06989006698131561
0.032514940947294235
0.020461687818169594
0.08236463367938995
0.08452877402305603
0.054064538329839706
0.008277730084955692
0.014115456491708755
0.04058007523417473
0.002442270051687956
0.0011368340346962214
0.0036296050529927015
0.02304334007203579
0.04866626858711243
0.004828684963285923
0.037827268242836
0.024085944518446922
0.04613630473613739
0.011467013508081436
0.003178749233484268
0.0546942837536335
0.0032333009876310825
0.0387946180999279
0.07054092735052109
0.0020029370207339525
0.023476921021938324
0.06399866193532944
0.03378964960575104
0.0034363605082035065
0.03526365011930466
0.02686559408903122
0.0012848104815930128
0.03772866353392601
0.0009062151657417417
0.018696773797273636
0.035340260714292526
0.0634823888540268
0.04581528529524803
0.015676697716116905
0.004482502117753029
0.004298439249396324
0.022129038348793983
0.0539092943072319
0.013639074750244617
0.0214046873152256
0.034109022468328476
0.02191883698105812
0.03954382613301277
0.003953415434807539
0.16186513006687164
0.02885826677083969
0.03465095907449722
0.02663191221654415
0.0047975690104067326
0.001758431550115347
0.0028482978232204914
0.09186793118715286
0.0017894319025799632
0.029191210865974426
0.03871840238571167
0.0028120530769228935
0.013998758047819138
0.009169358760118484
0.05949252098798752
0.11160808801651001
0.0044181328266859055
0.01601903699338436
0.03425738215446472
0.04130584001541138
0.04557938873767853
0.02634243853390217
0.00370192201808095
0.0009056999115273356
0.04078776016831398
0.013689341954886913
0.04688981547951698
0.002082474296912551
0.0017366138054057956
0.2008056640625
0.03475889563560486
0.03612421825528145
0.010002760216593742
0.09094362705945969
0.04442210868000984
0.02656485326588154
0.04206045717000961
0.0008524694130755961
0.0008177514537237585
0.03263012319803238
0.04115162789821625
0.03217165544629097
0.022235369309782982
0.011902730911970139
0.04520483687520027
0.014589423313736916
0.005244838539510965
0.034052927047014236
0.0039075701497495174
0.02210862748324871
0.007839197292923927
0.028246983885765076
0.030909381806850433
0.005512597505003214
0.011163418181240559
0.04307476431131363
0.03967970237135887
0.00748504837974906
0.04837172105908394
0.026431016623973846
0.03413422778248787
0.02839936502277851
0.045439593493938446
0.05403861030936241
0.03722848743200302
0.004119319375604391
0.0009862298611551523
0.017187589779496193
0.05543627217411995
0.08483877778053284
0.008608902804553509
0.025913074612617493
0.002133783185854554
0.009472326375544071
0.10545920580625534
0.004302535206079483
0.021519599482417107
0.004130552522838116
0.02145952358841896
0.0006349484319798648
0.030240744352340698
0.023635804653167725
0.03696618974208832
0.03807029128074646
0.03681967034935951
0.0457470640540123
0.002705007791519165
0.07143441587686539
0.022013431414961815
0.03952772542834282
0.01622818596661091
0.003331725485622883
0.03261225298047066
0.0031630611047148705
0.0022176657803356647
0.06353284418582916
0.014566813595592976
0.05819214507937431
0.05590922385454178
0.03981073573231697
0.025425784289836884
0.004479150287806988
0.0888318344950676
0.03890499100089073
0.06890398263931274
0.004206468351185322
0.039360061287879944
0.09833380579948425
0.0027568452060222626
0.012808493338525295
0.017808692529797554
0.0014031461905688047
0.007202561013400555
0.020466720685362816
0.024478627368807793
0.02549087069928646
0.0399608314037323
0.011507927440106869
0.027448473498225212
0.025192849338054657
0.04785623028874397
0.03254842758178711
0.024075478315353394
0.0029020069632679224
0.02842032164335251
0.02540571242570877
0.03774465620517731
0.004527918994426727
0.001242282334715128
0.03869158774614334
0.027387088164687157
0.028697527945041656
0.006561403628438711
0.0036587021313607693
0.028514539822936058
0.0017382069490849972
0.04021460935473442
0.02652968466281891
0.0013168243458494544
0.008855783380568027
0.20785529911518097
0.028182953596115112
0.005381077062338591
0.027385979890823364
0.03502949699759483
0.005245676264166832
0.019116027280688286
0.057804107666015625
0.07494773715734482
0.0780530571937561
0.10429808497428894
0.04427121579647064
0.0038886822294443846
0.002923596417531371
0.0014765907544642687
0.052799008786678314
0.00544123537838459
0.045233502984046936
0.0018210654379799962
0.010770870372653008
0.015929482877254486
0.003961901180446148
0.028184669092297554
0.005130606237798929
0.033292993903160095
0.004608907271176577
0.049258772283792496
0.20711678266525269
0.0014494300121441483
0.03304988145828247
0.03543728590011597
0.04127170890569687
0.022572413086891174
0.007372799329459667
0.001002411707304418
0.06135484576225281
0.030229764059185982
0.03167053312063217
0.029213136062026024
0.0390152744948864
0.025629514828324318
0.009153643622994423
0.03122241608798504
0.029294446110725403
0.03812386095523834
0.0019007406663149595
0.03158486634492874
0.05020908638834953
0.04352793097496033
0.0016703747678548098
0.037784069776535034
0.024436768144369125
0.02641642652451992
0.0265283714979887
0.022418994456529617
0.011836517602205276
0.045751508325338364
0.03671951964497566
0.00171424332074821
0.012652620673179626
0.05592802166938782
0.051646046340465546
0.017673760652542114
0.037462715059518814
0.03908250480890274
0.11157390475273132
0.04080866277217865
0.0357164591550827
0.004157040733844042
0.04102045297622681
0.001742617809213698
0.03000093623995781
0.02212786115705967
0.04201008006930351
0.03914694860577583
0.04854760691523552
0.0019051838899031281
0.0038905227556824684
0.017500681802630424
0.0003849661734420806
0.002903916407376528
0.002348456298932433
0.023311316967010498
0.0038136737421154976
0.008317270316183567
0.014660295099020004
0.03151801973581314
0.12991082668304443
0.001445217290893197
0.039689015597105026
0.04416598379611969
0.049130287021398544
0.0308549664914608
0.07541481405496597
0.0015408601611852646
0.002527953125536442
0.042307112365961075
0.002504531526938081
0.056795187294483185
0.0012721356470137835
0.003226109314709902
0.03961148113012314
0.06011022627353668
0.01257252600044012
0.037969399243593216
0.015743060037493706
0.0013241585111245513
0.03861011937260628
0.030820393934845924
0.039329301565885544
0.028671463951468468
0.03150627762079239
0.002690262859687209
0.004645971581339836
0.057015080004930496
0.03687598928809166
0.062172405421733856
0.003931042272597551
0.04505817964673042
0.007359100505709648
0.06604285538196564
0.005096079781651497
0.023229869082570076
0.027370383962988853
0.0313914529979229
0.005141784902662039
0.05586964264512062
0.04389039799571037
0.031376224011182785
0.07370834052562714
0.002794146304950118
0.05675812065601349
0.022736724466085434
0.0009784541325643659
0.04944711551070213
0.06314171105623245
0.05237635225057602
0.05255308374762535
0.0025787274353206158
0.016129547730088234
0.003295562695711851
0.00047562806867063046
0.04905472695827484
0.02079188823699951
0.16551473736763
0.04670077934861183
0.005239848978817463
0.017518235370516777
0.02454562298953533
0.0014349468983709812
0.05820488929748535
0.0035928513389080763
0.0011691716499626637
0.0013525860849767923
0.13112281262874603
0.04612794145941734
0.004766138270497322
0.059254035353660583
0.003968595061451197
0.04998411983251572
0.004703315906226635
0.003764108056202531
0.024170774966478348
0.004256864544004202
0.016388606280088425
0.0004940488142892718
0.0058198850601911545
0.001412095851264894
0.05517193675041199
0.005709723569452763
0.028940219432115555
0.019803058356046677
0.025596121326088905
0.03345198929309845
0.03218185156583786
0.03901414945721626
0.05660223215818405
0.005822516046464443
0.056575410068035126
0.019567454233765602
0.019167181104421616
0.01609708182513714
0.025221770629286766
0.04772543907165527
0.05695601552724838
0.028440328314900398
0.0035817224998027086
0.005257903132587671
0.04016687721014023
0.048230044543743134
0.0014831428416073322
0.03169272467494011
0.0044174655340611935
0.028078971430659294
0.03824255242943764
0.11336977034807205
0.03543693199753761
0.029438521713018417
0.05718756467103958
0.026649031788110733
0.03334503620862961
0.002169549698010087
0.0005817398778162897
0.04066101834177971
0.003096334869042039
0.03168928250670433
0.042768340557813644
0.03167650103569031
0.0018851333297789097
0.0019102131482213736
0.022090399637818336
0.0024651200510561466
0.07866399735212326
0.030091818422079086
0.01374619361013174
0.03766964003443718
0.04338503256440163
0.027719249948859215
0.0008513191714882851
0.0034611092414706945
0.04072609171271324
0.03664383292198181
0.003285718383267522
0.029435794800519943
0.027316659688949585
0.0006202041986398399
0.023808244615793228
0.002508255885913968
0.002619684673845768
0.056829240173101425
0.03198050707578659
0.02667381428182125
0.06895583868026733
0.000547012547031045
0.028385093435645103
0.03556523472070694
0.0077095190063118935
0.09806840121746063
0.032226935029029846
0.13919612765312195
0.00284451711922884
0.0018783834530040622
0.02365393005311489
0.05397619307041168
0.04073592647910118
0.015626193955540657
0.005966684781014919
0.005755345802754164
0.00709654251113534
0.13151642680168152
0.03385584428906441
0.03898246958851814
0.04054870828986168
0.013992272317409515
0.0011231658281758428
0.09040194749832153
0.04376909136772156
0.019681960344314575
0.035344839096069336
0.029872706159949303
0.0523165725171566
0.03373325243592262
0.0037853599060326815
0.040101971477270126
0.0036432596389204264
0.03403796628117561
0.010928526520729065
0.03658709675073624
0.06079727038741112
0.0975630059838295
0.0053796302527189255
0.032395150512456894
0.040521346032619476
0.029018212109804153
0.006816399749368429
0.0026229391805827618
0.0420384518802166
0.047770630568265915
0.030625220388174057
0.0011887388536706567
0.07136141508817673
0.032874442636966705
0.0032616457901895046
0.008188210427761078
0.04046263173222542
0.043147262185811996
0.06478789448738098
0.00381843582727015
0.1103360503911972
0.04490156099200249
0.03607034310698509
0.0033340968657284975
0.003174081677570939
0.0016765441978350282
0.03736487403512001
0.0028130183927714825
0.02906213328242302
0.0004654587246477604
0.03671465814113617
0.003947877325117588
0.008387123234570026
0.09265999495983124
0.023983322083950043
0.0071675414219498634
0.02299300581216812
0.008065297268331051
0.00145074469037354
0.16578270494937897
0.005037556868046522
0.005297936964780092
0.007137736771255732
0.03680801019072533
0.0019467181991785765
0.002724478952586651
0.050510063767433167
0.023414846509695053
0.028142403811216354
0.040597762912511826
0.0013099400093778968
0.006708690430969
0.04776071012020111
0.0353618860244751
0.06069336086511612
0.0628390982747078
0.03155045583844185
0.030909312888979912
0.02901623398065567
0.004257357679307461
0.02496003545820713
0.01814853399991989
0.11047070473432541
0.002658672397956252
0.02699674852192402
0.00199314346536994
0.011382157914340496
0.0038850370328873396
0.0026836597826331854
0.001677852589637041
0.0009393430082127452
0.036872025579214096
0.04317069053649902
0.06730581074953079
0.01458648405969143
0.0029346279334276915
0.04292746260762215
0.011356925591826439
0.00307508185505867
0.03996458649635315
0.024524860084056854
0.02109469287097454
0.025829700753092766
0.0151797691360116
0.027996376156806946
0.014128217473626137
0.031693655997514725
0.005640747956931591
0.002769896062090993
0.027728315442800522
0.033361807465553284
0.03053922764956951
0.0034543615765869617
0.006173745263367891
0.029854750260710716
0.040769077837467194
0.0018852679058909416
0.033875152468681335
0.032767459750175476
0.07536153495311737
0.04739658907055855
0.030017230659723282
0.06162657216191292
0.03371703624725342
0.003883710829541087
0.0016503289807587862
0.025078745558857918
0.010858586058020592
0.03896341100335121
0.03575669601559639
0.03227408602833748
0.04531320556998253
0.008856465108692646
0.19107657670974731
0.008945537731051445
0.12318534404039383
0.019008293747901917
0.018632179126143456
0.05787288025021553
0.004383075516670942
0.06249398738145828
0.031000852584838867
0.03624025359749794
0.003085798118263483
0.04381270706653595
0.07720556110143661
0.05086715519428253
0.003641859395429492
0.009626836515963078
0.0024662611540406942
0.006043015513569117
0.015320481732487679
0.0003819701087195426
0.0018888037884607911
0.05551878362894058
0.028323117643594742
0.03695669770240784
0.05438033118844032
0.03009656071662903
0.05973576009273529
0.007448106538504362
0.051705725491046906
0.04683690145611763
0.03549877181649208
0.03692874312400818
0.043995201587677
0.01608741283416748
0.04251654073596001
0.021002769470214844
0.0320403017103672
0.055580031126737595
0.048526789993047714
0.02736579068005085
0.020417608320713043
0.03724558278918266
0.024406543001532555
0.028139270842075348
0.0022431814577430487
0.01414643693715334
0.0034787754993885756
0.029201649129390717
0.003451057244092226
0.0018849917687475681
0.013816636987030506
0.05534849688410759
0.02159561589360237
0.007546090055257082
0.01569250226020813
0.044722914695739746
0.0054062483832240105
0.027674390003085136
0.0012751101749017835
0.0008379483479075134
0.047211017459630966
0.01976490020751953
0.010107818059623241
0.030307337641716003
0.03217074275016785
0.0008609425858594477
0.01209002360701561
0.0025726519525051117
0.002036870224401355
0.015379304997622967
0.03746233135461807
0.1116907075047493
0.002720448886975646
0.011074215173721313
0.03560299798846245
0.003376544686034322
0.04096546396613121
0.06371623277664185
0.043042998760938644
0.09215115010738373
0.028154972940683365
0.001618996961042285
0.0408867746591568
0.07240749150514603
0.10508637130260468
0.03423403203487396
0.027616877108812332
0.0017138185212388635
0.040737371891736984
0.02077796868979931
0.04043895751237869
0.04221950098872185
0.07850683480501175
0.0021827819291502237
0.032477039843797684
0.001189559348858893
0.055755212903022766
0.019835900515317917
0.036293867975473404
0.09219889342784882
0.0011828774586319923
0.02551037073135376
0.015675777569413185
0.03010006621479988
0.013488964177668095
0.006001064088195562
0.0022129984572529793
0.005650161765515804
0.002161849057301879
0.06953146308660507
0.04351123049855232
0.034205202013254166
0.044462431222200394
0.020840665325522423
0.038175586611032486
0.006511899176985025
0.012645118869841099
0.08055154234170914
0.06099874898791313
0.0020436416380107403
0.04789236560463905
0.03953476622700691
0.02265739068388939
0.02533547766506672
0.0013756584376096725
0.0030074131209403276
0.026769254356622696
0.02761564776301384
0.002708898624405265
0.006730962544679642
0.004499795380979776
0.06971118599176407
0.0029560024850070477
0.0006612309953197837
0.0020655281841754913
0.009094947017729282
0.022149983793497086
0.01852867193520069
0.004716595634818077
0.26346075534820557
0.008482599630951881
0.003930183127522469
0.02454039640724659
0.04346911609172821
0.06864027678966522
0.04193158075213432
0.003875809023156762
0.03055882453918457
0.02870396338403225
0.023200975731015205
0.0193621963262558
0.03993362933397293
0.002985941944643855
0.028821216896176338
0.010353726334869862
0.0019974547903984785
0.07317140698432922
0.04252089932560921
0.020398622378706932
0.031540170311927795
0.031161734834313393
0.002045846078544855
0.0035452046431601048
0.0037832241505384445
0.006964867003262043
0.05770760774612427
0.06699760258197784
0.03785610944032669
0.003230216447263956
0.027335867285728455
0.03081352449953556
0.011695221066474915
0.05118313804268837
0.06912848353385925
0.03850935772061348
0.0026410270947963
0.000419585412601009
0.02951333113014698
0.009060798212885857
0.04252581298351288
0.021948402747511864
0.024055607616901398
0.10332859307527542
0.03455989435315132
0.0012436354300007224
0.04688666760921478
0.03845684975385666
0.048591502010822296
0.027343090623617172
0.023841217160224915
0.030998852103948593
0.030826209113001823
0.03342127799987793
0.04696984589099884
0.08617754280567169
0.011288771405816078
0.007518657948821783
0.044368091970682144
0.0013229900505393744
0.020930806174874306
0.00168234808370471
0.04661087319254875
0.1442546844482422
0.18084101378917694
0.010248365812003613
0.02467472292482853
0.0006305278511717916
0.025711286813020706
0.03351908549666405
0.04988834261894226
0.011089572682976723
0.0022873638663440943
0.0010635808575898409
0.005174482706934214
0.0434609018266201
0.04662320017814636
0.024462327361106873
0.0016339909052476287
0.012720352970063686
0.0395602248609066
0.0447518564760685
0.06723788380622864
0.03183133900165558
0.005419571418315172
0.029998542740941048
0.060866519808769226
0.001001931494101882
0.01647707261145115
0.00958971120417118
0.06110316142439842
0.040641579777002335
0.0029347403906285763
0.005009319167584181
0.0010139321675524116
0.018727893009781837
0.05473886430263519
0.04234058037400246
0.0275149866938591
0.029838088899850845
0.0034231911413371563
0.08435960859060287
0.008773021399974823
0.004081141669303179
0.024730166420340538
0.03783237934112549
0.07070262730121613
0.04256630688905716
0.0018846631282940507
0.017149880528450012
0.04261785373091698
0.03852519020438194
0.04943558946251869
0.026492184028029442
0.0007135638152249157
0.03119691275060177
0.0507720448076725
0.03542131558060646
0.031015589833259583
0.0054419152438640594
0.07090680301189423
0.025841495022177696
0.03745490685105324
0.03614075481891632
0.03092750534415245
0.006242826115339994
0.0026622433215379715
0.03692182898521423
0.026066461578011513
0.09544944763183594
0.05064958333969116
0.007759208790957928
0.02523050270974636
0.03938942402601242
0.015757795423269272
0.04165147617459297
0.05893862992525101
0.010721366852521896
0.059261251240968704
0.029500922188162804
0.10714907199144363
0.05771787837147713
0.049073655158281326
0.028561027720570564
0.11434470117092133
0.005338435061275959
0.008842607028782368
0.021268663927912712
0.030288590118288994
0.004780373070389032
0.00041034913738258183
0.0032721958123147488
0.0018496779957786202
0.045520443469285965
0.0013188340235501528
0.0013958212221041322
0.1312766671180725
0.044928569346666336
0.04993445426225662
0.021970687434077263
0.010375569574534893
0.003889678744599223
0.04686981439590454
0.004655199125409126
0.024193722754716873
0.03472184017300606
0.09713712334632874
0.02474157139658928
0.0015573484124615788
0.02077590487897396
0.004136879928410053
0.05317370593547821
0.016337160021066666
0.0029147404711693525
0.007664685603231192
0.04076988995075226
0.07588669657707214
0.00869021750986576
0.039074890315532684
0.06492029875516891
0.034246642142534256
0.004115857183933258
0.0005541275604628026
0.014443889260292053
0.0017817186890169978
0.009125969372689724
0.0006441590958274901
0.03241058439016342
0.05537886172533035
0.022354740649461746
0.05977524071931839
0.04383260756731033
0.011501925997436047
0.12141083925962448
0.07939368486404419
0.015162521973252296
0.06326330453157425
0.044968489557504654
0.03723942115902901
0.024034937843680382
0.02535954676568508
0.002545241266489029
0.047610606998205185
0.032795410603284836
0.028842929750680923
0.057058628648519516
0.03121355175971985
0.03494740277528763
0.004408559296280146
0.007031632587313652
0.05438478663563728
0.06435845792293549
0.005503401625901461
0.022125156596302986
0.0318138562142849
0.0034098976757377386
0.17852449417114258
0.00658259866759181
0.03343496099114418
0.016047745943069458
0.05723351985216141
0.03303433954715729
0.04334593191742897
0.02417389675974846
0.0010406292276456952
0.005391837563365698
0.017680387943983078
0.031789738684892654
0.02081006020307541
0.0010283079463988543
0.05018003284931183
0.030914608389139175
0.002278027357533574
0.017270157113671303
0.07978030294179916
0.02787596359848976
0.02886147052049637
0.1166670024394989
0.011124289594590664
0.06504462659358978
0.13618415594100952
0.0014593590749427676
0.036439795047044754
0.10815437883138657
0.015798673033714294
0.03210895508527756
0.041962552815675735
0.009383044205605984
0.029472794383764267
0.040643200278282166
0.03152273967862129
0.12460573017597198
0.00126949034165591
0.07230208814144135
0.04902713745832443
0.061058513820171356
0.03833851218223572
0.0032267719507217407
0.07535280287265778
0.030268296599388123
0.007655176799744368
0.0345471166074276
0.046415381133556366
0.0256538987159729
0.037376295775175095
0.0038310610689222813
0.10574077069759369
0.04929644986987114
0.037712134420871735
0.0023752886336296797
0.09603093564510345
0.03658421337604523
0.0646965503692627
0.0028997252229601145
0.0011690865503624082
0.02649010717868805
0.0012945410562679172
0.018649782985448837
0.03684632107615471
0.040388625115156174
0.0018387660384178162
0.03269447758793831
0.007065626792609692
0.03835538029670715
0.023443708196282387
0.04410678520798683
0.009088795632123947
0.04828687757253647
0.0154308145865798
0.039733320474624634
0.009689835831522942
0.03299489989876747
0.02192474529147148
0.008195513859391212
0.029337817803025246
0.037046562880277634
0.018411681056022644
0.045643385499715805
0.0007888698601163924
0.0018727791029959917
0.002432894892990589
0.12702253460884094
0.027870187535881996
0.007156334351748228
0.0011623911559581757
0.00263830553740263
0.03375532105565071
0.0034513138234615326
0.042530812323093414
0.04803963378071785
0.022641589865088463
0.0036393054760992527
0.060413919389247894
0.001380230998620391
0.002311732154339552
0.007143491413444281
0.08677811175584793
0.0034699446987360716
0.004927004687488079
0.0362292155623436
0.0013963057426735759
0.04310337454080582
0.008097664453089237
0.00353828864172101
0.050105974078178406
0.04620944336056709
0.02709067054092884
0.043985556811094284
0.02108338475227356
0.011200462467968464
0.04701527953147888
0.030210649594664574
0.002691707108169794
0.029409993439912796
0.041967570781707764
0.0016920652706176043
0.029010791331529617
0.03592730313539505
0.0032862306106835604
0.02910037338733673
0.0367712639272213
0.0022928002290427685
0.03130410984158516
0.02934645675122738
0.027754472568631172
0.01815701834857464
0.0017277105944231153
0.005869487300515175
0.05242914706468582
0.0008580643334425986
0.002061289269477129
0.007361953612416983
0.03144967928528786
0.031236037611961365
0.054040759801864624
0.07939322292804718
0.0029389397241175175
0.05432681366801262
0.03032969869673252
0.006495388690382242
0.006413714028894901
0.06018136814236641
0.02282385341823101
0.018392354249954224
0.005557155702263117
0.05102838575839996
0.07259438931941986
0.04157702997326851
0.0029899796936661005
0.029199399054050446
0.036088570952415466
0.026340782642364502
0.03646380081772804
0.020031295716762543
0.002757953479886055
0.0009072046377696097
0.02962566912174225
0.033488959074020386
0.0026903883554041386
0.02583511546254158
0.0331936739385128
0.031210359185934067
0.08401349931955338
0.07120797783136368
0.07011757791042328
0.0431511253118515
0.002701596124097705
0.04354555159807205
0.02690678834915161
0.0034922556951642036
0.03865007311105728
0.0043718707747757435
0.04178239777684212
0.0018125742208212614
0.03137941658496857
0.06917978823184967
0.06655924767255783
0.03665759041905403
0.0037970745470374823
0.030797041952610016
0.2890702188014984
0.04785308614373207
0.004947667010128498
0.038233790546655655
0.0010863509960472584
0.08289792388677597
0.02741200476884842
0.02572367526590824
0.0019595713820308447
0.01048548799008131
0.016802269965410233
0.01029176078736782
0.03296755626797676
0.002184063196182251
0.006630408577620983
0.05305182561278343
0.03564254567027092
0.04041777923703194
0.0034539627376943827
0.01914816163480282
0.001508680870756507
0.059516094624996185
0.09317439049482346
0.01460022758692503
0.019170667976140976
0.03420931100845337
0.004938524216413498
0.028148405253887177
0.10578381270170212
0.045278504490852356
0.024707963690161705
0.027752485126256943
0.07554923743009567
0.0011772983707487583
0.006421842612326145
0.002613211050629616
0.05793085694313049
0.00748658599331975
0.051107004284858704
0.03408459573984146
0.036771953105926514
0.001529628993012011
0.047352761030197144
0.011191154830157757
0.03638715296983719
0.06604469567537308
0.0009701820672489703
0.09794314205646515
0.01951032318174839
0.0016707112081348896
0.003912108484655619
0.05299106985330582
0.002690863097086549
0.03373199701309204
0.0031211902387440205
0.0035136884544044733
0.040511902421712875
0.006759133655577898
0.0013505712850019336
0.021771132946014404
0.005082795396447182
0.03185705095529556
0.06794757395982742
0.047307685017585754
0.06882588565349579
0.01290259137749672
0.013721173629164696
0.02123144641518593
0.024507561698555946
0.03688247874379158
0.005753091536462307
0.03529028221964836
0.04039091616868973
0.0016998162027448416
0.04513482749462128
0.0024786244612187147
0.051608096808195114
0.0003767551388591528
0.0640195831656456
0.06777526438236237
0.0016541255172342062
0.011919267475605011
0.04840731620788574
0.021211666986346245
0.0011135392123833299
0.05860654264688492
0.04443992301821709
0.0035545818973332644
0.05765267461538315
0.002806297969073057
0.04336352273821831
0.06415370106697083
0.002070748247206211
0.04536324739456177
0.0329950787127018
0.05390685796737671
0.031168363988399506
0.03741230443120003
0.0008088179747574031
0.03217541426420212
0.038492314517498016
0.027003422379493713
0.010810788720846176
0.015330970287322998
0.006704757921397686
0.006779257673770189
0.02242017164826393
0.0018756166100502014
0.03842293471097946
0.04075627401471138
0.028445130214095116
0.037393517792224884
0.027856510132551193
0.04119233787059784
0.001381283043883741
0.037784550338983536
0.03721446543931961
0.0030684112571179867
0.0026898144278675318
0.02302384003996849
0.040607746690511703
0.050187062472105026
0.02222386747598648
0.08325830101966858
0.04631379246711731
0.08660965412855148
0.040139488875865936
0.03549109399318695
0.03784875199198723
0.038594529032707214
0.00112185999751091
0.06393628567457199
0.005915396846830845
0.02228870987892151
0.0016513357404619455
0.06130813807249069
0.03291770815849304
0.056249767541885376
0.12122763693332672
0.03174535930156708
0.028876839205622673
0.06672549247741699
0.06019553169608116
0.007706993725150824
0.040940046310424805
0.0014614005340263247
0.01794215478003025
0.0020254997070878744
0.030409803614020348
0.005370402242988348
0.03079778142273426
0.03037925995886326
0.013966417871415615
0.05233052372932434
0.043648798018693924
0.0019266243325546384
0.003242561360821128
0.02375093847513199
0.048277199268341064
0.02281966805458069
0.0904688909649849
0.020033076405525208
0.0006625570240430534
0.009627345949411392
0.0008129149209707975
0.0014131423085927963
0.002797108143568039
0.052901167422533035
0.00485706701874733
0.00313701294362545
0.04868040233850479
0.0015552922850474715
0.05158192664384842
0.0909009501338005
0.03292073681950569
0.00935666449368
0.001612598542124033
0.0028994111344218254
0.012505514547228813
0.0017505839932709932
0.01888875663280487
0.034099169075489044
0.0018478591227903962
0.4587153494358063
0.006721801124513149
0.02858426421880722
0.036127738654613495
0.03652740269899368
0.04288226738572121
0.0021239807829260826
0.004018123261630535
0.035180456936359406
0.053577836602926254
0.016065280884504318
0.01074084173887968
0.04168294370174408
0.030211757868528366
0.07713007181882858
0.0022012260742485523
0.0016460414044559002
0.028069065883755684
0.03515838459134102
0.02595103159546852
0.002139107557013631
0.0025253701023757458
0.075883649289608
0.03295908868312836
0.06619035452604294
0.03048033080995083
0.05282324180006981
0.0028855944983661175
0.03976735100150108
0.02681494504213333
0.057598620653152466
0.03153115138411522
0.0027990571688860655
0.024608157575130463
0.015079502947628498
0.0686507523059845
0.026914963498711586
0.0040373424999415874
0.039391230791807175
0.07750996202230453
0.030402038246393204
0.004499143920838833
0.0017070251051336527
0.03152031451463699
0.06752566993236542
0.022511569783091545
0.08012255281209946
0.14103272557258606
0.0015567392110824585
0.039082594215869904
0.025775868445634842
0.03571924567222595
0.0018752643372863531
0.09022556990385056
0.015267031267285347
0.028971701860427856
0.0035200119018554688
0.005033848341554403
0.03352721035480499
0.03519519418478012
0.029491011053323746
0.00326961325481534
0.003931403625756502
0.0041028279811143875
0.005024890415370464
0.005334009416401386
0.04122837632894516
0.03916271775960922
0.025374935939908028
0.0014325916999951005
0.05468884855508804
0.07206515967845917
0.003454304300248623
0.03824319317936897
0.05766444653272629
0.00615803012624383
0.03507883474230766
0.002347705652937293
0.037916071712970734
0.01758522354066372
0.027594413608312607
0.0005397346685640514
0.11322307586669922
0.006020383909344673
0.03284579515457153
0.05746564641594887
0.026678873226046562
0.0054692612029612064
0.067275270819664
0.042322684079408646
0.0011327206157147884
0.008032172918319702
0.03151846304535866
0.0037953443825244904
0.020346399396657944
0.004378393292427063
0.02083146758377552
0.0024380546528846025
0.039157360792160034
0.02880009263753891
0.04281768575310707
0.023686861619353294
0.0015588487731292844
0.024631725624203682
0.0020370075944811106
0.03275226056575775
0.025211265310645103
0.021018115803599358
0.03770468384027481
0.03954081982374191
0.048290908336639404
0.021672112867236137
0.026028640568256378
0.032815270125865936
0.00042820791713893414
0.054221369326114655
0.039513278752565384
0.017093710601329803
0.0019309301860630512
0.032268136739730835
0.012727317400276661
0.02278641238808632
0.00849081575870514
0.09815288335084915
0.0005773339071311057
0.0011171090882271528
0.050457194447517395
0.0213763490319252
0.03427630290389061
0.025266829878091812
0.002405221574008465
0.04455462098121643
0.03130890429019928
0.0049484120681881905
0.036090586334466934
