0.15576942265033722
0.142872616648674
0.14052218198776245
0.13076536357402802
0.48334410786628723
0.3835498094558716
0.1392877697944641
0.10165023803710938
1.4879587888717651
0.15235261619091034
0.10405150800943375
0.18810726702213287
0.12904833257198334
0.17116352915763855
1.0674149990081787
0.11753346025943756
0.11803848296403885
0.1468873918056488
0.15959471464157104
0.17862723767757416
0.14382663369178772
0.1441001147031784
0.11949917674064636
0.2293933928012848
0.09358944743871689
0.22596903145313263
0.18867987394332886
0.15300710499286652
0.1512858122587204
0.1232699528336525
0.2045997530221939
0.14308103919029236
0.1032659262418747
0.10023561865091324
0.188822939991951
0.11613301187753677
0.14822985231876373
0.2072218805551529
0.12238593399524689
0.12743116915225983
0.1381675899028778
0.1475670337677002
0.24782370030879974
0.178347647190094
0.11545921862125397
0.1602776199579239
0.10188938677310944
0.1304740011692047
0.2508423626422882
0.13652214407920837
0.13611602783203125
0.2995430529117584
0.16475649178028107
0.12731638550758362
0.1807270497083664
0.27667587995529175
0.16246935725212097
0.147613987326622
0.16074205935001373
0.1085328534245491
0.12661929428577423
0.2517591714859009
0.1244058907032013
0.14851507544517517
0.19830594956874847
0.19571807980537415
0.10637087374925613
0.1474306881427765
0.1999683678150177
0.12419198453426361
0.1576625257730484
0.18866753578186035
0.13712581992149353
0.13466064631938934
0.1464122086763382
0.1265449821949005
2.7474215030670166
0.156177818775177
0.1559293270111084
0.2097386121749878
0.11899722367525101
0.11724048852920532
0.12095122039318085
0.14922821521759033
0.1581198126077652
0.11174096167087555
0.13465894758701324
0.16971689462661743
0.1334172785282135
0.10098698735237122
0.14668676257133484
0.15701188147068024
0.12872572243213654
0.17510652542114258
2.2871615886688232
0.12980782985687256
0.14299806952476501
0.2042088508605957
0.1479482650756836
0.12919676303863525
0.1637210100889206
0.23078320920467377
0.1770470291376114
0.22490279376506805
0.13131392002105713
0.11125137656927109
0.14640416204929352
0.19551151990890503
0.13328436017036438
0.17226941883563995
0.16914933919906616
0.1609894037246704
0.1402657926082611
0.20541511476039886
0.18871484696865082
0.12185176461935043
0.14194421470165253
0.16422753036022186
0.14336830377578735
0.14940126240253448
0.1299704909324646
0.13621461391448975
0.12140586972236633
0.1355956643819809
0.11815904825925827
0.10231377184391022
0.13927976787090302
0.15355248749256134
0.11879344284534454
0.10726362466812134
0.16163234412670135
0.12692734599113464
0.1342235952615738
0.1417863368988037
0.09649217873811722
0.09915819764137268
0.13262127339839935
0.12668150663375854
0.12443269044160843
0.1257142573595047
0.13632871210575104
0.14968760311603546
0.14114060997962952
0.10348468273878098
1.3902575969696045
0.1472848653793335
0.19385024905204773
0.10077255964279175
0.13271008431911469
0.3900287449359894
0.1378783881664276
0.16528238356113434
0.11245471984148026
0.09730148315429688
0.08107595890760422
0.12484350800514221
0.13557705283164978
0.15184366703033447
0.11873556673526764
0.11157592386007309
0.13795700669288635
0.17969569563865662
0.11203309893608093
0.21598628163337708
0.1199723333120346
3.0171682834625244
0.12745614349842072
0.11278269439935684
0.1574348509311676
0.11758236587047577
0.10794895142316818
0.1270228624343872
0.09195420891046524
0.12988367676734924
0.179528146982193
0.20631088316440582
0.12572190165519714
0.1280781328678131
0.23853082954883575
0.1164453998208046
0.1076759397983551
0.09217303991317749
0.17165504395961761
0.12820348143577576
0.11243800818920135
0.10483106225728989
0.16941651701927185
0.123698890209198
0.13111020624637604
0.134879931807518
0.19019703567028046
0.10947775840759277
0.13990291953086853
0.11649429053068161
0.09108532965183258
0.1595885306596756
0.129543736577034
0.13559919595718384
0.10729046165943146
0.12667404115200043
0.1723657250404358
0.10531310737133026
0.2271043062210083
0.1090315505862236
0.15233218669891357
0.11822056025266647
0.1290365308523178
0.19077184796333313
0.10721088945865631
1.3386223316192627
0.12908987700939178
0.11771711707115173
3.181837558746338
0.20198805630207062
0.11330076307058334
0.10425867885351181
0.12038062512874603
0.21048776805400848
0.12443939596414566
0.12468840926885605
0.12749117612838745
0.08489734679460526
0.23433876037597656
0.10234080255031586
0.07794969528913498
0.14795342087745667
0.11631026864051819
0.12051010131835938
0.13545827567577362
0.11114617437124252
0.14857903122901917
0.1398484706878662
0.09870011359453201
0.12067937850952148
0.12228947132825851
0.12349606305360794
0.13669687509536743
0.09755727648735046
0.1929587870836258
0.10380462557077408
0.11805284023284912
0.12386859208345413
0.1264003962278366
0.11550141125917435
0.12533162534236908
0.10946622490882874
0.11595980077981949
0.0915084183216095
0.11743282526731491
0.13022194802761078
0.1137106716632843
0.095005564391613
0.10145031660795212
0.13224269449710846
0.1525670439004898
0.13862334191799164
0.09343250095844269
0.11128028482198715
0.22412899136543274
0.17662465572357178
0.11536258459091187
0.14386039972305298
0.13174046576023102
0.23859991133213043
0.08164820820093155
0.13113555312156677
0.21104830503463745
0.11645027250051498
0.12373477965593338
0.24126243591308594
0.19076748192310333
0.08397668600082397
0.26803526282310486
0.20355910062789917
0.17451724410057068
0.21849697828292847
0.21906033158302307
0.18103301525115967
0.13136371970176697
0.1000799685716629
0.19113092124462128
0.08652820438146591
0.1243298202753067
0.1441541314125061
0.1743885576725006
0.1494482010602951
0.12471354007720947
0.10474153608083725
0.27203068137168884
0.1818784773349762
0.139498770236969
0.09322983026504517
0.22765614092350006
0.38111263513565063
0.1572055220603943
0.16094271838665009
0.11350810527801514
0.16185694932937622
0.1850157380104065
1.156014084815979
0.18293790519237518
0.12931622564792633
0.14295357465744019
0.15764448046684265
0.10194192826747894
0.09996026009321213
0.18639126420021057
0.10688742995262146
0.13707460463047028
0.11572812497615814
0.08020605891942978
0.07856539636850357
0.12621469795703888
0.17475244402885437
2.0616040229797363
0.15144504606723785
0.08276684582233429
0.14073970913887024
0.1457398384809494
0.2596781253814697
0.10865910351276398
0.11141631007194519
0.14266633987426758
0.0971067026257515
0.10342392325401306
0.08621159940958023
0.12253519147634506
0.11249904334545135
0.09793193638324738
0.09606921672821045
0.09805018454790115
0.08726708590984344
0.09490303695201874
0.12788815796375275
0.10024941712617874
0.11428456753492355
0.09564884752035141
0.0999898612499237
0.08968660235404968
0.12189655750989914
0.11156576126813889
0.08432022482156754
0.13219031691551208
0.07554597407579422
0.11759178340435028
0.09371266514062881
0.09869767725467682
0.10718260705471039
0.1266728788614273
0.11366736143827438
0.10392937064170837
0.1281837373971939
0.08392766863107681
0.11133121699094772
0.12810549139976501
0.12353455275297165
0.10887682437896729
0.13293473422527313
0.0972972959280014
0.10974861681461334
0.09061041474342346
0.11146052926778793
0.11671517044305801
0.1131819412112236
0.08844511955976486
4.039898872375488
0.10114338248968124
0.11163625121116638
0.102104552090168
0.08834134042263031
0.08811701089143753
0.11919286847114563
0.10305944085121155
0.11797148734331131
0.11463240534067154
0.114015132188797
0.07864338159561157
0.12055778503417969
0.10520774871110916
0.10024741291999817
0.07668858766555786
0.10162879526615143
0.10919725149869919
1.3136398792266846
0.07661525905132294
0.09845982491970062
0.06066625192761421
0.0907287448644638
0.0644042119383812
0.09066291898488998
0.06387598812580109
0.06084481254220009
0.08353595435619354
0.0953744649887085
0.07835279405117035
0.09129826724529266
0.07744302600622177
0.09619747847318649
0.08380091935396194
0.09833279997110367
0.07234305143356323
0.09175734221935272
0.0789039209485054
0.11539678275585175
0.06836702674627304
0.08724044263362885
0.08205656707286835
0.07437646389007568
0.08603550493717194
0.09108249098062515
0.09407325834035873
0.08393236994743347
1.4916435480117798
0.0811203196644783
0.06663559377193451
0.07577921450138092
0.09443170577287674
2.2947821617126465
0.07720926403999329
0.16559948027133942
0.10234788060188293
0.09611105173826218
0.07301099598407745
0.06822921335697174
0.09448043256998062
0.09442540258169174
0.09614171087741852
0.09671986103057861
0.08051518350839615
0.17465026676654816
0.09215962141752243
0.08257201313972473
0.10223915427923203
0.18859051167964935
0.07237672060728073
0.08565046638250351
0.10496658086776733
0.07051615417003632
0.08741490542888641
0.08459710329771042
0.06381537765264511
0.09731390327215195
0.06953895092010498
0.09221552312374115
0.0730501264333725
0.07630171626806259
0.10948660969734192
0.07081981748342514
0.13507726788520813
0.09613063186407089
0.10182707011699677
0.10683625936508179
0.12374264746904373
0.12071200460195541
0.0908491462469101
0.13883696496486664
0.11503805965185165
0.14537259936332703
0.09674996137619019
0.1284170150756836
0.09746644645929337
0.09299023449420929
0.09347375482320786
0.15212205052375793
0.11267532408237457
2.3945200443267822
0.0812256708741188
0.08996657282114029
0.11512140184640884
0.12396606057882309
0.11090834438800812
0.09561311453580856
0.09606165438890457
0.09387509524822235
0.11232133209705353
0.11049303412437439
0.12680354714393616
2.7779171466827393
0.12043693661689758
0.142826110124588
0.10063859075307846
0.11344054341316223
0.09902968257665634
0.08050355315208435
0.1378006488084793
0.14908963441848755
0.11154620349407196
0.10334189236164093
0.1082824245095253
0.10882022976875305
0.10167227685451508
0.09822213649749756
0.08469071984291077
0.118095263838768
0.09359529614448547
0.12152581661939621
0.11180627346038818
0.10182508826255798
0.126576229929924
0.09351518005132675
0.14684708416461945
0.09186043590307236
0.08249302208423615
0.09277360886335373
0.09533828496932983
0.08351217955350876
0.13415773212909698
0.11111130565404892
0.08153335005044937
0.09652367234230042
0.08193246275186539
0.12748759984970093
0.092411108314991
0.18185947835445404
0.09385690093040466
0.1403304636478424
0.10512150079011917
0.0842079296708107
0.09666404873132706
0.09866613149642944
0.12109266966581345
0.09887132048606873
0.09690497070550919
0.08306434750556946
0.09851749241352081
0.10816913098096848
0.11548804491758347
0.09386637806892395
0.1317576766014099
0.09101177752017975
0.07452001422643661
0.10318424552679062
0.07268473505973816
0.1429464966058731
0.08095986396074295
0.103301502764225
0.07081899046897888
0.12899281084537506
0.09147123992443085
0.19996093213558197
0.1253645122051239
0.08665116876363754
0.142074316740036
0.11228779703378677
0.08320814371109009
0.11215274035930634
0.09544753283262253
0.12244555354118347
0.10096507519483566
0.15372797846794128
0.13871921598911285
0.09545400738716125
2.5354862213134766
0.07780685275793076
0.0892755538225174
0.07752184569835663
2.5585501194000244
0.0922890231013298
0.09565846621990204
0.1366109997034073
0.06991264969110489
0.09941622614860535
0.07746373116970062
0.09372096508741379
0.07435981929302216
0.09305927902460098
0.11739102751016617
0.12993784248828888
0.13820874691009521
0.11900470405817032
0.10245594382286072
0.08897726237773895
0.0814109668135643
0.1397418975830078
0.09971394389867783
0.09585338085889816
0.12111815810203552
0.15858490765094757
1.3043383359909058
0.1789175271987915
0.12156382948160172
0.1214064434170723
0.18666209280490875
0.19082050025463104
0.16617971658706665
0.1360800713300705
0.17217124998569489
0.1648598611354828
0.24375437200069427
0.17642134428024292
0.13986840844154358
0.23470906913280487
0.28516748547554016
0.1487993448972702
0.12839281558990479
0.11283744126558304
0.1858815997838974
0.16956183314323425
0.1605101376771927
0.21002596616744995
0.1927296221256256
0.1586647480726242
0.1839972883462906
0.14145468175411224
0.11940550059080124
0.11533857882022858
0.12386402487754822
0.13521921634674072
0.12890931963920593
0.18290266394615173
0.09444284439086914
0.13054266571998596
0.12973915040493011
0.17376737296581268
0.11674486100673676
0.1137283518910408
1.8507025241851807
0.18003012239933014
0.100986547768116
0.1486826390028
3.6436996459960938
0.11922081559896469
0.14284805953502655
0.1682477444410324
0.2066638022661209
0.16451478004455566
0.17693378031253815
0.11407183855772018
0.12754957377910614
0.2048591524362564
0.13910427689552307
0.18169884383678436
0.12688766419887543
0.17217569053173065
0.1071539893746376
0.14050248265266418
0.14278988540172577
0.10088394582271576
0.1752835214138031
0.15730160474777222
0.1575000137090683
0.14846989512443542
0.14842800796031952
0.13199619948863983
0.15610240399837494
0.1395934373140335
0.08997390419244766
0.22004076838493347
0.11194218695163727
1.660487174987793
0.06737302243709564
0.09692849963903427
0.12134043872356415
0.06985273212194443
0.11575689911842346
0.10796373337507248
0.7280887365341187
0.10341968387365341
0.08785510063171387
0.10099658370018005
0.1334095001220703
0.1285334974527359
0.08066882193088531
0.12142501771450043
0.0880243331193924
0.09017262607812881
0.1285845786333084
0.08013752102851868
0.10706736892461777
0.17674750089645386
0.13563191890716553
0.1571471095085144
0.08233265578746796
0.11113763600587845
0.13103650510311127
0.08934178948402405
0.09040715545415878
0.07962370663881302
0.10763214528560638
0.10158416628837585
0.07315646857023239
0.08881091326475143
0.12825465202331543
0.1135304868221283
0.09091378003358841
0.14298945665359497
0.14897887408733368
0.10164927691221237
0.1453261822462082
0.10664167255163193
0.14014774560928345
0.10939369350671768
0.09094609320163727
0.09869631379842758
0.10942153632640839
0.12104065716266632
0.11954499781131744
0.1371164321899414
0.1918013095855713
0.13709330558776855
0.12588362395763397
0.10161754488945007
0.088033527135849
0.08778268098831177
0.20501382648944855
0.11428958922624588
0.1250630021095276
0.1471499651670456
0.1392962634563446
0.1456371247768402
0.1822531372308731
0.14604711532592773
0.17515583336353302
6.531560897827148
0.132783442735672
0.12993945181369781
0.15482282638549805
0.1845654845237732
0.1262815296649933
0.12268778681755066
0.10490114986896515
0.14584147930145264
0.12271589040756226
0.1525663137435913
0.11138878017663956
0.12922242283821106
0.16280703246593475
0.12472862005233765
0.13356247544288635
0.12583498656749725
0.14167149364948273
0.18660397827625275
0.1413116753101349
0.15791387856006622
0.15761861205101013
0.1256771832704544
0.10341475903987885
0.13453775644302368
0.08942011743783951
0.17286910116672516
0.10592935979366302
0.1343737542629242
0.20421865582466125
0.16765207052230835
0.15921489894390106
0.2047715187072754
0.24971938133239746
0.16189563274383545
0.16217483580112457
0.1528080552816391
0.10033466666936874
0.16129754483699799
0.16151486337184906
0.15933756530284882
0.12738867104053497
0.2310486137866974
0.17492911219596863
0.11857637763023376
0.1249108761548996
0.12093893438577652
0.12942148745059967
0.14505594968795776
0.37773025035858154
0.1683988720178604
0.11425845324993134
0.1729697734117508
0.1055753082036972
0.19668272137641907
