0.025119975209236145
0.006812276318669319
0.01336545031517744
0.02802160568535328
0.040490444749593735
0.033469054847955704
0.01873500645160675
0.05239386111497879
0.08444660902023315
0.033995769917964935
0.015119802206754684
0.04065487161278725
0.023196715861558914
0.04976056516170502
0.017292451113462448
0.3906196653842926
0.04636605083942413
0.058702487498521805
0.1661909818649292
0.027322184294462204
0.030078765004873276
0.01598462089896202
0.008856073021888733
0.0415923073887825
0.04069359600543976
0.001738712890073657
0.021335596218705177
0.02847047708928585
0.0398670956492424
0.008778221905231476
0.1957390308380127
0.10274089872837067
0.060397882014513016
0.0015413932269439101
0.010137753561139107
0.028004921972751617
0.017850292846560478
0.03522405028343201
0.024684883654117584
0.05173317342996597
0.036551058292388916
0.02682812325656414
0.028545282781124115
0.03301095962524414
0.01955840177834034
0.01096609327942133
0.02407710999250412
0.2654043734073639
0.001645467011258006
0.030851194635033607
0.02617831341922283
0.0857517346739769
0.055350564420223236
0.05229739844799042
0.0017776746535673738
0.029929649084806442
0.026654770597815514
0.02063901536166668
0.07858335226774216
0.04481915757060051
0.008562720380723476
0.030985035002231598
0.019121434539556503
0.06829490512609482
0.016148731112480164
0.012344724498689175
0.03777388483285904
0.020682021975517273
0.019126668572425842
0.06016648933291435
0.016384044662117958
0.22118718922138214
0.03412464261054993
0.053786590695381165
0.006715200841426849
0.07137372344732285
0.06221853569149971
0.03330023214221001
0.0138880405575037
0.0015717681962996721
0.2060028463602066
0.007841680198907852
0.015813732519745827
0.028330959379673004
0.039916977286338806
0.01485024020075798
0.025495953857898712
0.12463904172182083
0.047957681119441986
0.03887510672211647
0.12026041746139526
0.019032640382647514
0.07103678584098816
0.031060531735420227
0.09375140815973282
0.018424950540065765
0.011197901330888271
0.03148215636610985
0.024045679718255997
0.08097147941589355
0.03835224360227585
0.00871102511882782
0.04456979036331177
0.04112155735492706
0.02258063666522503
0.034956954419612885
0.005598003044724464
0.0014916595537215471
0.043520618230104446
0.003571118926629424
0.025826891884207726
0.0369797982275486
0.0950070470571518
0.02957574836909771
0.024459343403577805
0.03403954580426216
0.03430989384651184
0.0313861183822155
0.0188065804541111
0.15784990787506104
0.1028268113732338
0.001647268421947956
0.016394207254052162
0.03183941915631294
0.028216926380991936
0.013736773282289505
0.058962516486644745
0.04592461511492729
0.0775071457028389
0.038612041622400284
0.023252874612808228
0.016909794881939888
0.034428320825099945
0.022634433582425117
0.016637274995446205
0.07422588020563126
0.02682344615459442
0.04067906364798546
0.016413699835538864
0.033990614116191864
0.05566084384918213
0.038614217191934586
0.030308008193969727
0.0336906798183918
0.05161934718489647
0.047154925763607025
0.044822465628385544
0.0008221968892030418
0.031182095408439636
0.008073976263403893
0.001660853042267263
0.09779773652553558
0.060742031782865524
0.032343585044145584
0.06164826452732086
0.03944263234734535
0.012470423243939877
0.039192792028188705
0.06663290411233902
0.05179010331630707
0.013010076247155666
0.018169740214943886
0.07617274671792984
0.042737554758787155
0.03386474773287773
0.03924331068992615
0.04555976390838623
0.10035496950149536
0.031714554876089096
0.08421570807695389
0.05328057333827019
0.047266121953725815
0.027466628700494766
0.02421567216515541
0.028272325173020363
0.06805626302957535
0.029196595773100853
0.022018518298864365
0.044935986399650574
0.05656687915325165
0.027604268863797188
0.056335415691137314
0.029704049229621887
0.01819644123315811
0.027086550369858742
0.02871246635913849
0.0345885306596756
0.0416083037853241
0.060467690229415894
0.025681935250759125
0.0266743004322052
0.018062379211187363
0.04110395163297653
0.05520894005894661
0.09663404524326324
0.019254004582762718
0.021841121837496758
0.07991011440753937
0.0967935100197792
0.025284212082624435
0.05851665511727333
0.03762371093034744
0.060282330960035324
0.05424148589372635
0.020001839846372604
0.011011442169547081
0.0008637779392302036
0.04484250396490097
0.06241876631975174
0.017699990421533585
0.020554309710860252
0.1000724583864212
0.07806103676557541
0.03630545735359192
0.04050324484705925
0.028038013726472855
0.0024802549742162228
0.04614385962486267
0.07005114108324051
0.03310871124267578
0.08808287978172302
0.07704941928386688
0.04827520623803139
0.02839425951242447
0.016563385725021362
0.0813668817281723
0.039973050355911255
0.02493288926780224
0.10710523277521133
0.06944237649440765
0.01028047688305378
0.05966319888830185
0.05004953593015671
0.04408565163612366
0.05817357823252678
0.018712790682911873
0.047594889998435974
0.026842759922146797
0.05003559961915016
0.03745247796177864
0.04173358529806137
0.0013424106873571873
0.038399431854486465
0.023321807384490967
0.02299337275326252
0.05087124556303024
0.03735707327723503
0.02108869142830372
0.01978897675871849
0.02627076767385006
0.007403658702969551
0.0452030673623085
0.017582440748810768
0.033403217792510986
0.039362646639347076
0.03185722231864929
0.03154071420431137
0.06770795583724976
0.052997756749391556
0.035927269607782364
0.00565450731664896
0.003055937821045518
0.006458038929849863
0.0010358388535678387
0.037968359887599945
0.0563618540763855
0.0657973662018776
0.002351135481148958
0.023677783086895943
0.017204809933900833
0.0562092624604702
0.08722030371427536
0.03130338713526726
0.028887178748846054
0.03800887241959572
0.011438360437750816
0.008913921192288399
0.024151958525180817
0.016022147610783577
0.033038001507520676
0.02964063733816147
0.038952019065618515
0.05246672406792641
0.04337097704410553
0.016776075586676598
0.027879763394594193
0.019389910623431206
0.07955404371023178
0.06025811284780502
0.020117884501814842
0.021465029567480087
0.019290296360850334
0.10348861664533615
0.02644464001059532
0.05222887173295021
0.016778266057372093
0.020195579156279564
0.0682622417807579
0.0017059710808098316
0.0401865653693676
0.02254653535783291
0.0622938871383667
0.02846774272620678
0.001398123218677938
0.02158164419233799
0.006588980555534363
0.046237487345933914
0.02347833663225174
0.04019460827112198
0.04467388615012169
0.030807407572865486
0.04208778217434883
0.036328207701444626
0.03558848798274994
0.0340055376291275
0.04911139979958534
0.037612106651067734
0.03756006434559822
0.0015600294573232532
0.03332071378827095
0.018274135887622833
0.09483373165130615
0.016154345124959946
0.040810905396938324
0.010609465651214123
0.017265986651182175
0.028466397896409035
0.03558351472020149
0.05379103124141693
0.04089920595288277
0.010188611224293709
0.022027770057320595
0.07783439010381699
0.01716643013060093
0.08743222057819366
0.06215301901102066
0.02169308066368103
0.06187445670366287
0.09528672695159912
0.04441314935684204
0.0015402748249471188
0.16408297419548035
0.011046227067708969
0.06387996673583984
0.03292113542556763
0.03331032395362854
0.025847719982266426
0.06917372345924377
0.03753291442990303
0.05086587369441986
0.07728126645088196
0.02159029431641102
0.02622026577591896
0.03540707752108574
0.028619272634387016
0.06943851709365845
0.031921498477458954
0.034800413995981216
0.05483783408999443
0.015904134139418602
0.029533907771110535
0.019388357177376747
0.029416870325803757
0.13760501146316528
0.11097037047147751
0.03147582709789276
0.0016667814925312996
0.25195935368537903
0.023502081632614136
0.017291318625211716
0.029017282649874687
0.0007031825953163207
0.08900801092386246
0.023558810353279114
0.026055429130792618
0.013427035883069038
0.026334960013628006
0.03261721506714821
0.018910681828856468
0.016825199127197266
0.021091453731060028
0.012315328232944012
0.03751399368047714
0.026462841778993607
0.022890999913215637
0.017368458211421967
0.0007380289607681334
0.09038731455802917
0.010642233304679394
0.04397890344262123
0.053120654076337814
0.004483572673052549
0.05928529053926468
0.05558541417121887
0.0006392126088030636
0.14476409554481506
0.0007593155023641884
0.033151544630527496
0.0428927019238472
0.08250322937965393
0.03157903999090195
0.08014161884784698
0.029437869787216187
0.056246474385261536
0.025169577449560165
0.03071647137403488
0.012604225426912308
0.024338969960808754
0.026626940816640854
0.02902251109480858
0.05842207744717598
0.03691496700048447
0.023320641368627548
0.0192811731249094
0.06162237375974655
0.010788153856992722
0.011302324943244457
0.030116716399788857
0.0015530124073848128
0.04006537050008774
0.04552696272730827
0.03284931555390358
0.01970805786550045
0.038560040295124054
0.043615300208330154
0.02190103940665722
0.042752254754304886
0.057434942573308945
0.012484528124332428
0.03400331363081932
0.04149368032813072
0.05599645525217056
0.04752866551280022
0.02961117960512638
0.09319742023944855
0.044437162578105927
0.0039316145703196526
0.011758390814065933
0.03576144203543663
0.006442624144256115
0.007094893138855696
0.018139170482754707
0.019704796373844147
0.02933516912162304
0.053205691277980804
0.01375817134976387
0.0195198655128479
0.046088073402643204
0.027470387518405914
0.01352765318006277
0.0013040160993114114
0.0013597331708297133
0.008366185240447521
0.033707134425640106
0.04235321655869484
0.029420705512166023
0.06017857417464256
0.0589471198618412
0.8367976546287537
0.014476408250629902
0.09464167803525925
0.028718281537294388
0.027855444699525833
0.0015351740876212716
0.013327307999134064
0.026289837434887886
0.035244185477495193
0.033170975744724274
0.037252675741910934
0.03256625309586525
0.03806217014789581
0.04911619424819946
0.048234790563583374
0.15161161124706268
0.012576701119542122
0.02212771400809288
0.02153640054166317
0.033357616513967514
0.02182900905609131
0.06096285581588745
0.027523554861545563
0.0018296348862349987
0.057278070598840714
0.043300528079271317
0.03182419762015343
0.025370173156261444
0.027654025703668594
0.02233324944972992
0.037613995373249054
0.05538562312722206
0.02932068705558777
0.05013309419155121
0.04127854108810425
0.039328452199697495
0.0008045222493819892
0.0357893705368042
0.04071331024169922
0.019352899864315987
0.030421748757362366
0.02180533856153488
0.18903377652168274
0.037779878824949265
0.0012251690495759249
0.0693301409482956
0.03267563134431839
0.048137910664081573
0.021454624831676483
0.034679315984249115
0.07814569026231766
0.03749752789735794
0.06861841678619385
0.0015799019020050764
0.03749250993132591
0.04482197389006615
0.03425655886530876
0.0020221697632223368
0.027591275051236153
0.03986192122101784
0.035276636481285095
0.037161171436309814
0.06020683795213699
0.012765697203576565
0.02109798602759838
0.034121666103601456
0.06110326573252678
0.021483194082975388
0.06126013398170471
0.04521910473704338
0.0594821572303772
0.030909178778529167
0.0015789850149303675
0.07951322197914124
0.027426041662693024
0.01052600797265768
0.08497451990842819
0.010812531225383282
0.01647062413394451
0.0033198853489011526
0.0217328742146492
0.03566865250468254
0.0013828026130795479
0.020804952830076218
0.09267830848693848
0.007982720620930195
0.015471059828996658
0.037538934499025345
0.0023473103065043688
0.23209324479103088
0.019579662010073662
0.0006856442196294665
0.05332065373659134
0.020128043368458748
0.014677714556455612
0.007189210969954729
0.02422798052430153
0.028692109510302544
0.0946015790104866
0.06696443259716034
0.0869651585817337
0.0300922729074955
0.03720187768340111
0.06756087392568588
0.001662831287831068
0.05317692458629608
0.08132179081439972
0.03569042310118675
0.036271609365940094
0.041586048901081085
0.04239870607852936
0.018149444833397865
0.012974927201867104
0.05135628581047058
0.01503852941095829
0.012173117138445377
0.024831529706716537
0.04980822280049324
0.046454280614852905
0.032257456332445145
0.047258488833904266
0.015254137106239796
0.052721116691827774
0.05687558650970459
0.009868370369076729
0.03969796001911163
0.023610681295394897
0.026370108127593994
0.02070467174053192
0.034848932176828384
0.04604671522974968
0.03563607856631279
0.014133406803011894
0.06901916861534119
0.02630746364593506
0.04680725187063217
0.041531097143888474
0.008224866352975368
0.03549336642026901
0.03324228897690773
0.027383938431739807
0.027908096089959145
0.011852829717099667
0.0020264897029846907
0.04183242470026016
0.02799973264336586
0.018501577898859978
0.048968248069286346
0.051292240619659424
0.0020387310069054365
0.05866646394133568
0.03778437525033951
0.07278656214475632
0.01647772453725338
0.004712349269539118
0.0183149091899395
0.022589748725295067
0.0008191352244466543
0.03627792373299599
0.01732875034213066
0.03293443098664284
0.04262050613760948
0.06257336586713791
0.031017277389764786
0.005110483150929213
0.03209624066948891
0.03598039224743843
0.0518549345433712
0.05050235241651535
0.026303330436348915
0.0017633663956075907
0.002136962953954935
0.022204186767339706
0.056862637400627136
0.09390707314014435
0.01603066734969616
0.01575511321425438
0.019357262179255486
0.026181556284427643
0.024302249774336815
0.024606216698884964
0.028785336762666702
0.03687093406915665
0.016631226986646652
0.0300480704754591
0.049445781856775284
0.02378336526453495
0.0312870629131794
0.030720636248588562
0.004082691390067339
0.08294426649808884
0.01734922081232071
0.027517562732100487
0.0438542366027832
0.023770786821842194
0.008701528422534466
0.020493298768997192
0.01073615625500679
0.06770969927310944
0.039618320763111115
0.0456644669175148
0.047992199659347534
0.05587787926197052
0.024177636951208115
0.06120416894555092
0.014709750190377235
0.10810182988643646
0.008892150595784187
0.04598560556769371
0.060360122472047806
0.01363058015704155
0.05496744066476822
0.04735370725393295
0.02313355542719364
0.035003360360860825
0.015104973688721657
0.06932887434959412
0.030698705464601517
0.030708538368344307
0.024055659770965576
0.0957106277346611
0.002765483222901821
0.03388584777712822
0.0008820206858217716
0.05372171103954315
0.0019424769561737776
0.04592800512909889
0.019438251852989197
0.05015674605965614
0.05726645886898041
0.1204310730099678
0.010031362064182758
0.032949190586805344
0.02081313543021679
0.07110302895307541
0.0369669608771801
0.05695895105600357
0.040779050439596176
0.02231372706592083
0.036149702966213226
0.06292944401502609
0.0671139657497406
0.024293335154652596
0.018979893997311592
0.027996551245450974
0.022968482226133347
0.04934835433959961
0.00952671468257904
0.012724722735583782
0.031646065413951874
0.05097215622663498
0.06308381259441376
0.07392388582229614
0.022985069081187248
0.03789446875452995
0.027016546577215195
0.027357853949069977
0.005072380416095257
0.043944381177425385
0.07130803912878036
0.055350564420223236
0.0022046666126698256
0.0132827777415514
0.09087423980236053
0.018283389508724213
0.04484626278281212
0.03565816581249237
0.02238650992512703
0.019124839454889297
0.05263775587081909
0.02139122225344181
0.04812271147966385
0.0689672902226448
0.0013289254857227206
0.05495482683181763
0.04399724677205086
0.11520035564899445
0.016992338001728058
0.012661038897931576
0.10244354605674744
0.053517796099185944
0.021133583039045334
0.023944543674588203
0.04195069894194603
0.04040633141994476
0.012116199359297752
0.04102581739425659
0.06609577685594559
0.048820365220308304
0.11900875717401505
0.02862945757806301
0.14488808810710907
0.05489454045891762
0.02038007229566574
0.024826131761074066
0.021900271996855736
0.04014424979686737
0.03646005317568779
0.048390209674835205
0.03767653554677963
0.04840712249279022
0.0016533341258764267
0.040694717317819595
0.001537524862214923
0.060700420290231705
0.010443402454257011
0.04329675808548927
0.02789001353085041
0.044186703860759735
0.028817996382713318
0.0765678659081459
0.01049960870295763
0.02116577699780464
0.053685009479522705
0.031915757805109024
0.011328386142849922
0.029712747782468796
0.01582680456340313
0.050711747258901596
0.0353640615940094
0.0697525292634964
0.09043905138969421
0.08755281567573547
0.028200477361679077
0.023037714883685112
0.08762794733047485
0.024025600403547287
0.061071716248989105
0.018635839223861694
0.03995628282427788
0.015978123992681503
0.017183130607008934
0.06383789330720901
0.05112507939338684
0.03444922715425491
0.029051391407847404
0.052742671221494675
0.07445903867483139
0.09911567717790604
0.01723826676607132
0.033313341438770294
0.018872002139687538
0.06413015723228455
0.01862880028784275
0.0253970418125391
0.07845334708690643
2.71418833732605
0.02550002746284008
0.07359422743320465
0.017037129029631615
0.0725376158952713
0.016325172036886215
0.06797794252634048
0.049405306577682495
0.0350484736263752
0.025113005191087723
0.032802678644657135
0.06561469286680222
0.019764266908168793
0.04395831376314163
0.049357108771800995
0.035253774374723434
0.0022151577286422253
0.044338975101709366
0.023231271654367447
0.02237875573337078
0.05061480030417442
0.04598120599985123
0.026149891316890717
0.06329156458377838
0.022007260471582413
0.011361714452505112
0.004444564692676067
0.04638037085533142
0.025798160582780838
0.01062972191721201
0.048586539924144745
0.03810879960656166
0.031384557485580444
0.02979467622935772
0.03139255568385124
0.005127421580255032
0.00047869078116491437
0.035168446600437164
0.0252065472304821
0.057378288358449936
0.020090347155928612
0.028561558574438095
0.14315690100193024
0.014332503080368042
0.031915292143821716
0.012070286087691784
0.06161929666996002
0.05928929150104523
0.059376563876867294
0.04632183536887169
0.03437890484929085
0.11138111352920532
0.018785396590828896
0.014111981727182865
0.02999717928469181
0.12029419094324112
0.06534060090780258
0.010130603797733784
0.01316231582313776
0.0015474236570298672
0.08006342500448227
0.06671897321939468
0.046138279139995575
0.02082640305161476
0.012005871161818504
0.025451190769672394
0.009512882679700851
0.02717176079750061
0.032499395310878754
0.019989266991615295
0.060634270310401917
0.02173938974738121
0.040615905076265335
0.06308724731206894
0.0022021294571459293
0.15806923806667328
0.0356990285217762
0.06961101293563843
0.023024840280413628
0.052942290902137756
0.009113018400967121
0.04484397545456886
0.01576794683933258
0.021184245124459267
0.021839510649442673
0.07131174951791763
0.04041650518774986
0.07138819992542267
0.013248676434159279
0.06548991054296494
0.015251997858285904
0.04650992155075073
0.026166053488850594
0.04342763498425484
0.07292445003986359
0.017543187364935875
0.003971559461206198
0.031753767281770706
0.03468312323093414
0.04394173622131348
0.003358660964295268
0.021984996274113655
0.02327137067914009
0.022208964452147484
0.039237428456544876
0.020969290286302567
0.005585370119661093
0.044504210352897644
0.007912191562354565
0.04008318856358528
0.017778491601347923
0.021387211978435516
0.04977818578481674
0.02894682064652443
0.23325887322425842
0.038869887590408325
0.015091205947101116
0.008000113070011139
0.05646012723445892
0.0029134112410247326
0.007884107530117035
0.0732019767165184
0.2371346801519394
0.014700601808726788
0.04034308344125748
0.07885819673538208
0.04918166249990463
0.03267720341682434
0.0027276615146547556
0.029880665242671967
0.026640791445970535
0.022175995633006096
0.025544818490743637
0.03156236931681633
0.07331479340791702
0.01878958009183407
0.007688513491302729
0.017301825806498528
0.027580108493566513
0.0361800380051136
0.01808965764939785
0.012357360683381557
0.13497596979141235
0.1501273363828659
0.0402095764875412
0.028928278014063835
0.031112007796764374
0.016322406008839607
0.01719558797776699
0.14618127048015594
0.025109564885497093
0.04477263242006302
0.06972571462392807
0.04961179941892624
0.04259999096393585
0.03052639402449131
0.0029192522633820772
0.02812286838889122
0.0346931554377079
0.021005967631936073
0.0011378192575648427
0.014569872058928013
0.020406004041433334
0.005538776516914368
0.07833033055067062
0.049723342061042786
0.011277816258370876
0.014885224401950836
0.2180948704481125
0.05384951829910278
0.021829761564731598
0.035082895308732986
0.005679639521986246
0.019494706764817238
0.024089181795716286
0.05422651022672653
0.05080121010541916
0.01017111074179411
0.04074736684560776
0.0630052387714386
0.0623069703578949
0.06768210977315903
0.024511808529496193
0.02358265221118927
0.04652263969182968
0.00204305537045002
0.017370883375406265
0.024541819468140602
0.0017114607617259026
0.03263251855969429
0.06867968291044235
0.021274257451295853
0.060051653534173965
0.026307787746191025
0.029588738456368446
0.12378054112195969
0.05917229503393173
0.06234392896294594
0.0013870235998183489
0.00416287686675787
0.05396400764584541
0.02205796167254448
0.0028262597043067217
0.03240812197327614
0.09511144459247589
0.016125645488500595
0.11628855764865875
0.012378176674246788
0.03761368989944458
0.042214326560497284
0.0394178181886673
0.07966531813144684
0.03704315423965454
0.020002197474241257
0.02765517309308052
0.09136221557855606
0.015714488923549652
0.03163589909672737
0.059205859899520874
0.023416966199874878
0.03821953758597374
0.013627689331769943
0.02743391878902912
0.04741884768009186
0.036487750709056854
0.03638994321227074
0.06430885940790176
0.09004615992307663
0.03613344952464104
0.028129374608397484
0.05752788111567497
0.029058855026960373
0.0019051614217460155
0.021100854501128197
0.02893945388495922
0.013691218569874763
0.05641544982790947
0.03302605822682381
0.047344014048576355
0.035710953176021576
0.023786140605807304
0.04104766622185707
0.01904086396098137
0.044890955090522766
0.0270527396351099
0.016519544646143913
0.05159933865070343
0.0267535001039505
0.02987615577876568
0.029975416138768196
0.0388290211558342
0.05168551951646805
0.06794034689664841
0.03683403879404068
0.013258283957839012
0.023323848843574524
0.04750654101371765
0.02942558564245701
0.06714364141225815
0.014512711204588413
0.08862417936325073
0.13368654251098633
0.022229021415114403
0.02010231465101242
0.007428692188113928
0.02021496184170246
0.02497621439397335
0.02312677726149559
0.004821811802685261
0.06444551050662994
0.002378864213824272
0.0437808483839035
0.19679532945156097
0.008354289457201958
0.012797504663467407
0.037761375308036804
0.05286362022161484
0.028045805171132088
0.08085033297538757
0.06551135331392288
0.04678477719426155
0.06561832129955292
0.06476789712905884
0.061461273580789566
0.022002462297677994
0.015302239917218685
0.0016375757986679673
0.06407907605171204
0.028542831540107727
0.04336395859718323
0.04628804326057434
0.03787333518266678
0.016486618667840958
0.0480462908744812
0.00706602493301034
0.03164256364107132
0.03870349004864693
0.04667603224515915
0.04517773911356926
0.009703660383820534
0.176479309797287
0.0010528403799980879
0.03349543735384941
0.019697854295372963
0.015498264692723751
0.043186645954847336
0.008711609058082104
0.05305667966604233
0.04500691965222359
0.050586946308612823
0.06938169151544571
0.031061263754963875
0.009965404868125916
0.029444316402077675
0.032273147255182266
0.0285114087164402
0.014679176732897758
0.01955018937587738
0.01869768090546131
0.026470422744750977
0.031524013727903366
0.0677483007311821
0.0009096951107494533
0.0275691207498312
0.021822046488523483
0.00753496028482914
0.022005772218108177
0.029078809544444084
0.014629635028541088
0.026329584419727325
0.03210999816656113
0.06788884848356247
0.06382453441619873
0.047459304332733154
0.032290536910295486
0.02115572802722454
0.04021074250340462
0.04288315773010254
0.009885353036224842
0.026241594925522804
0.04177142679691315
0.024485109373927116
0.044276535511016846
0.028931299224495888
0.04294216260313988
0.07978244125843048
0.022723447531461716
0.006331147160381079
0.08085252344608307
0.027895724400877953
0.06965930759906769
0.08317539095878601
0.02299388125538826
0.026921890676021576
0.043200038373470306
0.029228659346699715
0.0261058509349823
0.005795788485556841
0.04418330267071724
0.0009160778718069196
0.024400245398283005
0.03564239293336868
0.05195876583456993
0.036768630146980286
0.04720429331064224
0.058124806731939316
0.020096169784665108
0.03950720652937889
0.010563432238996029
0.00809604860842228
0.02562926709651947
0.004926892928779125
0.017620332539081573
0.06008123233914375
0.047427259385585785
0.0668763741850853
0.021061886101961136
0.046660348773002625
0.060956478118896484
0.04803694039583206
0.055109716951847076
0.04290799796581268
0.021660761907696724
0.08958126604557037
0.04835784435272217
0.04183259606361389
0.030096249654889107
0.058243680745363235
0.0508292131125927
0.020817318931221962
0.030991200357675552
0.039107274264097214
0.022667692974209785
0.015979070216417313
0.003842658596113324
0.04780924320220947
0.053323451429605484
0.05244451016187668
0.14666935801506042
0.02210751734673977
0.001534281182102859
0.015766361728310585
0.03693544119596481
0.024681514129042625
0.006165637169033289
0.03215775266289711
0.09643763303756714
0.03962040692567825
0.07314374297857285
0.04423687607049942
0.060414642095565796
0.0032398642506450415
0.04292522370815277
0.007919928058981895
0.01427692361176014
0.11154893040657043
0.009914247319102287
0.024372102692723274
0.13248543441295624
0.027419492602348328
0.00409362418577075
0.016240956261754036
0.042588528245687485
0.013286655768752098
0.10179388523101807
0.03077448345720768
0.009287791326642036
0.035486988723278046
0.0016983626410365105
0.029882127419114113
0.02179059199988842
0.027196630835533142
0.12942704558372498
0.0007106631528586149
0.014078297652304173
0.053112681955099106
0.025546349585056305
0.013636106625199318
0.04637647792696953
0.03359402343630791
0.17096412181854248
0.028777271509170532
0.019887084141373634
0.049910321831703186
0.031794074922800064
0.06019705906510353
0.045023005455732346
0.00129566655959934
0.015470475889742374
0.031356893479824066
0.05663096904754639
0.01317695714533329
0.040749602019786835
0.0009988778037950397
0.03469296917319298
0.009525086730718613
0.03201697766780853
0.04386823996901512
0.0015881790313869715
0.05402686446905136
0.029603054746985435
0.02276272512972355
0.021615542471408844
0.004704735707491636
0.0391104482114315
0.045271135866642
0.0022471738047897816
0.026948627084493637
0.03560991212725639
0.055005911737680435
0.020652277395129204
0.033669136464595795
0.02642374113202095
0.001408834708854556
0.032997146248817444
0.04375080764293671
0.04684029147028923
0.000972528534475714
0.05889549478888512
0.027202723547816277
0.003821959951892495
0.029842844232916832
0.05109025910496712
0.02964114584028721
0.011475992389023304
0.012045209296047688
0.022026680409908295
0.029769618064165115
0.021396782249212265
0.04854072630405426
0.010444816201925278
0.006175776943564415
0.0247347354888916
0.024691032245755196
0.06930243223905563
0.0467374362051487
0.028067590668797493
0.04008026048541069
0.01659412309527397
0.009302695281803608
0.042766325175762177
0.001699694897979498
0.10235860198736191
0.05198005959391594
0.017445793375372887
0.060209739953279495
0.041415005922317505
0.015038469806313515
0.06418944150209427
0.0009814058430492878
0.04814363270998001
0.02573637291789055
0.020285239443182945
0.04674909636378288
0.03333880379796028
0.0686025395989418
0.001243468141183257
0.034685954451560974
0.020905300974845886
0.012503557838499546
0.04957921802997589
0.06958992779254913
0.012374832294881344
0.03575986996293068
0.048721447587013245
0.0561768040060997
0.043855931609869
0.010087834671139717
0.0431244894862175
0.0067251031287014484
0.039366159588098526
0.0014252465916797519
0.041092317551374435
0.018465224653482437
0.059757716953754425
0.028216421604156494
0.0683559700846672
0.015535715036094189
0.020908571779727936
0.031101521104574203
0.05364159122109413
0.03895285353064537
0.06406854093074799
0.034245263785123825
0.013233601115643978
0.01348420511931181
0.01937326230108738
0.049149345606565475
0.058742959052324295
0.018299611285328865
0.023013461381196976
0.001707081450149417
0.007737243082374334
0.0028114537708461285
0.04429498687386513
0.09038962423801422
0.02868388220667839
0.09424269199371338
0.03070691041648388
0.12405557930469513
0.08787502348423004
0.03867199644446373
0.03910118341445923
0.03010767698287964
0.1915290504693985
0.023810984566807747
0.052199285477399826
0.021656805649399757
0.029571834951639175
0.03845859318971634
0.03508759289979935
0.019433461129665375
0.05321111902594566
0.03469447046518326
0.07400495558977127
0.10185547918081284
0.0010778720024973154
0.04113734886050224
0.03281736373901367
0.028141731396317482
0.017645303159952164
0.04167695716023445
0.031593527644872665
0.023995550349354744
0.043002307415008545
0.028477218002080917
0.0603472925722599
0.023202471435070038
0.029559988528490067
0.02014695107936859
0.05449133738875389
0.018783001229166985
0.04761582612991333
0.006250087171792984
0.018034985288977623
0.02537444233894348
0.01531620416790247
0.05021480470895767
0.014730231836438179
0.04160267114639282
0.09019166976213455
0.05921648070216179
0.025987153872847557
0.029801877215504646
0.09369179606437683
0.03412090241909027
0.020764175802469254
0.016725435853004456
0.042859505861997604
0.026121050119400024
0.016043566167354584
0.07049547135829926
0.021670931950211525
0.048430342227220535
0.027649829164147377
0.025852374732494354
0.026955723762512207
0.0249737948179245
0.0551849864423275
0.02730601653456688
0.04912878945469856
0.15865446627140045
0.013181809335947037
0.05085889250040054
0.02910011075437069
0.05655604228377342
0.04194502532482147
0.009302802383899689
0.006777413189411163
0.026269610971212387
0.018291115760803223
0.0022754748351871967
0.0023297970183193684
0.028615884482860565
0.03219526261091232
0.06211013346910477
0.0009019697899930179
0.016461707651615143
0.03379208222031593
0.007829533889889717
0.01891334168612957
0.00544568058103323
0.017819415777921677
0.0762401670217514
0.0194756630808115
0.014981066808104515
0.02752624824643135
0.03609953448176384
0.0853952094912529
0.016290398314595222
0.0006142211495898664
0.03144955262541771
0.0008173287496902049
0.02048891969025135
0.03047996200621128
0.08540460467338562
0.02526674047112465
0.014305301010608673
0.028432011604309082
0.03307891637086868
0.019647961482405663
0.0399627760052681
0.02980678714811802
0.0007533354219049215
0.018304921686649323
0.005545757245272398
0.04446505010128021
0.018764415755867958
0.003180508268997073
0.023849675431847572
0.08763539791107178
0.06188461184501648
0.038374241441488266
0.03637778013944626
0.0019606275018304586
0.027506686747074127
0.026997948065400124
0.0011280912440270185
0.06109778955578804
0.01888969913125038
0.02997313067317009
0.0018409232143312693
0.022789478302001953
0.03657371923327446
0.028070524334907532
0.03999906778335571
0.03739771246910095
0.07143907994031906
0.0012431477662175894
0.0471993014216423
0.046944018453359604
0.017477212473750114
0.06032809242606163
0.04199913144111633
0.10382752120494843
0.0178985632956028
0.027166446670889854
0.0842047706246376
0.0011793323792517185
0.06729832291603088
0.030893830582499504
0.07765407115221024
0.02354675903916359
0.04230493679642677
0.04994291439652443
0.06717833876609802
0.016407493501901627
0.004785481840372086
0.03290250897407532
0.03840063512325287
0.05390828475356102
0.019823221489787102
0.05321439355611801
0.02125653438270092
0.0027865928132086992
0.06111428886651993
0.025668438524007797
0.06690558791160583
0.054595112800598145
0.06890879571437836
0.052361030131578445
0.012416942976415157
0.004672583192586899
0.05913398042321205
0.014936817809939384
0.024179605767130852
0.00977009441703558
0.07557379454374313
0.024373697116971016
0.056530967354774475
0.03745219111442566
0.05797808617353439
0.06869328767061234
0.03866269811987877
0.027987631037831306
0.02260042540729046
0.0681457594037056
0.008276131004095078
0.031349532306194305
0.11465922743082047
0.038729824125766754
0.04445554316043854
0.0006364164873957634
0.058130085468292236
0.050861380994319916
0.0027564819902181625
0.001543308375403285
0.03196388855576515
0.0556008517742157
0.054268546402454376
0.014925755560398102
0.03505925461649895
0.04781471565365791
0.0011446916032582521
0.026253920048475266
0.03188488632440567
0.04660050943493843
0.026225004345178604
0.26570644974708557
0.016705352813005447
0.013490135781466961
0.09454566240310669
0.05546871945261955
0.044173430651426315
0.07249797135591507
0.061710018664598465
0.04325781390070915
0.031423699110746384
0.0323885977268219
0.019817287102341652
0.01626402698457241
0.04228509962558746
0.0020100504625588655
0.05341087281703949
0.05505484342575073
0.04993168264627457
0.013574252836406231
0.03586579114198685
0.02316220849752426
0.021808139979839325
0.045453328639268875
0.034944117069244385
0.03701028600335121
0.012089540250599384
0.00045476731611415744
0.09777230769395828
0.03585779666900635
0.026769068092107773
0.017492245882749557
0.026505688205361366
0.09043844044208527
0.01875292882323265
0.017243804410099983
0.023915067315101624
0.0020459371153265238
0.031088747084140778
0.024823585525155067
0.02888515032827854
0.03664053604006767
0.012990604154765606
0.021057182922959328
0.0335649698972702
0.029970189556479454
0.03647232428193092
0.04876985400915146
0.029665572568774223
0.1596716046333313
0.010793828405439854
0.05015505477786064
0.017051000148057938
0.0234681386500597
0.026010047644376755
0.020132338628172874
0.04110780358314514
0.011990023776888847
0.020083226263523102
0.014139402657747269
0.026133578270673752
0.0453135222196579
0.027577873319387436
0.03651359677314758
0.023710710927844048
1.0009256601333618
0.037524476647377014
0.10799530148506165
0.029503026977181435
0.07421144843101501
0.023544585332274437
0.0027453850489109755
0.021875668317079544
0.031214529648423195
0.0015222483780235052
0.01201227679848671
0.03788790851831436
0.015414411202073097
0.019926274195313454
0.051001500338315964
0.0659746304154396
0.03291206806898117
0.030639847740530968
0.038801442831754684
0.0346926748752594
0.02686035819351673
0.04289783537387848
0.03904189541935921
0.042574889957904816
0.02287774160504341
0.05484204366803169
0.010546131059527397
0.018315274268388748
0.02478657104074955
0.006403401494026184
0.04354808107018471
0.03102055937051773
0.031041663140058517
0.042440254241228104
0.02047008089721203
0.07271257787942886
0.04362272843718529
0.08470025658607483
0.016571376472711563
0.01681293174624443
0.018838685005903244
0.012173932045698166
0.0335119254887104
0.01735866256058216
0.03447491303086281
0.01633186638355255
0.019822636619210243
0.03890010342001915
0.12364691495895386
0.0026955464854836464
0.08251850306987762
0.0024894396774470806
0.05229897424578667
0.034457553178071976
0.0027350038290023804
0.03791826218366623
0.020593781024217606
0.0360257662832737
0.051380131393671036
0.005049906205385923
0.01360335387289524
0.12974275648593903
0.00047586584696546197
0.019157253205776215
0.06165216118097305
0.016865406185388565
0.05363905802369118
0.045573268085718155
0.04515918344259262
0.03833678364753723
0.03518117964267731
0.027261603623628616
0.025391962379217148
0.07888350635766983
0.03880178928375244
0.2366337925195694
0.021544162184000015
0.04960070922970772
0.06947867572307587
0.050414297729730606
0.029519183561205864
0.026728050783276558
0.023875124752521515
0.04738542437553406
0.03326329588890076
0.022552067413926125
0.030140450224280357
0.011658702977001667
0.02655952237546444
0.026014236733317375
0.018091736361384392
0.03619084134697914
0.008492866531014442
0.11369845271110535
0.02708613872528076
0.05458659678697586
0.05896856635808945
0.04859057441353798
0.022747335955500603
0.009058606810867786
0.050061460584402084
0.005512159783393145
0.009319266304373741
0.0019134014146402478
0.04354659095406532
0.019978009164333344
0.00031830547959543765
0.017091361805796623
0.016553469002246857
0.03804028406739235
0.0037792078219354153
0.03376908227801323
0.08699946105480194
0.014381892047822475
0.03518155217170715
0.03479349985718727
0.05948178470134735
0.052564822137355804
0.020259611308574677
0.02214222028851509
0.022194894030690193
0.058692581951618195
0.027294930070638657
0.04069526121020317
0.033807381987571716
0.05006910860538483
0.04938150942325592
0.05824260413646698
0.0019158112118020654
0.04840829223394394
0.03094499185681343
0.06288991868495941
0.039412882179021835
0.023697447031736374
0.001321412855759263
0.0435255765914917
0.025906844064593315
0.044475872069597244
0.0035297563299536705
0.08715817332267761
0.025818968191742897
0.01802450232207775
0.11186352372169495
0.05528115853667259
0.02853735163807869
0.017519593238830566
0.03375003859400749
0.03038930520415306
0.026652742177248
0.06398937106132507
0.011340511962771416
0.07079660892486572
0.03966979309916496
0.03185037150979042
0.015613599680364132
0.06706240773200989
0.012591242790222168
0.03187724947929382
0.02617248147726059
0.02182029001414776
0.02864658087491989
0.04110453277826309
0.04314236342906952
0.029756365343928337
0.04411451518535614
0.03008401021361351
0.07078590989112854
0.06360381096601486
0.02712038904428482
0.0313163623213768
0.047265127301216125
0.03507014364004135
0.003771169576793909
0.03284752368927002
0.04115386679768562
0.028382988646626472
0.027394050732254982
0.04364714398980141
0.11466880142688751
0.037653591483831406
0.07230329513549805
0.001453149365261197
0.036181144416332245
0.021784517914056778
0.055411599576473236
0.018390806391835213
0.014608685858547688
0.020293712615966797
0.06608808785676956
0.08862058073282242
0.017458414658904076
0.017435992136597633
0.02402034029364586
0.04707055166363716
0.008750388398766518
0.02979503944516182
0.03503642603754997
0.03403361141681671
0.0013402157928794622
0.0010405415669083595
0.023580847308039665
0.03876280039548874
0.042154934257268906
0.02310165949165821
0.034257665276527405
0.03707621246576309
0.002384994877502322
0.0018632509745657444
0.07246176898479462
0.06274941563606262
0.023375509306788445
0.01839098148047924
0.06912288814783096
0.033440910279750824
0.03638472780585289
0.020906072109937668
0.02051730453968048
0.0241522416472435
0.09739651530981064
0.006837350316345692
0.012025739066302776
0.011634008027613163
0.017660288140177727
0.1068127453327179
0.002915262011811137
0.0021506808698177338
0.04408061131834984
0.03774850443005562
0.0013304015155881643
0.026725109666585922
0.08246356248855591
0.03405608609318733
0.04928752779960632
0.005417211912572384
0.15760241448879242
0.061045091599226
0.08008681982755661
0.001211850089021027
0.013444285839796066
0.042255230247974396
0.026926279067993164
0.015025574713945389
0.13488973677158356
0.001811618683859706
0.022397978231310844
0.023916296660900116
0.02582372911274433
0.022450167685747147
0.02198624052107334
0.05530565232038498
0.022852394729852676
0.01306548435240984
0.05867978185415268
0.04319934546947479
0.04862065985798836
0.04671044647693634
0.030637573450803757
0.015348900109529495
0.01880938746035099
0.03012261912226677
0.036723792552948
0.03377100080251694
0.08887346088886261
0.01902570202946663
0.03503548726439476
0.02990805171430111
0.08594737946987152
0.026052098721265793
0.0007937548216432333
0.04137982428073883
0.036637913435697556
0.08254100382328033
0.04966104403138161
0.017243163660168648
0.02918153814971447
0.045670509338378906
0.042583588510751724
0.049996085464954376
0.022247983142733574
0.03165614604949951
0.023035390302538872
0.06069410219788551
0.02002301812171936
0.014796506613492966
0.07676577568054199
0.02246052213013172
0.03930012881755829
0.07184990495443344
0.16752754151821136
0.02333628199994564
0.017523227259516716
0.04199712350964546
0.04607439041137695
0.01083668228238821
0.03810037299990654
0.059714820235967636
0.03386104106903076
0.01996714621782303
0.0033293364103883505
0.0041574821807444096
0.21661776304244995
0.03454146161675453
0.20366860926151276
0.0017259805463254452
0.040353648364543915
0.022528158500790596
0.021788958460092545
0.05596033111214638
0.007896896451711655
0.004030392039567232
0.07033047825098038
0.035362668335437775
0.02413950487971306
0.0747128427028656
0.05388447642326355
0.05199458822607994
0.019429180771112442
0.0510183721780777
0.0350143127143383
0.02306465245783329
0.09051542729139328
0.018407825380563736
0.019648687914013863
0.11778215318918228
0.0317046158015728
0.023404864594340324
0.015231152065098286
0.016868088394403458
0.06642661243677139
0.018868431448936462
0.028069693595170975
0.0231966320425272
0.1176617443561554
0.027839289978146553
0.045279428362846375
0.060530804097652435
0.0013929861597716808
0.03617250546813011
0.017518265172839165
0.04128435626626015
0.025892794132232666
0.031067876145243645
0.021372443065047264
0.03813651204109192
0.021816149353981018
0.032342035323381424
0.023254243656992912
0.0963311493396759
0.03531204164028168
0.21077729761600494
0.03601539880037308
0.03812393173575401
0.07001665979623795
0.052617501467466354
0.01652897521853447
0.04754038155078888
0.010795626789331436
0.029178958386182785
0.10964401066303253
0.06124824658036232
0.015498995780944824
0.0314057394862175
0.06997695565223694
0.019769148901104927
0.02873574197292328
0.024119378998875618
0.011732605285942554
0.015352364629507065
0.03608114272356033
0.026378784328699112
0.07213018834590912
0.03494124859571457
0.01828581839799881
0.00267206784337759
0.01401083916425705
0.011480611748993397
0.048317741602659225
0.03783014789223671
0.0945279523730278
0.026707595214247704
0.08390173316001892
0.031031202524900436
0.033053576946258545
0.027760138735175133
0.16029515862464905
0.03916458785533905
0.02177768014371395
0.02070256508886814
0.08156768232584
0.011406714096665382
0.05593666434288025
0.03943726792931557
0.025524403899908066
0.015301257371902466
0.02837742306292057
0.13660870492458344
0.030483180657029152
0.015754379332065582
0.06286861002445221
0.03257453069090843
0.03553017973899841
0.01245717704296112
0.016786355525255203
0.041867345571517944
0.028915805742144585
0.04093163460493088
0.05365913361310959
0.04136118292808533
0.0038295446429401636
0.011724012903869152
0.040093205869197845
0.062233515083789825
0.04449652135372162
0.00236422847956419
0.13817380368709564
0.25277426838874817
0.07760995626449585
0.09099473059177399
0.03895212709903717
0.04332391917705536
0.05510660260915756
0.06948021799325943
0.037565555423498154
0.044314220547676086
0.004678925033658743
0.020151987671852112
0.028701448813080788
0.05109179764986038
0.05631845444440842
0.014248233288526535
0.05569681525230408
0.12020939588546753
0.0013630568282678723
0.05392046645283699
0.02324451319873333
0.04588776454329491
0.06128070503473282
0.048896756023168564
0.03574104607105255
0.020502513274550438
0.05080769583582878
0.05557060241699219
0.002186759142205119
0.02178165689110756
0.023520546033978462
0.03793912008404732
0.03715619817376137
0.11863458901643753
0.07558473199605942
0.02428307943046093
0.03953606262803078
0.0012626901734620333
0.056261688470840454
0.08165298402309418
0.05764155834913254
0.0849325954914093
0.0347108393907547
0.011101530864834785
0.020022345706820488
0.02662946656346321
0.001970144221559167
0.08298753947019577
0.03795440122485161
0.03272545337677002
0.03449314087629318
0.011138290166854858
0.011951150372624397
0.006097030360251665
0.06153959408402443
0.01855422928929329
0.06467898190021515
0.0141353290528059
0.0023125139996409416
0.04079492762684822
0.0023529287427663803
0.04756520688533783
0.01418355107307434
0.04024701192975044
0.02534165419638157
0.03787904977798462
0.15558405220508575
0.02077186107635498
0.005510793998837471
0.055629219859838486
0.04170474410057068
0.004147730767726898
0.07887096703052521
0.02052287757396698
0.027618149295449257
0.0751868486404419
0.08556918054819107
0.005076187197118998
0.0014268022496253252
0.045382555574178696
0.04620826989412308
0.03291827067732811
0.022618744522333145
0.026151301339268684
0.03334460034966469
0.03767268359661102
0.020704485476017
0.05920533835887909
0.02045775018632412
0.04083693400025368
0.0856005847454071
0.03498867154121399
0.03254779428243637
0.012150396592915058
0.024542292580008507
0.01325197983533144
0.001212029019370675
0.024670172482728958
0.03339475393295288
0.05313084274530411
0.032245371490716934
0.0016919280169531703
0.0030011185444891453
0.017116639763116837
0.029203010722994804
0.04337691515684128
0.03314530849456787
0.5032674074172974
0.0248897485435009
0.03465947136282921
0.049195826053619385
0.038660261780023575
0.0844954252243042
0.01615450158715248
0.004229923710227013
0.015610377304255962
0.07458461821079254
0.0445898063480854
0.016592008993029594
0.028104333207011223
0.05736962705850601
0.06295571476221085
0.06220794841647148
0.028367284685373306
0.02537873387336731
0.02983058989048004
0.039642542600631714
0.018683843314647675
0.025716790929436684
0.0347881056368351
0.039636239409446716
0.0012149314861744642
0.02706603892147541
0.04011786729097366
0.0007607331499457359
0.05498359724879265
0.001336120069026947
0.07372214645147324
0.052185725420713425
0.010644558817148209
0.0018320982344448566
0.08979758620262146
0.01229594461619854
0.05058188736438751
0.0316559374332428
0.026475001126527786
0.0019674974028021097
0.0012851463397964835
0.04115143045783043
0.0076420363038778305
0.03727860748767853
0.016956530511379242
0.04358649253845215
0.04850751534104347
0.03900090977549553
0.035698339343070984
0.02466261014342308
0.01715635508298874
0.0928264856338501
0.026317689567804337
0.15725238621234894
0.029374994337558746
0.02617396041750908
0.02335669845342636
0.03482470661401749
0.01917695626616478
0.05426520109176636
0.035566944628953934
0.03914273530244827
0.02019880898296833
0.0772513747215271
0.05709172040224075
0.1132759153842926
0.10489127784967422
0.017070356756448746
0.02282281033694744
0.04028286039829254
0.029577329754829407
0.030527165159583092
0.01948375627398491
0.023983541876077652
0.03857037425041199
0.038094937801361084
0.04284091666340828
0.027545351535081863
0.03086725063621998
0.04628998041152954
0.035486117005348206
0.043126143515110016
0.02243521250784397
0.0011284841457381845
0.029283786192536354
0.039526425302028656
0.0316203236579895
0.03888320177793503
0.03470554202795029
0.05034208670258522
0.04895897954702377
0.02562820538878441
0.021920349448919296
0.026357710361480713
0.03701729699969292
0.03990720957517624
0.05488867312669754
0.04802261292934418
0.07013881206512451
0.09264753013849258
0.025207240134477615
0.05251645669341087
0.023558568209409714
0.032176673412323
0.031525496393442154
0.05110543221235275
0.027065938338637352
0.01735752448439598
0.0567859522998333
0.014708029106259346
0.038461074233055115
0.015342547558248043
0.04932793602347374
0.008637402206659317
0.024373244494199753
0.04895639047026634
0.04962312802672386
0.0448940210044384
0.005241910926997662
0.10864366590976715
0.015127335675060749
0.02618105709552765
0.00680425763130188
0.03459400311112404
0.01662369631230831
0.0013647738378494978
0.07929103076457977
0.05122964829206467
0.03814835473895073
0.02074112743139267
0.02273062989115715
0.011486701667308807
0.006008811295032501
0.03511984646320343
0.016449255868792534
0.0766732320189476
0.02987957000732422
0.021425068378448486
0.02209579385817051
0.04391789063811302
0.03860851749777794
0.01634562946856022
0.03735120967030525
0.0016935738967731595
0.042297959327697754
0.18985098600387573
0.013377106748521328
0.05016332492232323
0.026093341410160065
0.016505379229784012
0.009247403591871262
0.023039670661091805
0.01813400164246559
0.048039838671684265
0.0294638779014349
0.028006792068481445
0.026730522513389587
0.002966862404718995
0.05511973798274994
0.05170502886176109
0.067349873483181
0.07210730016231537
0.05463721603155136
0.03873889893293381
0.0485219806432724
0.03011934645473957
0.028760865330696106
0.040014803409576416
0.0017516739899292588
0.09304877370595932
0.17187762260437012
0.017196333035826683
0.024415060877799988
0.002423172350972891
0.05418610945343971
0.01755080744624138
0.0028371810913085938
0.046945925801992416
0.035122036933898926
0.0034461282193660736
0.04219018667936325
0.010475125163793564
0.07328323274850845
0.005680875852704048
0.03366706147789955
0.06352495402097702
0.03908506780862808
0.006446680054068565
0.05550047755241394
0.05042167380452156
0.052217036485672
0.01877618581056595
0.03760332241654396
0.02062913216650486
0.021360382437705994
0.02158019319176674
0.010830791667103767
0.02125033549964428
0.08369579911231995
0.005302639678120613
0.02972659096121788
0.10981308668851852
0.03604309633374214
0.054388243705034256
0.036707449704408646
0.07943737506866455
0.010506783612072468
0.0018588704988360405
0.07632412761449814
0.03520775958895683
0.039893995970487595
0.049012359231710434
0.041211288422346115
0.030392834916710854
0.0016719391569495201
0.06279957294464111
0.0374380499124527
0.039187442511320114
0.04955152049660683
0.03454361855983734
0.03123789094388485
0.03304508700966835
0.024607321247458458
0.07400238513946533
0.03853907436132431
0.036073341965675354
0.05610910803079605
0.07375645637512207
0.024806780740618706
0.12302514165639877
0.14370287954807281
0.02379872091114521
0.02027093432843685
0.010352656245231628
0.011593165807425976
0.03628016263246536
0.041056837886571884
0.10301575809717178
0.024917680770158768
0.015771303325891495
0.018409308046102524
0.044513147324323654
0.04035923257470131
0.0434003621339798
0.010237601585686207
0.001353715779259801
0.026275580748915672
0.029707051813602448
0.052910078316926956
0.045739348977804184
0.036114487797021866
0.04587181657552719
0.12446559965610504
0.017806226387619972
0.017880037426948547
0.01244969479739666
0.02875399962067604
0.051951512694358826
0.049492210149765015
0.024185914546251297
0.042695578187704086
0.11760225892066956
0.011400100775063038
0.09285307675600052
0.06433695554733276
0.019605521112680435
0.016112633049488068
0.04997941851615906
0.06697966158390045
0.047870226204395294
0.025041252374649048
0.03131500631570816
0.003132941434159875
0.00981005746871233
0.016227085143327713
0.08825837075710297
0.033336035907268524
0.07088734209537506
0.04491870850324631
0.05704915151000023
0.0447201170027256
0.0983656495809555
0.07365091890096664
0.028557751327753067
0.027565911412239075
0.03895670920610428
0.07363954931497574
0.03981282562017441
0.05077619478106499
0.023602338507771492
0.01783955842256546
0.055555835366249084
0.05141700431704521
0.001098800334148109
0.06201067566871643
0.06244992837309837
0.02605316787958145
0.006692904978990555
0.024978160858154297
0.014683950692415237
0.037275079637765884
0.07714942842721939
0.028140999376773834
0.05115977302193642
0.09312888234853745
0.06558094918727875
0.061095088720321655
0.04421216621994972
0.01163903996348381
0.04414409026503563
0.001415245234966278
0.037044692784547806
0.08725883811712265
0.043477825820446014
0.05596895515918732
0.011430291458964348
0.023204514756798744
0.02938351407647133
0.06533560156822205
0.03250895068049431
0.0005383300594985485
0.015709590166807175
0.021883610635995865
0.001057224115356803
0.04819326847791672
0.016654659062623978
0.00903418380767107
0.020805198699235916
0.06281062215566635
0.06352734565734863
0.02767064794898033
0.0448608472943306
0.016611002385616302
0.027177227661013603
0.0017206224147230387
0.0024053012020885944
0.01576852984726429
0.062324244529008865
0.1306224912405014
0.12821166217327118
0.027260642498731613
0.13534106314182281
0.05700080841779709
0.05325058847665787
0.06324374675750732
0.03934243321418762
0.04347030818462372
0.0305329542607069
0.087550587952137
0.09337154030799866
0.006457201205193996
0.05964574217796326
0.08219259977340698
0.05345890298485756
0.022453585639595985
0.039754897356033325
0.035488832741975784
0.019684528931975365
0.06491699069738388
0.03135041147470474
0.022441860288381577
0.045194149017333984
0.020771251991391182
0.04003508761525154
0.07325920462608337
0.03721293434500694
0.04308202862739563
0.013463701121509075
0.3475661277770996
0.012562461197376251
0.019313937053084373
0.023851189762353897
0.02691996470093727
0.036790065467357635
0.009231586940586567
0.00817089807242155
0.02680620551109314
0.01499310601502657
0.017665598541498184
0.006926354020833969
0.014739167876541615
0.03963693231344223
0.027943531051278114
0.004606388043612242
0.007852665148675442
0.029736220836639404
0.0024656867608428
0.012984705157577991
0.034221965819597244
0.02233068272471428
0.01171876396983862
0.017460385337471962
0.06405147910118103
0.04172288626432419
0.057229720056056976
0.0701461136341095
0.07814901322126389
0.02283340133726597
0.003187191905453801
0.02320190519094467
0.035172853618860245
0.05661551654338837
0.06230060011148453
0.033406682312488556
0.013529686257243156
0.07172663509845734
0.01814991794526577
0.19899125397205353
0.0009730676538310945
0.061260804533958435
0.029445361346006393
0.008466338738799095
0.00198577088303864
0.0076126595959067345
0.020396793261170387
0.011801477521657944
0.01879829540848732
0.060441989451646805
0.0027235522866249084
0.022987812757492065
0.027007417753338814
0.07331635802984238
0.025074198842048645
0.03489139676094055
0.023662278428673744
0.027232374995946884
0.08757377415895462
0.05286255478858948
0.07101106643676758
0.05233286693692207
0.042795438319444656
0.05279134586453438
0.01730172708630562
0.04570607841014862
0.03159205615520477
0.03378397971391678
0.07153096050024033
0.004595926031470299
0.04040895774960518
0.05512234941124916
0.08458854258060455
0.06224881112575531
0.03801038861274719
0.02947855554521084
0.023121951147913933
0.0532563142478466
0.036826275289058685
0.036454614251852036
0.04627411067485809
0.000925152562558651
0.027755025774240494
0.07050630450248718
0.07999855279922485
0.02243977040052414
0.03528684005141258
0.39423996210098267
0.03197189420461655
0.02529158815741539
0.013585778884589672
0.0011846375418826938
0.024375896900892258
0.0012811112683266401
0.01851409114897251
0.03362131863832474
0.038790684193372726
0.12072773277759552
0.0235440656542778
0.002368720481172204
0.02558826468884945
0.04442726820707321
0.02394445240497589
0.01952718384563923
0.022871533408761024
0.02664261683821678
0.003762168111279607
0.01557393278926611
0.04527810215950012
0.04081454500555992
0.05364339053630829
0.024178672581911087
0.02651352249085903
0.01924215257167816
0.03250892460346222
0.0009403032017871737
0.020257363095879555
0.026890886947512627
0.010146685875952244
0.006722890771925449
0.002026088535785675
0.09289827942848206
0.028662454336881638
0.1702684760093689
0.04297555238008499
0.22838355600833893
0.06302405893802643
0.036753229796886444
0.017724445089697838
0.041157014667987823
0.04298335313796997
0.04961779713630676
0.03178250789642334
0.002427383093163371
0.07410245388746262
0.03426915034651756
0.03143339604139328
0.06692752987146378
0.052744168788194656
0.029352333396673203
0.05269622802734375
0.017124123871326447
0.053179338574409485
0.016129974275827408
0.054953426122665405
0.022816991433501244
0.025369863957166672
0.08809836208820343
0.09470263123512268
0.0309374388307333
0.09863980114459991
0.05174712836742401
0.018978742882609367
0.045820996165275574
0.016582539305090904
0.0017293223645538092
0.02698238380253315
0.0031896415166556835
0.062142498791217804
0.09699612855911255
0.03588429093360901
0.01706264168024063
0.001441058237105608
0.026904379948973656
0.028241561725735664
0.024830473586916924
0.06742718070745468
0.04268043860793114
0.05634034425020218
0.06917215883731842
0.02452388033270836
0.005641356110572815
0.014936370775103569
0.24016737937927246
0.023887136951088905
0.04162351042032242
0.0748712494969368
0.01534810196608305
0.0022143397945910692
0.029496757313609123
0.0019409391097724438
0.008770685642957687
0.009512254036962986
0.027691632509231567
0.030872829258441925
0.2583872675895691
0.027584968134760857
0.018179085105657578
1.2588409185409546
0.017380353063344955
0.04884960874915123
0.06597088277339935
0.036027226597070694
0.011360474862158298
0.035710759460926056
0.005506868474185467
0.06250984966754913
0.001288191881030798
0.019232194870710373
0.04328149929642677
0.04638336971402168
0.04987970367074013
0.03706741705536842
0.015246073715388775
0.07058718800544739
0.04364115372300148
0.03175686299800873
0.0539286732673645
0.039415620267391205
0.03543258085846901
0.038303207606077194
0.03327586129307747
0.03253844007849693
0.043561674654483795
0.023442378267645836
0.02843809314072132
0.052138131111860275
0.10534293204545975
0.03932444006204605
0.03587937355041504
0.04487794265151024
0.2617471516132355
0.023699019104242325
0.025420352816581726
0.11903933435678482
0.03439472243189812
0.08586115390062332
0.0020022985991090536
0.0033423355780541897
0.012735378928482533
0.0366302989423275
0.06345582753419876
0.016793034970760345
0.02672576904296875
0.03197221830487251
0.03381294012069702
0.017274901270866394
0.0435071662068367
0.04594167321920395
0.04304720461368561
0.01194863673299551
0.024292297661304474
0.05404647812247276
0.06875691562891006
0.0015173536958172917
0.025544505566358566
0.03821248561143875
0.026241755113005638
0.06610557436943054
0.03415076434612274
0.060393817722797394
0.04399473965167999
0.027112307026982307
0.01816774532198906
0.01978265307843685
0.0018991973483934999
0.035277362912893295
0.09555511921644211
0.03521725907921791
0.022488858550786972
0.007864920422434807
0.041165437549352646
0.0089484304189682
0.03525679558515549
0.05815698578953743
0.05193418264389038
0.03681009262800217
0.027212129905819893
0.011560207232832909
0.03499538078904152
0.034947291016578674
0.10311145335435867
0.036021023988723755
0.020234866067767143
0.021067574620246887
0.08804362267255783
0.02633408084511757
0.0438740998506546
0.052863869816064835
0.041812602430582047
0.03668881207704544
0.033895257860422134
0.16036373376846313
0.02648579329252243
0.011113018728792667
0.03431467339396477
0.3236059844493866
0.0727846622467041
0.020550770685076714
0.03318928927183151
0.08849479258060455
0.020702308043837547
0.027487777173519135
0.015548506751656532
0.0881543681025505
0.025681599974632263
0.026757437735795975
0.04184463620185852
0.0015123471384868026
0.026105228811502457
0.022782200947403908
0.031290773302316666
0.05017383024096489
0.02890128083527088
0.025061162188649178
0.03119729459285736
0.05795878916978836
0.023670842871069908
0.0018126292852684855
0.04810825735330582
0.2286539077758789
0.08202961832284927
0.04318136349320412
0.02594166062772274
0.0014129597693681717
0.0314365029335022
0.06345940381288528
0.005857799667865038
0.0554475374519825
0.03226417675614357
0.02185344696044922
0.011542774736881256
0.022854585200548172
0.08459169417619705
0.02861585095524788
0.03422088176012039
0.013783321715891361
0.027765437960624695
0.03689385578036308
0.053179360926151276
0.018588505685329437
0.04412027820944786
0.016480371356010437
0.02852501906454563
0.0463414303958416
0.045360028743743896
0.15723206102848053
0.10904555767774582
0.04621919244527817
0.021648768335580826
0.017476821318268776
0.0024650113191455603
0.002167170401662588
0.033104799687862396
0.0037387872580438852
0.04877498373389244
0.017634404823184013
0.06646617501974106
0.018228374421596527
0.028753774240612984
0.029555000364780426
0.025298872962594032
0.04577873647212982
0.0011311748530715704
0.008016753941774368
0.03384698927402496
0.03040492534637451
0.06839952617883682
0.06236397102475166
0.012000658549368382
0.014102330431342125
0.03862712159752846
0.017234763130545616
0.013033131137490273
0.03527846187353134
0.0804089605808258
0.028180517256259918
0.03920688480138779
0.009929278865456581
0.04107767343521118
0.03779866546392441
0.02150593511760235
0.06580030173063278
0.016588158905506134
0.05166001617908478
0.11547883599996567
0.010870286263525486
0.05792177468538284
0.004326534457504749
0.01639014668762684
0.04780288413167
0.021080099046230316
0.04478255286812782
0.037534479051828384
0.047567375004291534
0.02235390990972519
0.0023619739804416895
0.01618197187781334
0.003204072592779994
0.04570729285478592
0.03139727935194969
0.023231517523527145
0.11416738480329514
0.051216043531894684
0.08969150483608246
0.05070652440190315
0.016626687720417976
0.003614297602325678
0.0012994427233934402
0.06697532534599304
0.017337054014205933
0.011192630976438522
0.005952402018010616
0.022540193051099777
0.020337669178843498
0.075433149933815
0.02037997916340828
0.06321974843740463
0.04195046424865723
0.023454301059246063
0.026188302785158157
0.07482283562421799
0.06174955517053604
0.049100205302238464
0.042873576283454895
0.025837311521172523
0.031942278146743774
0.02443784847855568
0.06705841422080994
0.019001705572009087
0.012265060096979141
0.06898145377635956
0.08032730966806412
0.04871053993701935
0.03175655007362366
0.020648399367928505
0.11895228177309036
0.015233207494020462
0.09014976024627686
0.0005183729226700962
0.016059163957834244
0.03604663908481598
0.1454460769891739
0.014573128893971443
0.02164331078529358
0.026883555576205254
0.06733713299036026
0.43416258692741394
0.05859708413481712
0.02342601865530014
0.09213920682668686
0.045100536197423935
0.04485119506716728
0.0633665919303894
0.3429916799068451
0.03481133654713631
0.03423116356134415
0.03995903208851814
0.06690472364425659
0.05279242619872093
0.06117725744843483
0.015469488687813282
0.0019941115751862526
0.03537135571241379
0.04071541875600815
0.00994523148983717
0.02256806194782257
0.019265485927462578
0.0418500117957592
0.05132408067584038
0.039758071303367615
0.05802580341696739
0.012447096407413483
0.012176087126135826
0.022315021604299545
0.055740710347890854
0.05402754992246628
0.04320845752954483
0.01194988377392292
0.03771786391735077
0.022248217836022377
0.004472705069929361
0.01379646547138691
0.006810635328292847
0.045315392315387726
0.046806450933218
0.01706213690340519
0.022475847974419594
0.04146280884742737
0.03283775597810745
0.05636030063033104
0.01738639362156391
0.023433521389961243
0.014833231456577778
0.017533786594867706
0.040024034678936005
0.02600877359509468
0.024127714335918427
0.023301659151911736
0.019415169954299927
0.021887963637709618
0.049430809915065765
0.011421662755310535
0.05254368484020233
0.0028895712457597256
0.054975781589746475
0.015750210732221603
0.00280363904312253
0.05884728953242302
0.020839720964431763
0.05548129603266716
0.02409258298575878
0.017703233286738396
0.04822006821632385
0.002147258725017309
0.023694347590208054
0.09457576274871826
0.06971020996570587
0.01336942333728075
0.06621477007865906
0.10923998057842255
0.0033167884685099125
0.026827434077858925
0.031228238716721535
0.032958291471004486
0.04608515650033951
0.016091950237751007
0.046979986131191254
0.046082351356744766
0.028997022658586502
0.27622851729393005
0.06186351552605629
0.024460403248667717
0.029258552938699722
0.08743512630462646
0.04018419235944748
0.0298314169049263
0.041563455015420914
0.04412870854139328
0.04084962606430054
0.06765328347682953
0.062061503529548645
0.045129504054784775
0.08577731996774673
0.0453900545835495
0.03880493715405464
0.11133479326963425
0.030467644333839417
0.031803034245967865
0.048023223876953125
0.03028656542301178
0.0018956171115860343
0.0566161572933197
0.04535848647356033
0.24982434511184692
0.03562618046998978
0.028023069724440575
0.10051198303699493
0.04211786761879921
0.0376148521900177
0.025450944900512695
0.0006305239512585104
0.044859934598207474
0.035920727998018265
0.034363754093647
0.03799557685852051
0.05112358555197716
