0.014855842106044292
0.0033394955098628998
0.17559994757175446
0.00032229602220468223
0.0011428784346207976
3.410234785405919e-05
3.408827251405455e-05
0.0002765364770311862
0.5066127181053162
0.07377339899539948
0.09482567757368088
0.021807333454489708
0.0006642474909313023
0.17952974140644073
0.021190622821450233
2.681459426879883
0.0005282304482534528
0.00046708554145880044
0.029038866981863976
0.0005201718886382878
0.061682168394327164
0.00011371038999641314
0.00042354752076789737
0.0006105751963332295
0.06817987561225891
0.0002520087000448257
0.03244279325008392
0.00024171173572540283
0.0001831584668252617
0.14171478152275085
7.608943997183815e-05
9.05495835468173e-05
1.8595454692840576
0.00019769965729210526
0.0006765295984223485
0.0002616790006868541
0.04377123340964317
0.01041929330676794
0.04727441444993019
0.00011737420572899282
0.00028432661201804876
0.03197336196899414
0.0005031171021983027
0.04284529760479927
0.5203810334205627
0.0002031469193752855
0.5307549834251404
0.0010324730537831783
0.00023286353098228574
0.00027284695534035563
0.00011431384336901829
0.00023415166651830077
0.03688086196780205
0.00014768188702873886
0.04454685375094414
0.03779139742255211
0.00015553185949102044
0.018509764224290848
6.390889029717073e-05
0.002619868842884898
0.00028506992384791374
0.00013807661889586598
0.0203201025724411
0.03788426145911217
0.00029752892442047596
0.00390374637208879
0.18923576176166534
0.00042101769940927625
0.4508030414581299
0.00043079041643068194
0.00018332940817344934
0.41010040044784546
0.00027053430676460266
0.0002045837027253583
0.35982048511505127
0.10517486184835434
0.00044842538773082197
0.045191965997219086
0.047594424337148666
0.00020317750750109553
0.46635574102401733
0.0003709289594553411
0.00011197318963240832
0.006841539405286312
0.4133628010749817
0.02345164306461811
0.00028969996492378414
0.6034529805183411
0.00013230490731075406
0.00036759284557774663
0.0003350400656927377
0.015427837148308754
4.6769862819928676e-05
0.09074781835079193
0.532928466796875
0.0004346751666162163
0.00047704612370580435
0.00016035771113820374
0.0003160789783578366
0.5507408380508423
0.02681327611207962
0.0006474384572356939
0.0015056247357279062
0.03802676871418953
0.0024284450337290764
0.05595683306455612
0.034013781696558
0.04105304926633835
0.00016693792713340372
0.002513422165066004
0.04768795892596245
0.00018653292499948293
0.04377727955579758
0.816453754901886
0.0251670703291893
0.16543224453926086
0.019604260101914406
0.016911707818508148
0.010662322863936424
0.0002671759866643697
0.39456796646118164
0.7861382365226746
0.22440345585346222
0.048202063888311386
1.3093023300170898
0.0002022323023993522
0.023902088403701782
0.00041198928374797106
9.957316069630906e-05
0.000719045870937407
0.0004375697753857821
0.004396675620228052
0.002799958223477006
5.541399877984077e-05
0.0013583555119112134
0.0005159142310731113
0.0003440077998675406
0.0007766158087179065
0.00032690473017282784
0.00011848985741380602
0.956186830997467
0.00856749713420868
0.0720013901591301
0.0001500780927017331
0.0003432230150792748
0.00020449652220122516
0.053238630294799805
0.0003821563732344657
0.0004129255539737642
0.00020317510643508285
0.4175208508968353
0.00981743261218071
0.0002762431977316737
0.0003284540434833616
0.0002598206920083612
0.004094237927347422
0.0038146558217704296
0.00021749563165940344
0.0004866275121457875
0.0016799855511635542
0.0004165517748333514
0.015255770646035671
3.9150014345068485e-05
0.5882391333580017
0.00015034839452710003
0.0003714505292009562
0.030173994600772858
0.0002717965398915112
0.04396943002939224
0.0006573784630745649
7.126291893655434e-05
0.00030770516605116427
0.0005061411065980792
0.00032551775802858174
0.01058659702539444
0.000187420126167126
0.0008065806468948722
-1.7913766896526795e-06
0.004358779173344374
0.05742749571800232
0.003162868320941925
0.5418641567230225
0.005734854843467474
9.878326090984046e-05
0.016077490523457527
0.12040230631828308
0.0003496359277050942
0.00016135898476932198
0.00473810825496912
0.0001384632778353989
0.02953362837433815
0.00016636282089166343
0.43165653944015503
0.0028791564982384443
0.0003089172241743654
5.037350638303906e-05
0.00030924397287890315
0.00038936935015954077
0.10990039259195328
7.733493112027645e-05
0.0035996800288558006
0.014995906502008438
0.07059622555971146
0.036043740808963776
0.019340213388204575
0.000360063771950081
0.00016675818187650293
3.706431380123831e-05
0.00019485784287098795
8.887503645382822e-05
0.0019006214570254087
0.023114295676350594
0.003230595961213112
0.04797805845737457
0.00016681948909536004
0.2201150506734848
0.0002451981417834759
0.0005921325646340847
0.0001735106488922611
0.018440816551446915
0.00013611330359708518
0.005453259218484163
0.5928403735160828
0.012641246430575848
0.00048359777429141104
0.0037677616346627474
0.00012396799866110086
0.0004829478857573122
4.4553693442139775e-05
0.5705252289772034
0.03699550777673721
0.0010809525847434998
0.40844136476516724
2.610111732792575e-05
0.00016225290892180055
0.0004552143800538033
0.30982398986816406
0.0004679504781961441
0.00026075943605974317
0.005011112429201603
0.6357533931732178
0.7483161687850952
0.0001934813044499606
0.0002501991402823478
0.05687402933835983
0.0006609230767935514
0.0011900184908881783
4.138376243645325e-05
0.050084784626960754
0.00032065928098745644
0.00039430009201169014
8.859459921950474e-05
0.0001919470087159425
0.0035566887818276882
0.20178329944610596
0.00012774376955348998
0.5722039937973022
4.0461833123117685e-05
0.00013614757335744798
0.40758541226387024
0.0005658331792801619
0.44298142194747925
6.213082815520465e-05
0.0022011902183294296
0.7612037658691406
0.06486371159553528
0.0009145155781880021
0.0004792925319634378
0.00016796001000329852
0.5919796228408813
0.00018815322255250067
0.00020060600945726037
0.000158695547725074
0.2615649104118347
0.00034650065936148167
0.022859307006001472
0.0006444576429203153
3.382615250302479e-05
0.08648944646120071
0.00044169326429255307
0.01724759303033352
0.0531749427318573
8.564403105992824e-05
0.26436737179756165
0.0006726164720021188
0.009138664230704308
0.056258805096149445
0.5722426772117615
0.00013438932364806533
0.01181167270988226
0.04179465025663376
5.954541120445356e-05
0.0008288699318654835
0.00034996640169993043
0.0004968778230249882
0.07964380830526352
0.0003499179147183895
0.013152620755136013
0.02029985748231411
0.013936217874288559
0.06282396614551544
0.0013018929166719317
0.05683467537164688
0.008398481644690037
0.040054477751255035
0.0006238838541321456
0.013013716787099838
0.11681239306926727
0.06798259168863297
0.0005302995559759438
0.001012679422274232
0.017991088330745697
0.03030407987535
0.002415294526144862
8.709966641617939e-05
0.0001481304643675685
0.02413726970553398
8.315997547470033e-05
0.02786955051124096
0.06176530569791794
0.0009713884210214019
0.6259726285934448
0.01926795206964016
0.020295199006795883
0.0005280065233819187
0.00043175346218049526
0.07399120926856995
0.22838249802589417
0.00014474029012490064
0.0003698499931488186
0.0004169778258074075
0.08224840462207794
0.39852163195610046
0.0003491585375741124
0.00040444754995405674
0.531401515007019
0.0004895379533991218
0.0005782790249213576
4.915171302855015e-05
0.00018361843831371516
0.000161454823683016
9.160197078017518e-05
0.0015512671088799834
0.000513200182467699
3.042257776542101e-05
0.2899705469608307
6.511719402624294e-05
0.044654205441474915
0.09081614762544632
0.12197519093751907
9.281458187615499e-05
0.00042224072967655957
0.5568540096282959
0.0003190624702256173
0.05334843695163727
0.47834256291389465
0.00038256047992035747
0.00026342589990235865
0.05478072166442871
0.05492614954710007
0.01489067543298006
0.03668003901839256
0.6927490234375
0.012667534872889519
0.00040971190901473165
0.02027721330523491
0.038427963852882385
0.009291413240134716
8.737975440453738e-05
0.20025590062141418
0.00044154099305160344
0.00023099416284821928
0.6775370240211487
0.0004612866323441267
0.0005180623265914619
0.0002491353952791542
0.00037074979627504945
0.0001522620877949521
0.0003048880316782743
0.0005311878048814833
0.5861720442771912
0.0438946858048439
0.36923038959503174
0.3623008728027344
0.00325887487269938
0.0008148978231474757
0.0006702931714244187
0.04710792005062103
0.00051288673421368
0.00033855991205200553
0.0009274275507777929
0.5076479911804199
0.00016232820053119212
0.007261875085532665
0.027858426794409752
0.00038896617479622364
0.4482208490371704
0.18776008486747742
0.0009768938180059195
0.15872672200202942
0.07831662148237228
0.01914219930768013
0.01101022120565176
0.5681441426277161
0.0005130179924890399
0.006401037331670523
0.0008963248692452908
0.4336020350456238
0.00025256056687794626
0.05501452460885048
0.00036340823862701654
0.00045413424959406257
0.47146013379096985
0.04974116384983063
0.4201677739620209
0.00018939125584438443
0.036073096096515656
0.00027227835380472243
0.0031266240403056145
0.0004919341299682856
0.03440763056278229
0.00011564414307940751
7.968792488100007e-05
0.08799819648265839
0.36877575516700745
0.00019139864889439195
0.037585943937301636
0.0005448999581858516
0.0001072985542123206
0.0006714119808748364
6.726275023538619e-05
0.2937079966068268
0.009763969108462334
0.0013423552736639977
0.0037164774257689714
3.92981237382628e-05
0.0334908552467823
0.0235726498067379
0.00044723961036652327
0.0005060160765424371
0.0241077933460474
0.00037527570384554565
0.019347209483385086
0.0003350352926645428
0.016170496121048927
0.00019954488379880786
0.024072807282209396
0.05665869265794754
0.0021691129077225924
0.000290286960080266
0.00023907696595415473
3.667088822112419e-05
0.0008134171366691589
0.448116660118103
0.036313436925411224
0.00069433479802683
0.043222375214099884
0.0001538142387289554
0.052041806280612946
0.00014350403216667473
0.01608581282198429
0.6063448190689087
0.08336415141820908
0.00022805953631177545
1.9400228261947632
0.025637231767177582
0.014822334051132202
9.152371058007702e-05
0.00039199524326249957
0.00010009713150793687
2.831306483130902e-05
0.016470564529299736
0.0004118132346775383
0.05330434814095497
0.4912487864494324
0.031339965760707855
0.025451535359025
0.3142143487930298
0.00018122811161447316
0.0003303948324173689
0.000289712828816846
0.043259359896183014
0.059187062084674835
0.39541447162628174
0.0004160718235652894
0.00010054818267235532
0.052022553980350494
0.042392510920763016
0.0004250901110935956
0.0002928452449850738
0.13566473126411438
0.00018661936337593943
0.00869422685354948
0.0004855074221268296
0.04519037902355194
0.0005945491138845682
0.00025326741160824895
0.2754489779472351
0.000795933126937598
0.0003164497029501945
0.0007443957147188485
0.00016240673721767962
0.00015211760182864964
-7.927643309812993e-06
0.003809539834037423
8.266732038464397e-06
0.1352192759513855
6.948222289793193e-05
0.09410718083381653
0.5117559432983398
0.04681024327874184
0.009815636090934277
0.00033391386386938393
0.0005650213570334017
0.11426595598459244
0.004147111438214779
0.046115316450595856
0.05036517232656479
0.032468631863594055
0.0503665953874588
0.00038137283991090953
0.0002455457579344511
0.00014500608085654676
0.003052841406315565
1.0830330848693848
0.11620011180639267
0.00030026305466890335
0.04611808434128761
0.10378361493349075
0.0003349955368321389
0.0001546702260384336
0.00014987024769652635
9.402127034263685e-05
0.011831315234303474
0.00018645619275048375
0.023124024271965027
0.08128033578395844
0.582612931728363
0.031811077147722244
0.020645396783947945
0.0008848842699080706
0.020709261298179626
0.00021000989363528788
0.0001599271927261725
0.920173704624176
0.030350329354405403
0.0005406078998930752
0.0001022984943119809
0.0958559662103653
0.0003548318927641958
0.0001595631765667349
0.00023556780070066452
0.05236714333295822
0.013816865161061287
0.015710806474089622
6.051910895621404e-05
8.721623453311622e-05
0.4022049903869629
0.0003571592387743294
0.00024372102052439004
0.08301034569740295
0.00031859023147262633
0.04132482036948204
0.01324651949107647
0.00043258204823359847
0.0001905791723402217
0.01626165397465229
0.06455116719007492
0.00012725773558486253
0.03222163766622543
0.0003888353530783206
0.03154448792338371
8.224391785915941e-05
0.00019960278586950153
0.004930597264319658
0.00025781127624213696
0.0003367974713910371
0.0002805720432661474
0.000706627091858536
9.677990601630881e-05
0.00028211314929649234
0.0015058338176459074
0.000502262671943754
0.019046666100621223
0.09843577444553375
0.03629179298877716
0.011992636136710644
0.012050586752593517
0.026653846725821495
0.00018129308591596782
0.0012135602300986648
8.979018457466736e-05
0.018606362864375114
0.549390971660614
0.00017569026385899633
0.032774727791547775
0.0004026484675705433
0.00014880967501085252
0.000238906592130661
0.0004323591128922999
0.05870600417256355
0.00022805306070949882
0.0007538540521636605
0.025960318744182587
0.0017639340367168188
0.00010004276555264369
0.07353295385837555
0.015031788498163223
0.03981184959411621
8.362930384464562e-05
0.012159211561083794
0.02109804004430771
0.029220083728432655
0.00020521793339867145
0.001450211275368929
0.00012075044651282951
0.00010378251317888498
0.09278075397014618
2.4202020168304443
0.00023840954236220568
0.00012820308620575815
0.00037532049464061856
9.80255936156027e-05
0.00015288847498595715
0.00018212526629213244
0.00016674921789672226
0.021414823830127716
0.00010487474355613813
0.0002467567683197558
0.0003121068002656102
0.00037334798253141344
0.009398013353347778
0.00032897264463827014
0.009006813168525696
0.013208665885031223
0.5223599672317505
0.0006815716624259949
0.0003112554841209203
0.0001999145169975236
0.0002374375326326117
0.03709334880113602
7.322361489059404e-05
0.0003279235097579658
0.00015660728968214244
0.06924490630626678
0.24761129915714264
0.00035624043084681034
0.0002040179679170251
0.044561631977558136
0.44015318155288696
9.268020221497864e-05
0.0003238831413909793
0.0001007602404570207
0.03953216224908829
0.00031863083131611347
0.00046856599510647357
0.001047783880494535
0.0001796714059310034
0.03449126332998276
0.02521871030330658
0.00017740682233124971
0.0004224611911922693
0.001038025482557714
0.0008940557599999011
0.042480021715164185
0.0003296293434686959
0.09877607971429825
0.00019501782662700862
0.00024022195430006832
0.010982740670442581
0.01177234947681427
9.117000445257872e-05
0.030987227335572243
0.3708820641040802
9.846675675362349e-05
7.495188765460625e-05
0.0005369020509533584
0.47876596450805664
0.0005855344934388995
0.0002686421212274581
0.00925686676055193
6.209326238604262e-05
0.0002101378486258909
0.0751204565167427
4.1219242120860144e-05
0.0003954673302359879
0.00031046129879541695
0.054428212344646454
0.15753036737442017
0.3753329813480377
0.000583488552365452
0.00020476648933254182
0.5212812423706055
0.00394293712452054
0.0003812808427028358
0.11951733380556107
0.05459997430443764
0.0001625348231755197
0.00025049044052138925
0.0006294038612395525
0.10669064521789551
0.00017456868954468518
0.02724441885948181
0.07648856192827225
0.002474588807672262
0.000618774036411196
0.0004456900351215154
0.00044843231444247067
0.00015577518206555396
0.0009674825705587864
0.0008350784773938358
0.04614913836121559
0.02249426767230034
0.0002528469485696405
0.03263232111930847
0.47944363951683044
0.046611350029706955
0.027048945426940918
0.00037661107489839196
0.06398352235555649
0.000993901863694191
0.0003401084686629474
0.0004466257814783603
0.00030546123161911964
0.0005619961302727461
0.00025895333965308964
0.06383772194385529
0.00032037124037742615
0.294504314661026
0.038471490144729614
0.05192010849714279
0.04855693504214287
0.0001237634860444814
0.0003005081380251795
0.0002619250153657049
0.0558636449277401
0.0001390343386447057
0.03219938278198242
0.03268936276435852
0.06605470180511475
8.035521022975445e-05
0.013404285535216331
0.00020893261535093188
1.2220842838287354
0.00015786735457368195
0.01471763662993908
0.012300822883844376
6.308269075816497e-05
0.02074381709098816
0.03179672360420227
0.00023037122446112335
0.0003682616224978119
0.00010443119390401989
0.3741541802883148
0.0005512946518138051
0.03890662267804146
0.0004846567753702402
0.01442263089120388
0.09641671180725098
1.3738826513290405
0.028734978288412094
0.01094341091811657
0.047501035034656525
0.0008336498285643756
0.003646351397037506
0.002014783676713705
0.0006354685174301267
0.013581116683781147
0.11459334939718246
0.04069466143846512
0.0001215183365275152
0.0009027033811435103
0.0009830556809902191
0.00480920122936368
0.01297670602798462
9.278871584683657e-05
0.16274631023406982
0.028193917125463486
0.015914227813482285
0.0004559855442494154
0.00064519775332883
0.26697617769241333
0.00015088875079527497
0.000632417039014399
0.0002773420710582286
0.0003709440934471786
0.02803872898221016
0.00012988639355171472
0.006693904288113117
0.013049688190221786
0.00011336206807754934
0.00010306865442544222
0.023572612553834915
6.670812581432983e-05
0.010828226804733276
0.0089110117405653
0.05060673877596855
0.4794602394104004
0.0002003466506721452
0.0006052705575712025
0.0005284712533466518
0.00032073259353637695
0.0005822111270390451
0.0003666815464384854
0.0428646057844162
8.728148532100022e-05
0.0002513412619009614
0.00039443912100978196
0.00022389585501514375
0.051078714430332184
6.630363350268453e-05
0.02499542199075222
0.00022613171313423663
0.026512492448091507
0.03188106417655945
0.0384797602891922
0.0004073391610290855
0.017663028091192245
0.0004902504733763635
0.01633436605334282
0.0651983767747879
0.4701087772846222
0.009932499378919601
0.6026660799980164
0.0007895428570918739
0.5624163746833801
7.851219561416656e-05
0.016185492277145386
0.00012174067524028942
3.381859278306365e-05
0.004150283522903919
0.05788862705230713
0.008985409513115883
0.49792245030403137
0.03454085811972618
0.05622449889779091
0.009616227820515633
0.0325029157102108
0.00025285177980549634
0.06050698086619377
0.0005020587122999132
0.05298641324043274
0.0003729498712345958
0.0030135700944811106
0.06014186888933182
0.000441353942733258
0.00022701606212649494
0.4125232398509979
0.004855737555772066
0.0009088273509405553
0.3851265013217926
0.04882565513253212
7.287148764589801e-05
0.00020912644686177373
0.018896857276558876
0.0562659427523613
0.0005461374530568719
0.7277656197547913
0.00048779233475215733
0.03327568992972374
0.0005886533763259649
0.00034019676968455315
0.0004613635828718543
0.03961189463734627
0.00022787302441429347
0.00023338124447036535
0.0006006013718433678
0.0006772548658773303
0.0016513587906956673
0.0003628974955063313
0.04278997704386711
0.0003903507022187114
0.00023607959155924618
0.029017005115747452
0.00044751400128006935
0.005225404165685177
0.00023211348161567003
0.18226775527000427
0.5692861676216125
0.0002549942582845688
0.011358332820236683
0.048692479729652405
0.5154141187667847
0.0001932512386702001
5.7389399444218725e-05
0.023675397038459778
0.014625176787376404
0.0001481155341025442
0.00025463878409937024
0.00010661711712600663
0.02105100266635418
0.18808123469352722
0.012869825586676598
0.011900992132723331
0.8919610381126404
0.15891703963279724
0.0001153105913545005
0.006245886441320181
0.0009430722566321492
0.000653349794447422
0.0010543387616053224
0.015002305619418621
0.4343273639678955
0.00013377082359511405
0.013037496246397495
0.3726217746734619
8.770729618845508e-05
0.0022807957138866186
0.0004165327700320631
0.037277303636074066
0.0014401860535144806
0.00017253388068638742
0.8828549385070801
0.06359235942363739
0.02643507532775402
0.0030706224497407675
0.0002542245201766491
0.00024250289425253868
0.00015895385877229273
0.00016717906692065299
0.03779309242963791
0.00017333273717667907
0.00725651066750288
5.946834426140413e-05
0.00042898263200186193
0.0002727811806835234
0.00017447939899284393
0.008318321779370308
0.13445334136486053
0.041136156767606735
0.4088587760925293
0.032344069331884384
0.00022913199791219085
0.037745676934719086
0.005252503324300051
0.008209805004298687
0.00029079013620503247
0.00045295304153114557
0.018124567344784737
0.6224356889724731
0.01255444809794426
0.0004255613894201815
0.018546614795923233
0.027669450268149376
0.0003684201801661402
0.052562255412340164
0.0009047618368640542
0.0008896871004253626
0.0003578675095923245
0.0006292300531640649
0.16524583101272583
0.00032384603400714695
0.04781348258256912
0.024317579343914986
-1.7890943126985803e-07
0.16266000270843506
0.0002938664401881397
0.019091740250587463
0.0004206016310490668
0.016904475167393684
0.037510503083467484
0.07060780376195908
0.00012712155876215547
0.038792721927165985
0.055250734090805054
0.00016495113959535956
0.07138001918792725
0.001672861399129033
0.0005507440073415637
0.0001625538570806384
0.06453011929988861
0.12421867996454239
0.0003683162503875792
0.014472465962171555
0.04013216868042946
0.01295766793191433
0.0004162931290920824
0.008849657140672207
0.0011381766526028514
0.000765111530199647
0.0007506388938054442
0.00713429506868124
0.00027970666997134686
0.020083168521523476
9.975174179999158e-05
0.0003190402057953179
0.00011441938841016963
0.0025439229793846607
0.029820840805768967
0.4400029480457306
0.04610775038599968
0.00011195474507985637
0.09527617692947388
0.0003506830835249275
2.0553672313690186
0.08608555048704147
0.026705827564001083
6.08897244092077e-05
0.008828824386000633
0.04940880462527275
0.0002254372666357085
0.002661972539499402
0.42630118131637573
0.05450814962387085
0.13089148700237274
0.061337392777204514
0.00487592862918973
0.025098923593759537
0.06174638494849205
7.194841600721702e-05
0.00035786701482720673
0.01613667421042919
0.24536971747875214
0.03498414531350136
0.00019726413302123547
0.12310770899057388
0.0007426655502058566
0.0020506102591753006
0.0001125475755543448
0.00037502433406189084
0.0001881155330920592
0.0003802041173912585
0.0003365230222698301
0.04666417837142944
0.5274481773376465
0.03474155068397522
1.0376700162887573
0.00026029942091554403
0.4597703814506531
0.014905941672623158
0.00043106480734422803
0.00040026914211921394
0.4163575768470764
0.02632579766213894
0.0001178066449938342
0.01678038202226162
0.00024750689044594765
0.5671184062957764
0.016220441088080406
0.02704787068068981
0.18398597836494446
0.0004698944103438407
0.0008209067163988948
0.013367608189582825
0.011622863821685314
0.00018988357624039054
4.857220483245328e-05
0.07626549899578094
0.0006732222391292453
0.00021193965221755207
0.024622472003102303
0.5134267807006836
4.646003799280152e-05
0.0018721458036452532
0.1756087988615036
0.026231952011585236
0.005825013853609562
0.01754307560622692
0.00018876773538067937
0.008689469657838345
0.00013234911602921784
0.000325342029100284
0.02732863463461399
0.044185735285282135
4.540169902611524e-05
0.07196198403835297
0.0002548162592574954
0.012677306309342384
1.2836896181106567
0.03712424263358116
0.00012898867134936154
0.9565137624740601
0.4376665949821472
0.000271309312665835
0.00041972947656176984
0.4005383849143982
0.0003782909188885242
0.00039945606840774417
0.0014824924292042851
0.02680930681526661
0.0006263752584345639
0.011127210222184658
0.05531695857644081
0.00024637693422846496
0.21511848270893097
0.0003846518520731479
0.0004041267093271017
0.0005212426767684519
0.00021050687064416707
0.0006686245324090123
0.007401695474982262
0.4686872959136963
0.0006269394070841372
0.06540726125240326
0.0453500933945179
0.058357417583465576
0.00013840512838214636
1.638120174407959
0.0001967993302969262
3.829307752312161e-05
0.0012485225452110171
0.00012378787505440414
0.11055953055620193
0.06182277947664261
0.0007227338501252234
0.041704729199409485
0.0444432869553566
0.01450834795832634
0.000300358486128971
0.0003562803321983665
0.000835849845316261
0.00016116588085424155
0.03792405128479004
0.0010134732583537698
0.00038241338916122913
0.71552973985672
0.012175017967820168
0.06844371557235718
0.00691573740914464
0.007634423673152924
0.00043062216718681157
0.15146104991436005
0.025409558787941933
0.00010154345363844186
0.323032408952713
0.00047462680959142745
0.018747443333268166
0.04999462515115738
0.05310068652033806
0.00030483404407277703
0.029553718864917755
0.03738068789243698
0.0004826544027309865
0.03824174031615257
0.00033223291393369436
0.000657531782053411
0.0001567118160892278
0.024614816531538963
0.6561706066131592
0.00013145354751031846
0.00020583748118951917
0.0002688470121938735
0.057220458984375
0.0006996332667768002
0.008043548092246056
8.609268115833402e-05
0.0003245440893806517
0.04071725532412529
8.190262633434031e-06
0.006029520649462938
0.04859372228384018
0.00022664121934212744
0.7292563319206238
0.00040912360418587923
0.44387683272361755
0.015270279720425606
0.0037972882855683565
6.478535942733288e-05
0.005265058483928442
0.00017603828746359795
0.0003622200747486204
0.49267199635505676
0.0005582094890996814
0.48849695920944214
0.0001795338321244344
0.00030511210206896067
0.00012959858577232808
0.00016674376092851162
0.027270684018731117
0.5475058555603027
0.014842335134744644
0.03323372080922127
0.03013133816421032
0.0005836762138642371
0.0014688762603327632
8.01849237177521e-05
0.0001356240245513618
0.00042140152072533965
0.00018801057012751698
0.05008219927549362
0.00028096523601561785
0.00031107940594665706
-6.659821792709408e-06
0.0009756795479916036
0.00027681663050316274
0.00010540815128479153
0.00012433940719347447
0.00023449657601304352
0.0005471229669637978
0.00047861417988315225
0.7312238812446594
0.5499891042709351
0.00020946480799466372
0.0005710248951800168
0.00011361523502273485
0.03980325907468796
0.033518049865961075
0.018483905121684074
0.0003629921411629766
0.0001861199561972171
0.0001911977306008339
0.00027542258612811565
0.017630955204367638
0.04129122197628021
4.34033245255705e-05
0.00018967427604366094
0.06280109286308289
0.0001502881059423089
0.0007881054771132767
0.02490544132888317
0.0004922478110529482
0.00022619265655521303
0.03615592420101166
0.0012494184775277972
0.001007396844215691
0.0004898033803328872
0.0005148816271685064
0.031111225485801697
3.744744753930718e-05
0.00011367740808054805
0.0012188415275886655
0.38433071970939636
0.0003239501966163516
0.4413781464099884
0.000599635299295187
0.04846464470028877
0.00016157524078153074
0.04532487690448761
0.0014228230575099587
0.0004952831077389419
0.00011041318794013932
0.0002703359059523791
0.0016805370105430484
0.0002308424300281331
7.051001011859626e-05
0.055137790739536285
0.0002654335694387555
0.04368869587779045
0.00014986275346018374
0.004719840828329325
0.00012002233415842056
0.0005668627563863993
0.0007872938294894993
0.0002686034713406116
0.444690078496933
0.49363088607788086
0.000276428647339344
0.008144414983689785
0.005690268240869045
0.00016985394177027047
0.0007666555466130376
0.03260960057377815
0.6189115643501282
0.005197001155465841
0.0001176851219497621
0.0009208614937961102
0.0008944602450355887
0.02598525397479534
0.007980233058333397
0.00011180061846971512
0.00045097313704900444
0.013828986324369907
0.0005643751937896013
0.0625227615237236
6.658196070929989e-05
0.0012137774610891938
0.00014448200818151236
0.00018034162349067628
0.3851923942565918
0.48251521587371826
0.05670830234885216
0.378551721572876
0.020176436752080917
0.00014645404007751495
0.0002190352533943951
0.0420597642660141
0.00011372507287887856
0.0013288971967995167
0.0017655739793553948
0.5680174827575684
0.00019386658095754683
0.0001713145902613178
0.013691112399101257
4.3436313717393205e-05
0.014848286285996437
0.000422833050834015
0.0012673777528107166
0.4369179606437683
0.00010832342377398163
0.0803426057100296
0.04791092500090599
0.0007914105663076043
0.011349591426551342
0.038350436836481094
0.00021392687631305307
0.00015030312351882458
0.00011699966853484511
0.02790760062634945
0.048870865255594254
0.08803848177194595
0.044300977140665054
3.715258208103478e-05
0.0006544956122525036
0.00023214775137603283
0.00249305902980268
0.046438172459602356
0.018635720014572144
0.0007537950878031552
0.00010965201363433152
0.0003892020904459059
0.015210621058940887
0.00010743969323812053
0.04277297481894493
0.003182814223691821
0.00011501371773192659
0.017499055713415146
0.3602234125137329
0.000729667313862592
0.0001085884723579511
0.00031520440825261176
0.0038364811334758997
0.01221448089927435
0.000117849740490783
0.5321701169013977
0.04658358916640282
0.002058162819594145
0.00021281956287566572
0.01270882785320282
0.004668041132390499
0.0012537065194919705
0.07117141783237457
0.038772616535425186
0.0019900286570191383
0.02873883955180645
0.06751330196857452
0.006782646290957928
0.0010826168581843376
0.00020984037837479264
0.0011967872269451618
0.0003890358784701675
0.7447651624679565
0.4830242991447449
0.04393282160162926
0.015684833750128746
0.00801161676645279
0.0003321570693515241
0.06826051324605942
0.00014533808280248195
0.31388601660728455
0.16119059920310974
0.6842278838157654
5.907406011829153e-05
9.698646317701787e-05
0.00030569665250368416
0.5419763922691345
0.04206521064043045
0.015262703411281109
0.0032337524462491274
0.16891422867774963
0.025036530569195747
0.00018082176393363625
7.080683280946687e-05
0.6685112118721008
0.0004984927945770323
0.00031781737925484776
0.06086045503616333
0.01093275286257267
0.002714711707085371
0.00019094758317805827
0.00037918626912869513
0.014662865549325943
0.023699941113591194
0.2884886562824249
0.00030377195798791945
0.0004132279718760401
0.06549926847219467
0.4535828232765198
0.0007453187718056142
0.06197670102119446
0.0002600890875328332
0.00040173291927203536
0.00017104513244703412
0.3490735590457916
0.0010453035356476903
0.0007768099312670529
0.00010037458559963852
0.0026082273107022047
0.8138436675071716
0.035065047442913055
0.03235824778676033
0.00047585603897459805
0.0002231721591670066
0.00016641514957882464
0.15752924978733063
9.758736996445805e-05
0.00039649574318900704
0.020159052684903145
0.28713393211364746
0.3788447976112366
0.5712370872497559
0.23487943410873413
0.0006362659623846412
0.029425233602523804
0.06342077255249023
0.025588147342205048
0.5958673357963562
0.028590545058250427
0.0008794771274551749
0.00020158410188741982
0.013645590282976627
0.5871032476425171
0.8085891604423523
0.04002344235777855
0.0006851424695923924
0.0008289875695481896
0.03354407101869583
0.0003193669836036861
0.031736839562654495
0.00017145588935818523
0.013124009594321251
0.009556290693581104
0.00039418431697413325
0.000359024154022336
0.019871652126312256
0.00033555360278114676
0.0006337602972052991
0.029560226947069168
0.866924524307251
0.14493584632873535
0.0005624633049592376
0.04273474961519241
0.00011192194506293163
0.00010976328485412523
0.01207846961915493
0.044633932411670685
0.0002403312682872638
6.305154238361865e-05
0.047239769250154495
0.3824227452278137
9.061732271220535e-05
0.031648408621549606
0.008210090920329094
0.00012366194278001785
0.00018139473104383796
0.0003076939028687775
0.06513437628746033
0.13282087445259094
0.037916433066129684
0.00029135184013284743
0.00011265090142842382
0.00031111162388697267
5.436855281004682e-05
0.003571368521079421
0.029766816645860672
0.00010740262951003388
0.0001332974061369896
7.907453982625157e-05
0.005162461660802364
0.47866490483283997
0.00014081488188821822
0.3333338499069214
0.0007335416739806533
0.055820297449827194
0.00010298371489625424
0.00023337754828389734
0.04683854430913925
0.0002432221226627007
0.06391265988349915
0.03220786526799202
0.0004387253720778972
0.007823457941412926
0.010665629990398884
1.30951726436615
0.4570881426334381
0.0003968049131799489
0.1284850686788559
0.00015551991236861795
0.00029840049683116376
0.007680120412260294
0.027854233980178833
0.0007729638600721955
0.050597965717315674
9.25548083614558e-05
0.04661749303340912
0.029836399480700493
9.711925667943433e-05
0.00019830789824482054
0.026077022776007652
0.04742947965860367
0.00030897758551873267
0.0005169622018001974
0.10268589854240417
0.0022722941357642412
0.0004031305434182286
0.7682295441627502
0.00011677719885483384
0.02480451762676239
0.014740313403308392
9.903389582177624e-05
0.0007036178139969707
0.1094331219792366
0.0002549239434301853
0.03034602478146553
0.03369344770908356
0.0002489436883479357
0.4231465458869934
0.0011639778967946768
0.11434036493301392
0.0003079464950133115
0.0005150600918568671
0.00020847203268203884
0.00023918553779367357
8.588708442403004e-05
0.00022777446429245174
0.4874996542930603
0.06074141710996628
0.03488399460911751
0.5426080822944641
0.0003415145038161427
0.0021218375768512487
0.01954672485589981
0.037507276982069016
0.00032462034141644835
0.12488748878240585
0.0007420370820909739
0.008938251063227654
0.07062643021345139
0.026553833857178688
0.00029666442424058914
0.02573966421186924
1.5184842348098755
0.00019687092571984977
0.0003459140134509653
0.0002345956745557487
0.0003550667315721512
0.000812668411526829
3.1061626941664144e-05
0.0009388083126395941
0.6038029193878174
0.32587820291519165
0.025393424555659294
0.0003116614534519613
0.0005357999471016228
0.0001872305729193613
0.00041353492997586727
0.005918736103922129
0.013717621564865112
5.907825834583491e-05
0.0752328485250473
0.0002576395927462727
0.03184548392891884
0.002214400563389063
0.6697730422019958
0.0005927091697230935
0.04329252243041992
0.00018690701108425856
0.0001967959979083389
0.022550635039806366
0.03394075855612755
0.00013145318371243775
3.591925633372739e-05
9.057267743628472e-05
0.008348094299435616
0.00031207455322146416
0.0004372040566522628
0.01604459248483181
0.0006613893201574683
0.000430276122642681
0.0067302691750228405
0.08580467104911804
0.00025414765696041286
0.00031751295318827033
0.03352941945195198
0.0012179381446912885
0.0013250306947156787
0.3203020691871643
0.00012294843327254057
0.04529208689928055
0.012402677908539772
0.0002276041341247037
0.05796954408288002
0.0008596758125349879
0.054875895380973816
0.455009788274765
0.03654235228896141
0.0002799742796923965
0.0005082366405986249
0.0003477692371234298
0.0012585473014041781
0.014082485809922218
0.0002451388572808355
0.00018140222528018057
5.558116912841797
0.00010708066110964864
0.01473907195031643
0.0014088257448747754
0.3072549104690552
0.009664880111813545
0.02398040145635605
0.0008161350851878524
0.0002911665942519903
0.0009528275113552809
0.0002998627023771405
0.0004473273875191808
0.014650815166532993
0.013306709006428719
0.0934036448597908
0.0003401318099349737
0.00019321279251016676
0.0691734254360199
0.02473125234246254
0.028003036975860596
0.15687572956085205
0.01359145250171423
9.278040670324117e-05
0.01420698780566454
0.0006719384109601378
0.0011683925986289978
0.26457446813583374
0.00030069000786170363
0.0037326780147850513
0.0008117050747387111
0.7783043384552002
0.028039097785949707
7.505546818720177e-05
0.00035209470661357045
0.05159124732017517
0.02051299437880516
0.00016857539594639093
0.0006288523436523974
0.24961864948272705
0.0012484178878366947
0.00021685102547053248
0.017033198848366737
0.0005721535999327898
0.0005061877309344709
0.0005209362716414034
0.01717943511903286
0.6101987957954407
0.0008709350368008018
0.0002170469524571672
0.0008022451074793935
0.2624031901359558
7.578351505799219e-05
0.03965744376182556
0.006772921420633793
0.7068946957588196
0.03285615146160126
0.0003728837473317981
0.0005823184037581086
0.0033872395288199186
0.00015719504153821617
0.0008902876288630068
0.018732596188783646
0.0001319743605563417
0.00027493538800626993
0.013588115572929382
0.011213071644306183
6.126757216406986e-05
0.4078385531902313
0.0005191513919271529
0.0007288521737791598
0.0003337664529681206
0.056478239595890045
0.04762692004442215
2.9461458325386047e-05
0.5528200268745422
0.00023616883845534176
0.0003219977661501616
0.0020506074652075768
0.0015549416420981288
0.11038342863321304
0.04806871339678764
0.00016204001440200955
9.308505832450464e-05
7.138933870010078e-05
0.00023272831458598375
0.15295735001564026
0.00013543367094825953
0.006191108841449022
0.053816791623830795
0.07995982468128204
0.0005289617110975087
0.00041425967356190085
0.00025297701358795166
0.0560905784368515
0.0003943272167816758
0.0008286332595162094
0.023540977388620377
0.02501865290105343
0.040809884667396545
0.00024964174372144043
0.00010497197217773646
0.0030674883164465427
0.05898509919643402
0.00024835593649186194
0.0002915290533564985
0.00025011677644215524
0.0007647829479537904
0.0003608355182223022
0.03720127418637276
0.00012320159294176847
0.0120692765340209
0.00028921483317390084
0.10730879753828049
0.0003331358602736145
0.0016009639948606491
0.016895083710551262
0.0004794268752448261
0.03497115150094032
0.01671038381755352
0.10412194579839706
0.045660700649023056
9.56645017140545e-05
7.173461926868185e-05
0.0001860789197962731
0.03345855325460434
9.422650327906013e-05
0.00025834632106125355
0.07746879756450653
0.0001753631077008322
0.7759882211685181
0.008954182267189026
0.000267714582150802
0.01271379180252552
0.0004477851325646043
0.03376753628253937
0.04056307673454285
0.0002308368420926854
0.0003823374572675675
0.20571061968803406
0.00042686224333010614
0.03359825536608696
0.0010442176135256886
0.00030498087289743125
0.057415030896663666
0.0006132647977210581
0.013924592174589634
0.0042890990152955055
0.00024594293790869415
0.00015923153841868043
0.02332572638988495
0.0006138443714007735
0.032229579985141754
0.00028536442550830543
0.01949290558695793
0.00018455971439834684
0.0001961635280167684
0.06269551813602448
0.0004413610731717199
1.0801481008529663
0.2455696165561676
0.00015908866771496832
0.00027941467124037445
0.04634925723075867
0.00015143488417379558
6.144723010947928e-05
0.11458336561918259
0.0007442869246006012
5.806283661513589e-05
8.427901775576174e-05
0.2923075556755066
0.00913301296532154
0.0423261858522892
0.1210603341460228
0.013664769940078259
0.24658259749412537
0.00038923390093259513
0.017782120034098625
0.031370941549539566
0.07154325395822525
0.058887362480163574
0.051170386373996735
0.007322018034756184
0.05227646604180336
0.05418078601360321
0.0009145712247118354
0.0006607645191252232
0.03016396053135395
0.03929946944117546
0.00015960560995154083
0.0005564735038205981
0.03132500499486923
0.0004283821617718786
0.00023683490871917456
0.00024735555052757263
0.026802606880664825
0.03364678844809532
0.00017893736367113888
0.903069257736206
0.04205309599637985
0.008724140003323555
0.06975401937961578
0.0001757585268933326
0.31375443935394287
0.4762223958969116
0.0002918253594543785
0.0013568795984610915
0.031071778386831284
0.0005676146247424185
1.1511273384094238
0.05020614340901375
0.0056158616207540035
0.0002501624694559723
0.00026564212748780847
0.29984718561172485
8.20206623757258e-05
0.00038077536737546325
0.0009741657413542271
9.721791866468266e-05
0.0002222776529379189
0.057143595069646835
0.0013534341705963016
0.00030604563653469086
0.0006146050291135907
0.051337599754333496
1.0010604858398438
0.00010598532389849424
0.0003973408311139792
0.00024102363386191428
0.03547486662864685
0.0005234266282059252
0.0004901859210804105
0.00010724919411586598
0.4737436771392822
0.004943388979882002
0.01393582671880722
0.5701584219932556
0.04483068734407425
0.01191865187138319
0.020567569881677628
0.00015141614130698144
0.0733458623290062
0.016981476917862892
0.003843525191769004
0.48834484815597534
0.00018691856530494988
0.00014365762763191015
6.861901783850044e-05
0.00012089413939975202
0.0015777652151882648
0.5762186646461487
0.056486792862415314
0.0005788808921352029
0.005535060074180365
0.7061401009559631
0.04191150888800621
0.013612714596092701
0.04965194687247276
0.00036817966611124575
0.0011685207718983293
0.0005283463979139924
0.15804408490657806
0.04250955581665039
0.015527985990047455
0.0005376251647248864
0.020697632804512978
0.0003120168694294989
0.00019642652478069067
0.4042932689189911
0.00031139166094362736
5.898597009945661e-05
0.0002712228742893785
0.015896162018179893
0.01592927612364292
0.000563684618100524
0.44538089632987976
0.0003529487003106624
0.0001207205859827809
0.020042918622493744
0.01197452936321497
0.4581279754638672
0.1065380722284317
0.00033095155959017575
0.5262276530265808
0.00112876296043396
0.0003592493594624102
0.0474192351102829
0.01981315389275551
0.14203335344791412
0.03158029168844223
0.0009554741554893553
0.35753732919692993
0.001533609232865274
0.0052754078060388565
0.03190320357680321
0.0005468145827762783
0.0007326943450607359
0.0001608877064427361
0.0005788793205283582
0.0010981615632772446
0.0003634296590462327
0.0613245889544487
0.0002706208033487201
0.03920736163854599
0.5835040807723999
0.034241244196891785
9.656764450483024e-05
0.012556501664221287
0.022442523390054703
0.0003357790410518646
0.4410568177700043
0.37251830101013184
9.086655336432159e-05
1.155703193944646e-05
0.00012519958545453846
0.0033480669371783733
0.00014129679766483605
0.46171408891677856
0.0646059438586235
0.32590433955192566
0.0002546568284742534
0.0015797941014170647
0.0019814788829535246
0.024431655183434486
0.00046533968998119235
0.00021964030747767538
0.021638231351971626
0.00012091927055735141
0.003787791822105646
0.011646420694887638
0.00023400844656862319
0.0007457015453837812
0.0012771044857800007
0.08990179002285004
0.5457639694213867
0.00011368014384061098
0.00015007407637313008
0.0027998120058327913
0.03979163244366646
0.00012857904948759824
0.0004092040180694312
0.04294233024120331
0.00019992874877061695
0.0004083548847120255
0.08036534488201141
0.1653629094362259
0.0003663286042865366
0.05295078083872795
0.04795674979686737
8.987040200736374e-05
0.012834225781261921
0.00043320516124367714
0.029734043404459953
0.0806027501821518
0.00013705919263884425
0.03486110642552376
0.00018034325330518186
0.05101107805967331
0.04682500660419464
0.02462932839989662
0.000490574340801686
0.0001349446247331798
0.000647906621452421
0.00027835945365950465
0.0018357353983446956
0.436520516872406
0.0004693970549851656
0.0003830317873507738
0.0383954755961895
0.00013599202793557197
0.0023253755643963814
0.013177321292459965
0.0007806859794072807
4.844922659685835e-05
0.11381466686725616
0.0006447124178521335
0.0015406651655212045
0.5631944537162781
0.048159051686525345
8.976794924819842e-05
-7.059177733026445e-06
0.059912800788879395
0.05296953395009041
0.007444570306688547
0.0003058387665078044
0.00036465851007960737
0.11597805470228195
0.00021500620641745627
0.0003669032303150743
0.000286603084532544
0.22685542702674866
0.049981698393821716
0.6757100820541382
0.11502034962177277
0.00011419336806284264
0.0006349256145767868
0.002431542845442891
0.04539792239665985
0.015490012243390083
0.5272719860076904
0.00018007196194957942
0.03110702708363533
0.07726269960403442
0.021461017429828644
0.00033555517438799143
0.002811822108924389
0.04211287572979927
6.666149420198053e-05
0.10925815999507904
0.00015329830057453364
0.3740245997905731
0.0003330610634293407
0.5918574333190918
0.00028428519726730883
0.00037335531669668853
0.02670559287071228
0.03555838763713837
0.000366186402970925
0.39661693572998047
0.0006721446989104152
0.05321298539638519
0.07585921883583069
0.27725785970687866
0.00038130016764625907
0.0016294530360028148
0.03430893272161484
0.5667649507522583
0.01925596222281456
0.0005170956719666719
0.4381972849369049
0.558241605758667
0.10772529244422913
0.032708022743463516
0.0003019489231519401
0.0015565792564302683
0.014597712084650993
0.5287622213363647
0.0003349758335389197
0.0002890434116125107
0.00037466883077286184
0.051585327833890915
0.39168742299079895
0.0003082237672060728
0.03380397707223892
0.5544689893722534
8.057164814090356e-05
0.00019239139510318637
0.9634658694267273
0.00018714347970671952
0.00013463242794387043
0.0532054603099823
0.34025442600250244
0.0010000938782468438
0.00011670509411487728
0.006607086397707462
0.046194784343242645
0.00012720562517642975
0.0004535205662250519
0.06517913192510605
0.0001160341125796549
0.5291130542755127
0.06583168357610703
0.0002738473122008145
5.027234146837145e-05
0.0002514756051823497
0.04092119634151459
0.0002001299144467339
0.01850229501724243
8.283055649371818e-05
0.002327547874301672
0.0005173522513359785
0.07556542009115219
9.681843948783353e-05
0.3748224675655365
0.0003449638024903834
0.04065839201211929
0.027238504961133003
0.00036624851054511964
0.00011831503070425242
0.0001846695231506601
0.000219279172597453
3.768939495785162e-05
0.002223813906311989
0.036430999636650085
0.0001547440333524719
0.00015837865066714585
0.008842342533171177
0.00020266554201953113
0.0011641752207651734
0.7400192022323608
0.520218551158905
0.046193432062864304
0.00015980326861608773
0.00035823960206471384
0.04061584919691086
0.011590057983994484
0.7227658629417419
0.3660975992679596
0.495472252368927
0.020195573568344116
0.00023290504759643227
0.0002841810055542737
0.4614441394805908
0.000261527398834005
0.00026302976766601205
0.00040586653631180525
0.029789859429001808
0.00019558971689548343
0.00014388964336831123
2.2345739125739783e-05
0.00045640883035957813
0.023058094084262848
0.014712437987327576
0.00021914526587352157
7.798564911354333e-05
0.0004660328559111804
0.00045501187560148537
0.0007686692988499999
0.02013571932911873
0.645198404788971
0.07698828727006912
0.056200940161943436
0.060361992567777634
0.000498432491440326
0.0008965746965259314
0.00022584963880944997
0.330233633518219
7.187445589806885e-05
0.6796270608901978
0.0003392248472664505
0.00020233691611792892
0.00014668187941424549
0.03531406819820404
0.051268137991428375
0.00039264417137019336
3.649391874205321e-05
0.021667180582880974
0.00346247386187315
0.0002458565286360681
7.30371757526882e-05
6.202527629284305e-07
0.41213780641555786
0.0006076858262531459
0.000301501015201211
0.014234467409551144
0.2230011373758316
0.0002142467856174335
0.00010319353168597445
0.007458978332579136
0.008967339992523193
0.4339447319507599
0.24385935068130493
0.3354374170303345
0.0006346983136609197
2.624329090118408
0.4351165294647217
0.0007106239208951592
0.5094653367996216
0.00044760387390851974
0.1451231986284256
0.0002416685747448355
0.00035426084650680423
0.04731183126568794
0.03807254508137703
0.012232325039803982
0.006716600619256496
0.7887839078903198
0.03959847614169121
4.8171386879403144e-05
0.3597700893878937
1.0490562915802002
0.00026268232613801956
0.020349299535155296
0.000349030684446916
0.005411223508417606
0.017064517363905907
0.33837318420410156
0.0003671008162200451
0.00033437879756093025
0.0030298044439405203
0.0006727819563820958
0.04116183519363403
0.00015367336163762957
0.0001823664497351274
0.00045547328772954643
0.006010225508362055
0.0003766920417547226
0.15268465876579285
8.065316069405526e-05
0.12172295898199081
6.795094668632373e-05
0.0003208691196050495
0.05562063679099083
0.03599178045988083
0.00019472405256237835
0.05197829753160477
0.0003535415744408965
0.10078833252191544
0.010345819406211376
0.00012064072507200763
0.0001364525523968041
0.0022788839414715767
6.696356285829097e-05
0.00013219774700701237
0.0004993285983800888
0.03367818892002106
0.2588466703891754
0.022870834916830063
0.02088671363890171
0.00026983176940120757
0.07056540250778198
0.0005804469110444188
0.0005341754294931889
0.03415153920650482
0.0005260169273242354
0.00022188614821061492
0.0003403249429538846
0.03696791082620621
0.02397458627820015
0.000554499973077327
0.0004770114319398999
0.0003859467979054898
0.0005531219649128616
0.05229756608605385
0.000361057958798483
0.01587701588869095
0.06153181567788124
0.04173135757446289
0.0004549998848233372
0.5709578394889832
0.0019396103452891111
0.6435922980308533
0.0004008058167528361
0.04490925744175911
0.000286726513877511
0.7572377920150757
0.00014827580889686942
9.526944631943479e-05
0.04493900015950203
1.0029501914978027
0.010651989839971066
0.10726156830787659
0.021534716710448265
0.01195563469082117
0.019890449941158295
0.00046361921704374254
0.04277956858277321
0.8569709062576294
0.0002445249992888421
0.0003415284736547619
0.00019269752374384552
0.07323190569877625
0.0003065859782509506
0.0003180385392624885
0.0002302627544850111
0.00038477848283946514
0.0002752297732513398
0.046648167073726654
0.07946711778640747
0.07688727229833603
0.07309999316930771
9.339043026557192e-05
0.022195639088749886
0.000422828015871346
0.004020822700113058
0.000263446505414322
0.003812856739386916
0.04732498154044151
0.003775124903768301
0.00020369420235510916
0.0006622658111155033
0.00046119539183564484
0.02594628371298313
0.0005574308452196419
0.0007545663975179195
0.05952874571084976
0.03810370713472366
0.0005502684507519007
8.925477595767006e-05
0.0003353798820171505
0.05302729830145836
0.00019512772269081324
0.00020840938668698072
0.9276871085166931
0.5375651717185974
0.0005498937098309398
0.00013154161570128053
0.0015405225567519665
0.16298389434814453
0.0006623602821491659
0.0075175403617322445
0.0005842153914272785
0.00046683166874572635
0.029213525354862213
0.00011038568482035771
0.05380409210920334
3.2137961387634277
8.008006261661649e-05
0.00020601344294846058
0.00014177033153828233
0.5645561814308167
0.00030608760425820947
0.45156601071357727
0.39683711528778076
0.0003797088866122067
0.0003922537143807858
0.017293091863393784
0.0003232243761885911
9.837467223405838e-05
0.03607860580086708
0.00040974945295602083
0.00021614323486573994
0.004583266563713551
0.00014032426406629384
0.001535926479846239
7.170534081524238e-05
0.0794028714299202
0.000316657213261351
0.3302152752876282
0.06076275557279587
0.0474851131439209
8.35893806652166e-05
0.047342557460069656
0.040044140070676804
0.5048077702522278
0.3353155851364136
0.04422003775835037
0.003173217875882983
0.00023564488219562918
0.6671533584594727
0.004133082460612059
0.019443219527602196
0.0004148109001107514
0.0407104566693306
0.0011537838727235794
0.0002094585361192003
0.024011705070734024
0.0006159431068226695
0.00012459352728910744
7.4404088081792e-05
0.00021284261310938746
0.9307410717010498
0.0002772874722722918
0.05580758675932884
8.339891792275012e-05
0.006863876711577177
0.3785136938095093
0.0008703729254193604
0.0008232779800891876
0.00032029152498580515
0.0006302536930888891
0.619595468044281
8.323002111865208e-05
0.05061028152704239
0.3967294991016388
0.0003002385492436588
0.0009123438503593206
0.00021919328719377518
0.027067644521594048
0.00017211346130352467
0.0005757570615969598
0.00024499918799847364
8.353550219908357e-05
0.00014987717440817505
0.0007012994610704482
0.04570873826742172
0.0001597170194145292
0.00024036475224420428
0.0011107416357845068
0.00023887497081886977
0.018396921455860138
0.03067151829600334
0.000308729155221954
0.2529377043247223
0.0014221587916836143
0.00022028615057934076
0.00023795620654709637
0.0004771825624629855
0.0023572570644319057
0.0006335017387755215
0.03412901610136032
0.000206660944968462
0.005094543565064669
0.01640212908387184
0.00010846983786905184
0.10667000710964203
0.4313441812992096
0.050121940672397614
0.00016127688286360353
0.04678497463464737
0.03312065824866295
0.0003760972758755088
6.37023986200802e-05
0.007089205086231232
1.072417974472046
0.0002893212949857116
0.0010083059314638376
0.0005008582957088947
5.549656998482533e-05
0.11800505965948105
0.06645407527685165
0.040411125868558884
0.11618955433368683
0.01668899692595005
0.00021997959993313998
0.033288802951574326
0.00015042227460071445
0.0004289844073355198
0.060452722012996674
0.0002485352160874754
8.209243242163211e-05
0.00013251999916974455
0.003544245846569538
0.00025564213865436614
0.03180063143372536
0.0006375507218763232
0.005225397180765867
0.031945519149303436
0.0005350624560378492
0.045167967677116394
0.018593493849039078
0.0026056815404444933
0.0009508152143098414
0.0002514049119781703
0.001969993347302079
5.796523328172043e-05
0.000344746105838567
0.03498537093400955
0.0001849693653639406
0.0004771519743371755
0.02217775583267212
0.014897547662258148
0.00519288657233119
0.08496996015310287
0.003511072602123022
0.0319071039557457
0.0875217393040657
0.6289917230606079
0.5485084652900696
0.0004311557568144053
0.00010289636702509597
0.0005500232218764722
0.00013409681560005993
0.35132578015327454
0.0013720528222620487
0.0001043801530613564
0.06166435405611992
3.821901555056684e-05
0.03457661345601082
0.029110195115208626
0.00016767933266237378
0.0781274065375328
0.00013335941184777766
0.00012159075413364917
0.00031644871341995895
0.00012085667549399659
0.0037488334346562624
0.00023334597062785178
0.010092624463140965
0.00040282568079419434
0.12474250048398972
0.00019209994934499264
0.07652067393064499
0.04280341416597366
0.00021117764117661864
0.3868646025657654
0.00012404873268678784
5.4265099606709555e-05
9.904531907523051e-05
0.502920925617218
0.00016794966359157115
0.000295320525765419
0.0002635364362504333
0.0005211300449445844
0.0002022326661972329
0.4336499869823456
0.00018929745419882238
0.04235931113362312
0.05475637689232826
1.2394936084747314
0.0007102549425326288
0.0003449181967880577
0.0007854588329792023
0.06299728900194168
0.00030838881502859294
0.8793001770973206
0.07036247849464417
0.05740979686379433
0.0002696065348573029
0.03030722588300705
0.0007514335447922349
0.0007487949333153665
0.00023940544633660465
3.371444108779542e-05
0.00013577054778579623
0.02435080148279667
0.00032155890949070454
0.47295111417770386
0.0023735782597213984
0.0010736807016655803
0.00019312086806166917
0.03447183594107628
0.0014795400202274323
0.000498859619256109
0.000178203743416816
0.054035790264606476
0.0008326180977746844
0.023227768018841743
0.0006571583217009902
0.0005692802951671183
0.22268295288085938
0.0001328071957686916
0.2153628170490265
0.3326026499271393
0.0004715996328741312
7.967899728100747e-05
0.00018278883362654597
0.007822593674063683
0.0002807543205562979
0.05576952546834946
0.04896075278520584
7.806253415765241e-05
0.0002522665890865028
0.0001447132817702368
0.0002490179904270917
0.015854226425290108
7.168103911681101e-05
0.0004826697986572981
0.010098687373101711
0.040201686322689056
0.020942747592926025
0.00016998680075630546
0.00025987211847677827
0.004712116438895464
0.0017469478771090508
0.0005669809179380536
0.03198700398206711
0.0003555213043000549
0.000829998985864222
0.0015199611661955714
0.0026025078259408474
0.0002867600414901972
0.0786554366350174
0.024895982816815376
0.0005062093841843307
0.32926514744758606
0.052238695323467255
0.03961436450481415
0.015624400228261948
0.00015025713946670294
0.0016058024484664202
3.19631326419767e-05
0.13171595335006714
0.3631020486354828
0.04048634320497513
0.0001409633841831237
0.0001391774567309767
0.03844166547060013
0.000312474207021296
0.0003289927844889462
0.0009030097862705588
0.0001657109532970935
0.05654742568731308
0.041904304176568985
0.08423735201358795
0.000236638865317218
0.00013358386058826
0.038019005209207535
0.0007251778733916581
0.36161062121391296
0.04318542033433914
0.0159823726862669
0.07968462258577347
0.0030301010701805353
0.026512131094932556
0.0003849351196549833
0.00040837182314135134
0.0002977352705784142
4.6029905206523836e-05
0.349685937166214
0.5985620021820068
0.010276667773723602
0.0003491613897494972
0.00011719406757038087
0.06575490534305573
0.00019716212409548461
0.12582723796367645
0.027180392295122147
0.007967304438352585
0.04314421862363815
0.00042491877684369683
0.009102312847971916
0.00033173069823533297
4.861277557210997e-05
0.06488890945911407
4.2061674321303144e-05
0.00034537396277301013
0.49705082178115845
0.00016501253412570804
0.0001028311817208305
0.019187944009900093
0.00010433460556669161
0.0050564976409077644
0.0005563258309848607
0.000622942519839853
9.991374099627137e-05
0.00027718074852600694
0.03529692813754082
0.0003220213402528316
0.6286794543266296
0.006039316765964031
0.0004039679479319602
0.0004998194635845721
5.780454011983238e-05
0.00014016997010912746
0.027586152777075768
0.005155257415026426
0.0002038769016508013
0.00012268427235540003
0.02626158483326435
0.00011496244405861944
0.00015789196186233312
0.0008994543459266424
0.0005197261925786734
0.037342630326747894
0.0007156397332437336
2.4776827558525838e-05
0.00014836087939329445
0.00022827940119896084
0.00039317773189395666
0.03506925702095032
0.0004305817710701376
0.03717232868075371
0.006066580303013325
0.16726049780845642
0.06097754091024399
0.00014154466043692082
0.03920841962099075
0.0005339969648048282
0.00018469427595846355
0.0003691947495099157
0.00014614204701501876
0.0005768465343862772
0.0007103385287337005
1.622432827949524
0.2456110566854477
0.0006693656905554235
0.0005835003685206175
0.012226566672325134
0.02120266854763031
9.920739103108644e-05
0.4386262595653534
0.020851828157901764
0.0005458943196572363
0.5030269026756287
0.009273581206798553
0.19143299758434296
0.032982029020786285
4.1175546357408166e-05
0.0397123321890831
0.0004688923363573849
0.07444239407777786
0.00011674435518216342
0.0003007312479894608
8.684673230163753e-05
0.0001306388876400888
0.05930706113576889
0.0006456031696870923
0.00044693340896628797
0.006273847073316574
0.00105000170879066
8.000802336027846e-05
0.00010079766070703045
0.0001845686638262123
0.12255759537220001
0.029666868969798088
0.5310498476028442
0.0006471105152741075
0.00013894987932872027
0.01242919359356165
0.05620846152305603
0.00041475967736914754
0.3516700565814972
0.4920581579208374
0.03841531649231911
0.0002905295405071229
0.7537872791290283
8.899997919797897e-05
0.05430778115987778
0.00024275609757751226
0.00020767019304912537
0.01303742453455925
0.027170278131961823
0.01779584027826786
0.407016783952713
0.00040451023960486054
0.0020018715877085924
0.06641639769077301
0.0004876053717453033
0.010527615435421467
0.39459043741226196
0.00031016141292639077
0.6367173790931702
0.001549378503113985
0.025006212294101715
0.0006618565530516207
0.04887622594833374
0.010343027301132679
0.0008933009230531752
0.0002740322088357061
0.0001679194683674723
0.02359999530017376
6.914792902534828e-05
0.6395191550254822
0.04141997545957565
0.025566155090928078
0.044113386422395706
0.004310280084609985
0.009759519249200821
8.140693535096943e-05
0.021540096029639244
1.2480496168136597
0.02990235574543476
0.3602136969566345
0.00021921584266237915
0.0001683664886513725
0.07575647532939911
0.05601855367422104
0.00021569238742813468
0.18824069201946259
0.0007018535397946835
7.953443855512887e-05
0.03135598450899124
0.02399967797100544
0.0004662777064368129
0.50955730676651
0.00034239518572576344
0.0002552172227296978
0.0009252851596102118
6.280746310949326e-05
0.0002491100749466568
0.016517512500286102
0.0008003797265700996
0.0007208725437521935
0.00011335976887494326
0.034386973828077316
0.0001888520928332582
7.298575656022877e-05
0.043089162558317184
0.00016891089035198092
0.038188591599464417
0.0016273861983790994
0.02999914065003395
0.0017499295063316822
0.0004119154473301023
0.0007375263376161456
2.7688445698004216e-05
4.811097460333258e-05
0.0005388126010075212
0.0006206624675542116
0.03823593631386757
0.021025152876973152
0.032887209206819534
0.00010748858767328784
0.00020576124370563775
0.05302030220627785
0.00012646232789848
0.12588989734649658
0.00022816997079644352
0.4175504744052887
0.00041111724567599595
0.5851014852523804
0.02458309382200241
0.04309603199362755
0.07084116339683533
0.045512646436691284
0.0001629698817851022
0.00021885319438297302
0.053855739533901215
0.13813695311546326
0.5990528464317322
0.0006819463451392949
0.00045477901585400105
0.0011369339190423489
0.06046045944094658
0.00010436771844979376
0.00041947781573981047
0.0002657758886925876
2.3003214664640836e-05
0.016191350296139717
0.00013617501826956868
0.00019198002701159567
0.0699588730931282
0.0002620423911139369
0.0010211545741185546
0.30235400795936584
0.43357351422309875
0.0003847637271974236
0.15555281937122345
0.00022311795328278095
0.004041368141770363
0.017344409599900246
0.015484126284718513
0.01215745322406292
0.00013129498984199017
0.008999989368021488
0.0006862414302304387
0.0007612021290697157
0.0002725138037931174
0.004995523486286402
0.03998148813843727
0.4960867166519165
0.7988368272781372
9.462256275583059e-05
0.000234926599659957
0.00029115573852322996
0.008832450956106186
0.00014213313988875598
7.932805601740256e-05
0.00017980605480261147
4.0116636228049174e-05
0.046300556510686874
5.840939411427826e-05
0.017865298315882683
0.00036966748302802444
0.0008256270666606724
0.0003012987435795367
0.0005462792469188571
0.00017774340813048184
8.435665222350508e-05
0.0002612067328300327
0.00048690015682950616
0.0003058980801142752
0.00015735041233710945
0.0006341232219710946
0.00021872410434298217
0.000105180217360612
0.013600323349237442
0.0005426934803836048
0.001448143506422639
0.03643306717276573
0.00015293507021851838
0.02438919059932232
0.00017331291746813804
0.08846859633922577
0.011656458489596844
0.05865299701690674
0.0004620063700713217
0.030354751273989677
0.10068304091691971
0.0004621286934707314
0.014996472746133804
0.004548726603388786
0.0022340237628668547
0.001981493318453431
0.0002257740852655843
0.01589285582304001
0.06657903641462326
0.00018627893587108701
1.86498582479544e-05
0.028470560908317566
0.0014790494460612535
0.00024787907022982836
0.001881729462184012
0.0004965304397046566
0.026132754981517792
0.0006382892606779933
0.00028756665415130556
0.0005307631217874587
0.06153716892004013
0.0217332374304533
0.0004254227096680552
0.5127013921737671
0.0413941964507103
0.00045088486513122916
0.019637616351246834
0.07921428978443146
0.06991459429264069
5.239750862121582
0.3930658996105194
0.00019334888202138245
0.0002653937553986907
0.04592565447092056
0.00033800271921791136
0.00023345368390437216
0.00027917762054130435
0.025844737887382507
0.002516970271244645
0.053668633103370667
0.013952242210507393
0.00019433230045251548
0.03033362329006195
0.026837825775146484
0.00032181988353841007
0.0003708653966896236
0.00026216922560706735
0.0017599386628717184
0.00039851153269410133
2.8355748327157926e-07
0.018508099019527435
0.04051762819290161
0.0001899128983495757
0.00014373498561326414
0.0001352764229523018
0.06708317995071411
5.326352402335033e-05
0.0006941806059330702
0.0001930634753080085
0.00012946530478075147
6.272532482398674e-05
0.5276792049407959
0.00029186488245613873
0.8489081859588623
0.00037447476643137634
0.00016982438683044165
0.0614490807056427
0.4357643723487854
0.00030694238375872374
0.16817229986190796
0.032998740673065186
0.00034483030322007835
0.3414994478225708
0.027969691902399063
6.1033799283904955e-05
0.006785797420889139
0.44350922107696533
0.49129003286361694
0.019384199753403664
0.01292322762310505
0.17328166961669922
0.3715967535972595
0.0012108905939385295
0.2507307231426239
0.05538703128695488
0.021509896963834763
0.00030882543069310486
0.3015476167201996
0.0003185647656209767
7.152604666771367e-06
0.0001590857282280922
0.0001794188719941303
0.5137734413146973
0.0021569794043898582
0.00011582016304600984
0.06839960813522339
0.00011950336920563132
0.0008362715598195791
0.00014749776164535433
0.01277377363294363
0.0015161422779783607
0.017955422401428223
0.2624734044075012
0.0002999645075760782
0.0005188752547837794
0.0002876862999983132
0.03795358166098595
0.0008240813040174544
7.146635471144691e-05
0.009050579741597176
0.0016098058549687266
0.04501171410083771
0.4533246159553528
0.0003589529951568693
0.4494125545024872
0.0001707791379885748
9.493235120316967e-05
0.7400286793708801
0.00048187142238020897
0.03970714658498764
0.4835062026977539
0.00021338324586395174
0.02091909386217594
3.487848516670056e-05
0.0006878264248371124
0.0007823394262231886
0.0764559879899025
0.00010389802628196776
4.7906869440339506e-05
0.0003166443493682891
0.02421480603516102
0.03601917251944542
0.05792347714304924
0.0007893316214904189
0.00015014558448456228
0.06203959882259369
0.000537272950168699
0.5142165422439575
0.021527493372559547
0.015903964638710022
0.05427124723792076
0.043060801923274994
0.003694486105814576
0.02516930177807808
0.09070988744497299
3.7810885906219482
0.4552105963230133
0.0004254647938068956
0.0013948590494692326
0.3776072859764099
0.02577649988234043
0.0011929398169741035
0.00022328046907205135
0.0004524718096945435
0.5704457759857178
0.012833206914365292
0.00013153464533388615
0.0004605824069585651
0.0003431142831686884
0.01780850999057293
0.00011032846668967977
0.4720818102359772
0.03190457820892334
0.020402053371071815
0.0006416869000531733
0.0005961224669590592
0.19394448399543762
0.00037764920853078365
0.02683200314640999
0.021117202937602997
0.00025188885047100484
6.856708932900801e-05
0.00044557760702446103
0.0005946593591943383
0.02305643819272518
0.004531429149210453
0.00011712832929333672
0.015485035255551338
0.05493130907416344
0.06911476701498032
0.00018577241280581802
0.00018438715778756887
0.00019763207819778472
0.004017451778054237
0.0005981808644719422
0.058768436312675476
0.000384147628210485
0.00023185535974334925
0.0009004747844301164
0.00014014836051501334
0.020593054592609406
0.1232243999838829
0.03650399670004845
0.0007497429614886642
0.021950289607048035
0.09822310507297516
0.36796656250953674
0.04026011377573013
0.00036532507510855794
0.00017010339070111513
0.10272295773029327
0.48891639709472656
0.009141435846686363
0.00027679812046699226
0.00014574703527614474
7.863957580411807e-05
0.0018124713096767664
0.0370851494371891
0.00024367541482206434
0.0010163398692384362
0.04506988450884819
0.5149645209312439
0.0001379760360578075
0.03919200599193573
3.7940917536616325e-05
0.0006593920988962054
0.18863600492477417
0.043027378618717194
0.00024261928047053516
9.841441351454705e-05
0.00015620407066307962
0.0006713237380608916
0.013043927028775215
0.00019789306679740548
0.00025318333064205945
0.0006278218352235854
0.03291448578238487
4.624994835467078e-05
0.0001363265182590112
0.012916121631860733
0.00029674696270376444
0.0657300278544426
