0.01736796274781227
0.03127160295844078
0.005885937251150608
0.015699336305260658
0.02297229692339897
0.0017400500364601612
0.03368540108203888
0.02064795047044754
0.005913688335567713
0.03210929408669472
0.02608957327902317
0.05460476502776146
0.029497841373085976
0.020767010748386383
0.032756589353084564
0.01634710468351841
0.004131874535232782
0.028158610686659813
0.0036102747544646263
0.0031891867984086275
0.04123476892709732
0.003948786295950413
0.04406590387225151
0.025833137333393097
0.026837890967726707
0.013646951876580715
0.010674591176211834
0.02146415412425995
0.021017102524638176
0.025097565725445747
0.1136409193277359
0.025952959433197975
0.012174418196082115
0.04775410518050194
0.02217530645430088
0.02709895931184292
0.017827095463871956
0.019884226843714714
0.0313233882188797
0.02501152642071247
0.025610115379095078
0.005670682992786169
0.01862349361181259
0.02618570439517498
0.004772733896970749
0.023794453591108322
0.019336601719260216
0.008152253925800323
0.024252304807305336
0.0757579654455185
0.023717306554317474
0.010416403412818909
0.0281611829996109
0.03829590603709221
0.021839525550603867
0.02017337456345558
0.03794995695352554
0.030439799651503563
0.015653491020202637
0.0549924336373806
0.10560927540063858
0.04487035423517227
0.027677278965711594
0.256408154964447
0.02875584363937378
0.015344871208071709
0.07008279860019684
0.04703256115317345
0.04328835383057594
0.01936385966837406
0.019260572269558907
0.03562050312757492
0.026229020208120346
0.04843032732605934
0.09817470610141754
0.023271694779396057
0.01644780859351158
0.025314928963780403
0.036934781819581985
0.009736491367220879
0.025807620957493782
0.02347608655691147
0.02333463542163372
0.024251405149698257
0.022841788828372955
0.002899726154282689
0.035533152520656586
0.012674625031650066
0.02405393123626709
0.03118051402270794
0.00585188390687108
0.06691288203001022
0.06632809340953827
0.01944137178361416
0.04366236925125122
0.022184131667017937
0.0270826518535614
0.03190448507666588
0.003100245725363493
0.031713344156742096
0.022471139207482338
0.020222030580043793
0.017287418246269226
0.02958332747220993
0.028385069221258163
0.004895899444818497
0.01529036182910204
0.011138987727463245
0.0033467928878962994
0.019337357953190804
0.022157011553645134
0.05021043121814728
0.02271619811654091
0.03176047280430794
0.05806944891810417
0.026110664010047913
0.0019972319714725018
0.016712751239538193
0.018609778955578804
0.025913717225193977
0.032769735902547836
0.0171551164239645
0.032470233738422394
0.02622513845562935
0.004180292598903179
0.011172951199114323
0.005182188469916582
0.009785623289644718
0.004502660594880581
0.026144670322537422
0.018944036215543747
0.02060096710920334
0.006760995835065842
0.01347449328750372
0.034701161086559296
0.023776691406965256
0.026349611580371857
0.026760872453451157
0.03242773935198784
0.023166494444012642
0.06294529885053635
0.044731587171554565
0.12426428496837616
0.055473316460847855
0.003390717087313533
0.0029711020179092884
0.03431413322687149
0.032082412391901016
0.024395009502768517
0.042178791016340256
0.027744390070438385
0.01344212144613266
0.02628319151699543
0.0023258680012077093
0.0014495471259579062
0.07036107033491135
0.010468019172549248
0.059367675334215164
0.002379892161116004
0.04823978617787361
0.034335147589445114
0.006718850694596767
0.21479739248752594
0.020747054368257523
0.03530213236808777
0.01989065110683441
0.04336272552609444
0.038151197135448456
0.016811296343803406
0.014110622927546501
0.017796188592910767
0.02043546549975872
0.020446306094527245
0.02423352189362049
0.0486137829720974
0.0259039718657732
0.04194287583231926
0.002595019992440939
0.06626547873020172
0.021618889644742012
0.0022945047821849585
0.019485829398036003
0.02547169104218483
0.03403841704130173
0.003963562194257975
0.017229899764060974
0.015997689217329025
0.06656905263662338
0.08261330425739288
0.0180684681981802
0.005437891930341721
0.02461037039756775
0.040958695113658905
0.026596058160066605
0.026537757366895676
0.023769328370690346
0.022666050121188164
0.012068710289895535
0.03684837371110916
0.03443523868918419
0.020361682400107384
0.03370936959981918
0.019683122634887695
0.017896611243486404
0.02218042127788067
0.1339489221572876
0.03351245075464249
0.006894048303365707
0.03748684749007225
0.021173691377043724
0.03830943629145622
0.04674886167049408
0.060866840183734894
0.03480812907218933
0.031248990446329117
0.02929910458624363
0.0037106305826455355
0.022355416789650917
0.1082073524594307
0.04003877565264702
0.04284368455410004
0.05322187766432762
0.017767271026968956
0.03196047991514206
0.027272623032331467
0.024514537304639816
0.00281909154728055
0.016602089628577232
0.050869036465883255
0.032880667597055435
0.02562827244400978
0.008426927961409092
0.0016121220542117953
0.02987251617014408
0.006550977006554604
0.025019900873303413
0.03893167898058891
0.02940843626856804
0.01402681041508913
0.08179638534784317
0.0035727028734982014
0.0016836130525916815
0.0016618939116597176
0.005978247616440058
0.04997693747282028
0.00155104068107903
0.04211244359612465
0.007747327443212271
0.01795743778347969
0.029174789786338806
0.022085828706622124
0.0041794669814407825
0.019118618220090866
0.05290522426366806
0.005383597686886787
0.0034201215021312237
0.010319291613996029
0.0043637556955218315
0.0035375377628952265
0.027257125824689865
0.0032428272534161806
0.01590031571686268
0.03275637328624725
0.0011026386637240648
0.02086428552865982
0.04952295124530792
0.00278279697522521
0.005293417256325483
0.046311769634485245
0.0367877371609211
0.03527426719665527
0.10499507933855057
0.00524966511875391
0.027381587773561478
0.01973852887749672
0.039164960384368896
0.03472692519426346
0.05171967297792435
0.02916274033486843
0.025944247841835022
0.023974191397428513
0.017488162964582443
0.0017096383962780237
0.003158586099743843
0.02278372459113598
0.0407249741256237
0.024666253477334976
0.04382428526878357
0.04723744839429855
0.022122446447610855
0.024898050352931023
0.018048662692308426
0.003138446481898427
0.029691334813833237
0.06071826443076134
0.02839059941470623
0.03776083141565323
0.020428210496902466
0.03058549016714096
0.01295514591038227
0.031526118516922
0.0003456020203884691
0.02457353286445141
0.0026763605419546366
0.016864489763975143
0.03831081837415695
0.02975456602871418
0.03666955605149269
0.045796822756528854
0.01684807799756527
0.02073173224925995
0.004388878587633371
0.014155672863125801
0.05115163326263428
0.013757644221186638
0.0026330207474529743
0.0029643047600984573
0.01643979549407959
0.02428961731493473
0.04111192002892494
0.04031161218881607
0.003920215647667646
0.0034346540924161673
0.02588038146495819
0.016999322921037674
0.029377952218055725
0.03447997197508812
0.024156030267477036
0.061746928840875626
0.024714455008506775
0.020917274057865143
0.15401923656463623
0.0165098849684
0.0028435722924768925
0.03371724858880043
0.004037700593471527
0.12485256791114807
0.0034067837987095118
0.021682556718587875
0.030331430956721306
0.0021257067564874887
0.0021899344865232706
0.007819985039532185
0.022410821169614792
0.017840998247265816
0.01550293155014515
0.026706025004386902
0.03623529523611069
0.058484405279159546
0.023212818428874016
0.005156882107257843
0.002265381161123514
0.03296506777405739
0.027061136439442635
0.026243189349770546
0.032063569873571396
0.018140625208616257
0.06473960727453232
0.15376777946949005
0.019239993765950203
0.0845431312918663
0.035797182470560074
0.02960713393986225
0.06116826459765434
0.0076880729757249355
0.03108152188360691
0.02315259911119938
0.04002832621335983
0.014010515064001083
0.03302302584052086
0.003335806541144848
0.07507523894309998
0.02731201983988285
0.053020231425762177
0.024111520498991013
0.08049533516168594
0.021434076130390167
0.0274529866874218
0.015560262836515903
0.04383381828665733
0.07516087591648102
0.023997388780117035
0.0027820703107863665
0.004125697072595358
0.04633529856801033
0.028416384011507034
0.039034727960824966
0.016046840697526932
0.062556691467762
0.004000976216048002
0.03234342113137245
0.021292880177497864
0.07052192091941833
0.0320412740111351
0.016670938581228256
0.002052352298051119
0.04211145639419556
0.02678416483104229
0.0024084902834147215
0.0206576157361269
0.0018270323053002357
0.027685200795531273
0.0008390843868255615
0.029492970556020737
0.03603764995932579
0.017950117588043213
0.027645360678434372
0.026558535173535347
0.043800078332424164
0.03788583725690842
0.03694600239396095
0.023559503257274628
0.03874821960926056
0.033108338713645935
0.01915908418595791
0.004366881214082241
0.030652455985546112
0.02113508991897106
0.00983913242816925
0.01291913352906704
0.001889335340820253
0.026792611926794052
0.0244445763528347
0.020879847928881645
0.0037975027225911617
0.0009034846443682909
0.03557708486914635
0.00382444285787642
0.016324548050761223
0.030607739463448524
0.02067013643682003
0.015636572614312172
0.0305393785238266
0.0032031561713665724
0.019616246223449707
0.013823633082211018
0.02865985408425331
0.02609209716320038
0.03666728734970093
0.003021014155820012
0.009281548671424389
0.12789297103881836
0.020054643973708153
0.034833092242479324
0.003303161123767495
0.024099474772810936
0.03142617642879486
0.021047037094831467
0.02421746961772442
0.03864426538348198
0.02330789342522621
0.028001483529806137
0.006475829519331455
0.0192056093364954
0.024466540664434433
0.0405881442129612
0.0380224734544754
0.008395984768867493
0.02642001211643219
0.00753810815513134
0.02675497904419899
0.006435191258788109
0.03540530428290367
0.03451685979962349
0.013598941266536713
0.008400602266192436
0.042331207543611526
0.005529943387955427
0.02390080690383911
0.001050430815666914
0.0010364612098783255
0.0327804759144783
0.029141368344426155
0.17675644159317017
0.01967177353799343
0.03975512832403183
0.012193376198410988
0.03302295133471489
0.02469181828200817
0.040516603738069534
0.012186055071651936
0.003999135922640562
0.016603127121925354
0.0404302179813385
0.04320207238197327
0.03672146052122116
0.021422026678919792
0.010273746214807034
0.02047629840672016
0.057961709797382355
0.029529646039009094
0.0030242553912103176
0.014727114699780941
0.004154885653406382
0.002182638505473733
0.1924198716878891
0.033311307430267334
0.02505616843700409
0.021299976855516434
0.028491105884313583
0.015202841721475124
0.025218095630407333
0.029347803443670273
0.024353107437491417
0.004319651518017054
0.034561771899461746
0.023380888625979424
0.016425205394625664
0.003083867486566305
0.08306818455457687
0.002668969798833132
0.033349212259054184
0.0023450960870832205
0.015108248218894005
0.03594280779361725
0.060918595641851425
0.008752957917749882
0.02702614851295948
0.0480654276907444
0.02851574495434761
0.01198330707848072
0.011950165033340454
0.05016038194298744
0.002455633133649826
0.03622889891266823
0.010134892538189888
0.03101089783012867
0.02237025834619999
0.016629455611109734
0.024775821715593338
0.01162357535213232
0.02607411891222
0.0011187634663656354
0.0030994766857475042
0.023211181163787842
0.0348198227584362
0.025780584663152695
0.03988911584019661
0.02515522576868534
0.021610770374536514
0.07575415819883347
0.020835861563682556
0.003696775995194912
0.0020706397481262684
0.01528611034154892
0.05530920624732971
0.027245409786701202
0.12079403549432755
0.0028272138442844152
0.021358389407396317
0.011205855756998062
0.00458848662674427
0.023324351757764816
0.03395085036754608
0.03326618671417236
0.01915997825562954
0.0023600764106959105
0.03225799277424812
0.018659796565771103
0.02327786386013031
0.029850075021386147
0.0013458586763590574
0.017847899347543716
0.05504552274942398
0.023368289694190025
0.04478837549686432
0.021115101873874664
0.028925858438014984
0.02731446363031864
0.0018619169713929296
0.025729261338710785
0.02736819162964821
0.023064320906996727
0.003404929069802165
0.0302753783762455
0.05051790550351143
0.021747758612036705
0.009572644717991352
0.034294016659259796
0.0037470529787242413
0.03382832556962967
0.04753255471587181
0.006396659184247255
0.035076674073934555
0.004541612695902586
0.0026796949096024036
0.03453647345304489
0.024603912606835365
0.023645421490073204
0.01714380271732807
0.040364690124988556
0.05149617791175842
0.0028255884535610676
0.01578175090253353
0.043281760066747665
0.009831003844738007
0.025940995663404465
0.05052335932850838
0.023972176015377045
0.044449977576732635
0.01114908792078495
0.0016924060182645917
0.059955399483442307
0.03301418572664261
0.11068791151046753
0.044665899127721786
0.04324962943792343
0.11925430595874786
0.018867116421461105
0.004641800653189421
0.03943346068263054
0.06180095672607422
0.02621789462864399
0.01933709904551506
0.025990091264247894
0.03358886018395424
0.019825901836156845
0.04265858605504036
0.0210400503128767
0.01057366095483303
0.003925243858247995
0.02605343423783779
0.002414160408079624
0.014882752671837807
0.022216325625777245
0.04012174904346466
0.04140612483024597
0.011078066192567348
0.02315080538392067
0.0449225939810276
0.031489402055740356
0.01569328084588051
0.04642660915851593
0.0014253389090299606
0.023456772789359093
0.03180355206131935
0.020277610048651695
0.016066735610365868
0.0015025949105620384
0.010918513871729374
0.0207376591861248
0.07920458167791367
0.027853215113282204
0.01530821155756712
0.0569106787443161
0.03367341682314873
0.012665072456002235
0.027904696762561798
0.02245204895734787
0.020982835441827774
0.07002591341733932
0.002790246857330203
0.022336695343255997
0.02650010585784912
0.006486802361905575
0.028916925191879272
0.002239952329546213
0.023218879476189613
0.0495733916759491
0.007398336660116911
0.021044861525297165
0.02781120501458645
0.01350420992821455
0.19187259674072266
0.02365158312022686
0.004439205396920443
0.023220494389533997
0.02729891985654831
0.0027459594421088696
0.03613855317234993
0.006219689734280109
0.035935740917921066
0.03314539045095444
0.01676752418279648
0.025740567594766617
0.0267341211438179
0.08641494810581207
0.023435136303305626
0.03148127347230911
0.004549368284642696
0.015977635979652405
0.019438378512859344
0.0022037082817405462
0.043033961206674576
0.023515421897172928
0.01871565170586109
0.0022318032570183277
0.024815009906888008
0.034916263073682785
0.03984800726175308
0.013712173327803612
0.02393120713531971
0.0022872192785143852
0.04549630358815193
0.002088974928483367
0.03394722938537598
0.0022432401310652494
0.022921716794371605
0.003025434911251068
0.02065846510231495
0.026651199907064438
0.027547761797904968
0.020606135949492455
0.03385915607213974
0.06575631350278854
0.020434990525245667
0.009949073195457458
0.024560559540987015
0.022554947063326836
0.005198276601731777
0.03858865052461624
0.06674455851316452
0.001313896500505507
0.024927886202931404
0.01602325588464737
0.014649537391960621
0.023105451837182045
0.02767903357744217
0.05061376094818115
0.018507691100239754
0.05255177244544029
0.028886672109365463
0.016582394018769264
0.032057709991931915
0.08879774063825607
0.019332200288772583
0.0036722433287650347
0.02499426156282425
0.07148605585098267
0.021084396168589592
0.0011750049889087677
0.01959414966404438
0.002551743295043707
0.005047812592238188
0.0021242466755211353
0.025065932422876358
0.005396728403866291
0.00412653386592865
0.048823609948158264
0.04172505438327789
0.0022168015129864216
0.02501837909221649
0.032863568514585495
0.04101230204105377
0.018229717388749123
0.034331683069467545
0.01917838864028454
0.02094837836921215
0.0065711745992302895
0.02927990071475506
0.02143688127398491
0.0029318842571228743
0.02484305575489998
0.016518453136086464
0.03145875781774521
0.03408878296613693
0.07766320556402206
0.007114361971616745
0.047023873776197433
0.01559827197343111
0.024016013368964195
0.02503739297389984
0.03912898153066635
0.027037670835852623
0.02116309106349945
0.01449963916093111
0.036508772522211075
0.030212292447686195
0.04119628667831421
0.08520438522100449
0.015817493200302124
0.039836060255765915
0.0074376435950398445
0.018338900059461594
0.021993033587932587
0.0021419094409793615
0.040800441056489944
0.01671605557203293
0.009206760674715042
0.04282107204198837
0.02967967465519905
0.008076959289610386
0.02277497947216034
0.040151603519916534
0.04004630818963051
0.022988183423876762
0.029867278411984444
0.03403184190392494
0.04341168329119682
0.026233773678541183
0.08923866599798203
0.07035069167613983
0.03557824343442917
0.026668407022953033
0.030212000012397766
0.033019278198480606
0.016633760184049606
0.052591051906347275
0.00832359865307808
0.010644360445439816
0.03210222348570824
0.028480518609285355
0.04150258004665375
0.0026519708335399628
0.021340113133192062
0.005092303268611431
0.0026977937668561935
0.0018202090868726373
0.017055518925189972
0.003132347948849201
0.07921502739191055
0.03379607945680618
0.03222183138132095
0.025277696549892426
0.01173632312566042
0.00819144956767559
0.0030598307494074106
0.004103682469576597
0.03929813578724861
0.011000428348779678
0.0024523837491869926
0.02151583321392536
0.003086019540205598
0.0016693935031071305
0.029463820159435272
0.008689613081514835
0.024625703692436218
0.00251097627915442
0.002891638781875372
0.011292986571788788
0.0023515080101788044
0.0030183312483131886
0.03215336427092552
0.026167653501033783
0.062205150723457336
0.03354029729962349
0.01370661985129118
0.04585647210478783
0.02070336975157261
0.007610901724547148
0.030093640089035034
0.029222216457128525
0.020171092823147774
0.06633433699607849
0.031012263149023056
0.02955876663327217
0.03340817987918854
0.010548451915383339
0.09632387012243271
0.040443018078804016
0.002805728930979967
0.006134043447673321
0.023737506940960884
0.011496772058308125
0.03529755771160126
0.020554576069116592
0.04712126776576042
0.004108660854399204
0.0287172794342041
0.02668040804564953
0.03399970382452011
0.03105202130973339
0.0160677470266819
0.015949498862028122
0.02236367017030716
0.03473542258143425
0.035741135478019714
0.03271317109465599
0.0038448581472039223
0.034243956208229065
0.0023202847223728895
0.04359797388315201
0.0016505992971360683
0.040543634444475174
0.025937722995877266
0.007948867045342922
0.029313642531633377
0.01197345182299614
0.04659628868103027
0.021493107080459595
0.012748421169817448
0.07419503480195999
0.03273741900920868
0.02109634131193161
0.009825221262872219
0.03260539472103119
0.032119035720825195
0.0207129567861557
0.02722030319273472
0.02018333226442337
0.04081444814801216
0.03895387053489685
0.027361443266272545
0.002007774543017149
0.026043975725769997
0.017265241593122482
0.01788557507097721
0.022029448300600052
0.036130379885435104
0.026188325136899948
0.03144686296582222
0.016880817711353302
0.03654078394174576
0.017963889986276627
0.011997136287391186
0.017443425953388214
0.014434205368161201
0.02348688803613186
0.04933219403028488
0.005692910403013229
0.05725603923201561
0.011366315186023712
0.008974243886768818
0.004100174643099308
0.015061083249747753
0.029889870434999466
0.03907795250415802
0.02053869143128395
0.017950458452105522
0.002704881364479661
0.041390836238861084
0.03903413936495781
0.02709672786295414
0.020563649013638496
0.04371291399002075
0.008694016374647617
0.030749477446079254
0.04671310633420944
0.04828238487243652
0.02818385139107704
0.027347508817911148
0.03927464038133621
0.016735168173909187
0.002681621117517352
0.045934319496154785
0.03189098834991455
0.011054097674787045
0.0021338583901524544
0.04019273445010185
0.02024088427424431
0.02598690241575241
0.1561887562274933
0.030600329861044884
0.05157245695590973
0.007100863382220268
0.052498675882816315
0.05615473538637161
0.032455701380968094
0.05300473794341087
0.02573227323591709
0.021397115662693977
0.026555852964520454
0.034689974039793015
0.019881615415215492
0.025052811950445175
0.0012404643930494785
0.006636450532823801
0.052502285689115524
0.03434550389647484
0.008992954157292843
0.015599646605551243
0.0029743846971541643
0.0015753513434901834
0.018369775265455246
0.03765182942152023
0.034140583127737045
0.02408595383167267
0.011029759421944618
0.027045754715800285
0.01954721286892891
0.07070392370223999
0.03552202880382538
0.00397189287468791
0.02383613772690296
0.33207935094833374
0.029482457786798477
0.02297917567193508
0.022738534957170486
0.04678881913423538
0.1642143279314041
0.020942335948348045
0.022960351780056953
0.03971884772181511
0.03164053335785866
0.02937193214893341
0.03370044380426407
0.035640548914670944
0.020225608721375465
0.09698821604251862
0.04341362789273262
0.00878843478858471
0.02507946826517582
0.0037279785610735416
0.03979942575097084
0.018060803413391113
0.023149603977799416
0.034053653478622437
0.002763570286333561
0.0018252942245453596
0.060127079486846924
0.024330109357833862
0.022054050117731094
0.027089299634099007
0.03243051469326019
0.0247068889439106
0.042723722755908966
0.005909058265388012
0.039296235889196396
0.023068293929100037
0.027248935773968697
0.029442649334669113
0.07911679148674011
0.029195882380008698
0.007733441423624754
0.02367638796567917
0.027269473299384117
0.0293625146150589
0.0033113625831902027
0.018179554492235184
0.032127413898706436
0.018412970006465912
0.059773851186037064
0.023240389302372932
0.03435005247592926
0.019209690392017365
0.002615855075418949
0.023941274732351303
0.0024276208132505417
0.02504110150039196
0.029154865071177483
0.030140483751893044
0.01692626252770424
0.003564841579645872
0.005692323204129934
0.021664917469024658
0.006610975135117769
0.03421856090426445
0.024155087769031525
0.02418947033584118
0.03005084954202175
0.027440810576081276
0.0015777258668094873
0.03644685447216034
0.005504892207682133
0.006416310090571642
0.043728556483983994
0.004261021967977285
0.006434813607484102
0.019077083095908165
0.01036576647311449
0.0010154623305425048
0.0018413396319374442
0.03984060883522034
0.039921268820762634
0.15237301588058472
0.020749159157276154
0.06158602610230446
0.036509960889816284
0.022644761949777603
0.03693743050098419
0.013644143007695675
0.03382767736911774
0.027016887441277504
0.024654105305671692
0.027555938810110092
0.013690730556845665
0.02683785930275917
0.02460426650941372
0.12243600189685822
0.030848534777760506
0.006858343258500099
0.0046890657395124435
0.0019790397491306067
0.02039005421102047
0.015927080065011978
0.026523806154727936
0.03931887447834015
0.023005763068795204
0.14416071772575378
0.022558806464076042
0.030362986028194427
0.028206637129187584
0.020811373367905617
0.0006883470341563225
0.005547070875763893
0.0395565889775753
0.01908508501946926
0.0016446049557998776
0.02521441876888275
0.004146872088313103
0.05648605898022652
0.003351382212713361
0.0036503577139228582
0.034777432680130005
0.025609521195292473
0.031408585608005524
0.02967222034931183
0.02071995846927166
0.04052668809890747
0.013469013385474682
0.024969425052404404
0.002093162853270769
0.026421280577778816
0.02205870859324932
0.014994638971984386
0.049295585602521896
0.038235414773225784
0.020544834434986115
0.028010912239551544
0.004318485967814922
0.040352851152420044
0.02654328942298889
0.03939053788781166
0.6176743507385254
0.003817433025687933
0.03381120413541794
0.03263644874095917
0.02965516224503517
0.02006237953901291
0.057844072580337524
0.016561001539230347
0.026196690276265144
0.434608519077301
0.05736817792057991
0.047045692801475525
0.05763861536979675
0.003066210774704814
0.013360736891627312
0.006655918434262276
0.01661522313952446
0.00527223851531744
0.0006762488628737628
0.02626403048634529
0.04133516922593117
0.038268622010946274
0.0056555564515292645
0.026705754920840263
0.03030005656182766
0.0045466069132089615
0.0264937411993742
0.0016247117891907692
0.053493984043598175
0.002238457091152668
0.036561019718647
0.030144935473799706
0.034906916320323944
0.006558302789926529
0.023891283199191093
0.057905346155166626
0.053693220019340515
0.023378001525998116
0.0027285206597298384
0.001897636684589088
0.024283552542328835
0.07294248044490814
0.02261049672961235
0.12384740263223648
0.015478888526558876
0.020589150488376617
0.028352323919534683
0.010169007815420628
0.06641845405101776
0.04331066086888313
0.032528575509786606
0.01559936348348856
0.026103036478161812
0.009497474879026413
0.02039732225239277
0.04032303765416145
0.020068645477294922
0.04625339061021805
0.02228245884180069
0.02027180977165699
0.0038730460219085217
0.0299319326877594
0.013476512394845486
0.012743810191750526
0.02840009145438671
0.03264452889561653
0.025151262059807777
0.036062318831682205
0.039749134331941605
0.022167857736349106
0.03425417095422745
0.054313287138938904
0.02851155959069729
0.0030344766564667225
0.029973963275551796
0.032564062625169754
0.03584488108754158
0.008109550923109055
0.027417633682489395
0.011757561936974525
0.028201524168252945
0.0009516328573226929
0.03609609976410866
0.034434158354997635
0.017145629972219467
0.006808508187532425
0.03832589462399483
0.014421019703149796
0.028984012082219124
0.015095801092684269
0.02570042572915554
0.003049419028684497
0.024447400122880936
0.0205344520509243
0.027714991942048073
0.03327622637152672
0.060797274112701416
0.031131330877542496
0.11719294637441635
0.02111806534230709
0.027274135500192642
0.052953969687223434
0.0016750474460422993
0.020824464038014412
0.005690624471753836
0.030060166493058205
0.005630750209093094
0.030366618186235428
0.005657958332449198
0.02855958603322506
0.028234047815203667
0.014651305973529816
0.03493397682905197
0.1311168372631073
0.0023280472960323095
0.0017749832477420568
0.021095074713230133
0.001792372204363346
0.034198079258203506
0.012566303834319115
0.013753261417150497
0.005951267667114735
0.03238644078373909
0.042311083525419235
0.014728778041899204
0.0253231693059206
0.022450856864452362
0.0014176048571243882
0.03072359412908554
0.04392409697175026
0.001973953563719988
0.026250267401337624
0.01575334742665291
0.05074475705623627
0.011770348995923996
0.038052305579185486
0.01976064220070839
0.0024756246712058783
0.06815045326948166
0.02879871241748333
0.017564859241247177
0.012294428423047066
0.02276957407593727
0.01045215968042612
0.03579895943403244
0.0335877500474453
0.025005649775266647
0.0684511661529541
0.0038229140918701887
0.02197015844285488
0.018401645123958588
0.03216136619448662
0.03458958864212036
0.04250675439834595
0.012785480357706547
0.0025429287925362587
0.0013837764272466302
0.027727216482162476
0.02272769622504711
0.029390662908554077
0.08802054822444916
0.023278510197997093
0.011232349090278149
0.01726366952061653
0.0286240316927433
0.005626649130135775
0.12475201487541199
0.002216485794633627
0.0033329527359455824
0.031379833817481995
0.053183358162641525
0.017998607829213142
0.01772395335137844
0.016774896532297134
0.0706205666065216
0.08619308471679688
0.010808593593537807
0.046365588903427124
0.024834860116243362
0.04789924994111061
0.025913875550031662
0.08639101684093475
0.04575720801949501
0.023143861442804337
0.021385883912444115
0.027529284358024597
0.0009299766388721764
0.02958083711564541
0.02694612927734852
0.026905173435807228
0.057975661009550095
0.035537902265787125
0.015680592507123947
0.028974417597055435
0.025205958634614944
0.0458478182554245
0.025228949263691902
0.02455447055399418
0.031559769064188004
0.024562014266848564
0.024838590994477272
0.034858036786317825
0.004682362079620361
0.02116529643535614
0.03650003671646118
0.030244814231991768
0.014363706111907959
0.03240763023495674
0.030253445729613304
0.0241122804582119
0.010582503862679005
0.041908688843250275
0.026342114433646202
0.041415438055992126
0.023680007085204124
0.02411562018096447
0.002228258177638054
0.014465474523603916
0.0037309692706912756
0.01823195070028305
0.02122676745057106
0.002502068877220154
0.03868815675377846
0.012993471696972847
0.015066317282617092
0.030774110928177834
0.022521285340189934
0.02356334589421749
0.026875192299485207
0.02639131247997284
0.00435171602293849
0.051678452640771866
0.03467153385281563
0.032079990953207016
0.02163781225681305
0.006076643243432045
0.06332121789455414
0.03058517724275589
0.0235457643866539
0.0027192579582333565
0.0015949668595567346
0.022888580337166786
0.03090089187026024
0.0274928230792284
0.18901343643665314
0.022593524307012558
0.020667316392064095
0.008909783326089382
0.002715151058509946
0.047971028834581375
0.004079964943230152
0.01291221845895052
0.0070965467020869255
0.03984273597598076
0.05861366167664528
0.010852121748030186
0.0011593811213970184
0.04716568440198898
0.0038036180194467306
0.0016860279720276594
0.0043718246743083
0.05071093142032623
0.022594450041651726
0.03799934312701225
0.0433487594127655
0.03016175515949726
0.05167073756456375
0.03774242475628853
0.013981661759316921
0.02021823450922966
0.028271406888961792
0.023159127682447433
0.023514732718467712
0.0050339121371507645
0.03706734627485275
0.005828594323247671
0.026221895590424538
0.0033446140587329865
0.005969671066850424
0.018407713621854782
0.015137143433094025
0.027787739410996437
0.05992059409618378
0.014070017263293266
0.008353210054337978
0.03844831511378288
0.03312777355313301
0.0557229220867157
0.003647844772785902
0.019444745033979416
0.03457621484994888
0.028885869309306145
0.1286529302597046
0.06544425338506699
0.027291271835565567
0.0016430231044068933
0.018223894760012627
0.037206120789051056
0.04937028884887695
0.0611126571893692
0.03843273967504501
0.02563050203025341
0.0021570948883891106
0.0014297536108642817
0.03129470720887184
0.0016362844035029411
0.003219854785129428
0.0243816114962101
0.03664078563451767
0.021781252697110176
0.0025490804109722376
0.02399444952607155
0.020051999017596245
0.026008667424321175
0.04906231909990311
0.0026412406004965305
0.018989449366927147
0.029232652857899666
0.006703577470034361
0.003571902634575963
0.45870447158813477
0.020136365666985512
0.006026900839060545
0.02027749828994274
0.030038755387067795
0.02717500738799572
0.020146645605564117
0.005738475359976292
0.0020069472957402468
0.028155874460935593
0.0368376299738884
0.01886185258626938
0.02060568705201149
0.030116397887468338
0.029104065150022507
0.029940089210867882
0.03840970620512962
0.002739088376984
0.027882495895028114
0.004528129938989878
0.0007442248752340674
0.04404309391975403
0.00527398195117712
0.0049654413014650345
0.0031980460043996572
0.02577558532357216
0.04882846400141716
0.004572358913719654
0.03216197341680527
0.025607679039239883
0.06483452767133713
0.01605253852903843
0.009171245619654655
0.042827486991882324
0.02141512744128704
0.014008067548274994
0.045755624771118164
0.017407260835170746
0.04231008514761925
0.023414114490151405
0.06501832604408264
0.027529770508408546
0.023976674303412437
0.02685563452541828
0.0313834585249424
0.04771848022937775
0.04248693585395813
0.02373221144080162
0.02283180132508278
0.06733102351427078
0.02253064513206482
0.025188826024532318
0.02039409801363945
0.009910106658935547
0.03272954747080803
0.02944318950176239
0.022215865552425385
0.036310743540525436
0.025658901780843735
0.005692627280950546
0.025793954730033875
0.02764737978577614
0.08061068505048752
0.02517177164554596
0.021243451163172722
0.07236310094594955
0.042227599769830704
0.020428096875548363
0.03050965815782547
0.08808259665966034
0.03404448553919792
0.06569589674472809
0.021560324355959892
0.03446587920188904
0.034591615200042725
0.01810857467353344
0.031674712896347046
0.02786003053188324
0.06920044124126434
0.03514174371957779
0.025338999927043915
0.030564069747924805
0.01660505123436451
0.017298845574259758
0.02352404221892357
0.006841758731752634
0.021742653101682663
0.01911948435008526
0.00171291537117213
0.025653386488556862
0.021310003474354744
0.025682028383016586
0.04778086766600609
0.015217781066894531
0.035628728568553925
0.04020766168832779
0.06366614997386932
0.0166805237531662
0.021303219720721245
0.004646324552595615
0.017816364765167236
0.042262326925992966
0.018423208966851234
0.0033641012851148844
0.005819652695208788
0.005763257388025522
0.051371980458498
0.030390188097953796
0.02202076092362404
0.04104750603437424
0.035634417086839676
0.04109661281108856
0.013201880268752575
0.006156852934509516
0.043786097317934036
0.02093726396560669
0.020836208015680313
0.004004960414022207
0.02467997558414936
0.005980033427476883
0.006415739189833403
0.036220237612724304
0.027345266193151474
0.02634534239768982
0.03323400020599365
0.06500733643770218
0.016768740490078926
0.024883044883608818
0.03355979919433594
0.02823590487241745
0.03923166170716286
0.033258359879255295
0.02344321459531784
0.008222549222409725
0.013370146974921227
0.03663159906864166
0.015863876789808273
0.039570145308971405
0.029787341132760048
0.004377957433462143
0.03265122324228287
0.04395243152976036
0.021252473816275597
0.003420594148337841
0.01574612408876419
0.17832866311073303
0.029026294127106667
0.03465670719742775
0.052675340324640274
0.03998938202857971
0.07511921226978302
0.019298996776342392
0.019791672006249428
0.045392900705337524
0.023173373192548752
0.018540039658546448
0.022088419646024704
0.003210879862308502
0.020838545635342598
0.04823894798755646
0.14498907327651978
0.044702574610710144
0.003033752553164959
0.05012384429574013
0.001936878077685833
0.03550443425774574
0.016229042783379555
0.026081543415784836
0.02604161575436592
0.016982730478048325
0.017900848761200905
0.04427094757556915
0.02691114880144596
0.0032008669804781675
0.019176537171006203
0.03723922371864319
0.009654244408011436
0.0010942104272544384
0.03846902772784233
0.021310515701770782
0.029956882819533348
0.007506001740694046
0.015338224358856678
0.005710485391318798
0.018165528774261475
0.019609902054071426
0.04462040960788727
0.035706065595149994
0.004311488941311836
0.06294290721416473
0.02955057844519615
0.028197117149829865
0.00628236448392272
0.027089813724160194
0.04241739213466644
0.03922019526362419
0.04857662320137024
0.016191057860851288
0.003914178814738989
0.006465275306254625
0.03125879168510437
0.03293789178133011
0.03945808485150337
0.04384618252515793
0.014005925506353378
0.023266328498721123
0.03583249822258949
0.04201439395546913
0.023321470245718956
0.00869904737919569
0.0006730266031809151
0.009156700223684311
0.014375058934092522
0.025658464059233665
0.027865422889590263
0.03419123962521553
0.032890450209379196
0.01960914582014084
0.005991944577544928
0.017665108665823936
0.008292113430798054
0.03944055736064911
0.01841040514409542
0.018842900171875954
0.023542484268546104
0.023709982633590698
0.0241068247705698
0.006920772138983011
0.023302681744098663
0.008352426812052727
0.020311959087848663
0.03090307116508484
0.0014610831858590245
0.010709287598729134
0.025839459151029587
0.030913691967725754
0.060850247740745544
0.023323090746998787
0.1911284327507019
0.039393775165081024
0.009875737130641937
0.019178662449121475
0.006822002120316029
0.0157847311347723
0.028047438710927963
0.0031899376772344112
0.03462440147995949
0.027791425585746765
0.04856216907501221
0.003942074254155159
0.03336654230952263
0.019579874351620674
0.2271186113357544
0.03987368941307068
0.03250144049525261
0.002453257329761982
0.024886175990104675
0.056125931441783905
0.015858270227909088
0.07722841948270798
0.028274042531847954
0.02683444507420063
0.12119173258543015
0.05300546810030937
0.02706798166036606
0.004001001361757517
0.0158306285738945
0.02607736922800541
0.016108673065900803
0.026333671063184738
0.029734302312135696
0.011957703158259392
0.021004071459174156
0.004395627416670322
0.08390703797340393
0.2529236376285553
0.003823412349447608
0.02037670463323593
0.006122734397649765
0.033359430730342865
0.03149520605802536
0.033890120685100555
0.014408267103135586
0.003665706841275096
0.032831769436597824
0.028890546411275864
0.025788597762584686
0.002198226982727647
0.004548120312392712
0.0469386950135231
0.006057613529264927
0.008346199989318848
0.020500486716628075
0.032150473445653915
0.010188398882746696
0.04747237265110016
0.015818022191524506
0.022721903398633003
0.03292686864733696
0.017352106049656868
0.022979654371738434
0.23777806758880615
0.002832141239196062
0.03125659003853798
0.022830717265605927
0.00461104279384017
0.051401395350694656
0.08816405385732651
0.006215480621904135
0.024247005581855774
0.022627172991633415
0.03595765307545662
0.00890233926475048
0.0005055532092228532
0.01994865946471691
0.017281318083405495
0.0374847874045372
0.025003762915730476
0.015202715992927551
0.015112029388546944
0.027111763134598732
0.06984778493642807
0.030279546976089478
0.03679441660642624
0.04529856517910957
0.042099546641111374
0.07745315879583359
0.05121747404336929
0.030665257945656776
0.023973658680915833
0.023927263915538788
0.007634804118424654
0.001577251241542399
0.029282264411449432
0.034464433789253235
0.017745722085237503
0.03784085065126419
0.042922403663396835
0.0017938041128218174
0.013451027683913708
0.1692541241645813
0.0283645112067461
0.01874387077987194
0.008691332302987576
0.0014485465362668037
0.019501782953739166
0.019602376967668533
0.042611751705408096
0.00836810190230608
0.026179183274507523
0.05299687758088112
0.0319436714053154
0.028720855712890625
0.004037970677018166
0.04176478460431099
0.004872210789471865
0.03152342513203621
0.004669385962188244
0.027163706719875336
0.02433447167277336
0.002146851271390915
0.006409122608602047
0.07224245369434357
0.046917419880628586
0.0248623788356781
0.027081139385700226
0.004503767937421799
0.024869196116924286
0.02302715927362442
0.02892814204096794
0.03600181266665459
0.002091475296765566
0.08424609899520874
0.09133149683475494
0.03422839939594269
0.08275105804204941
0.031595293432474136
0.029754919931292534
0.0031461359467357397
0.033379927277565
0.03156087547540665
0.003311614505946636
0.05613016337156296
0.004614120349287987
0.004634132143110037
0.0030513699166476727
0.017234236001968384
0.028509706258773804
0.051587868481874466
0.00910341739654541
0.0015541303437203169
0.019769510254263878
0.02703111059963703
0.022535288706421852
0.03918412700295448
0.01091521605849266
0.13368186354637146
0.0012395629892125726
0.024850672110915184
0.02795787900686264
0.04472285136580467
0.03364051505923271
0.04044213891029358
0.08879821002483368
0.026597600430250168
0.024052375927567482
0.03489368036389351
0.01808316260576248
0.032706715166568756
0.0403958223760128
0.028789810836315155
0.022518014535307884
0.0024495304096490145
0.015683790668845177
0.002474007662385702
0.013187648728489876
0.015097486786544323
0.004991037305444479
0.02584625408053398
0.06497697532176971
0.029042690992355347
0.0803142562508583
0.017491143196821213
0.05268082395195961
0.002567846095189452
0.06115415319800377
0.1441860944032669
0.024387547746300697
0.02114415541291237
0.01659960113465786
0.03374052047729492
0.02021264098584652
0.021683109924197197
0.022200044244527817
0.0018677732441574335
0.0226015392690897
0.027458056807518005
0.01977122202515602
0.026575854048132896
0.00195707892999053
0.03779750317335129
0.03909856081008911
0.002716622082516551
0.013685972429811954
0.01906707137823105
0.004890415817499161
0.02122456394135952
0.0033808203879743814
0.03912675008177757
0.006318695843219757
0.01704292930662632
0.018313290551304817
0.00276020634919405
0.020149750635027885
0.02696116268634796
0.021245615556836128
0.0038443750236183405
0.13106834888458252
0.017956729978322983
0.0028018327429890633
0.03262397646903992
0.040923021733760834
0.002264647278934717
0.029825303703546524
0.03090980276465416
0.06205737590789795
0.03204183280467987
0.012561528012156487
0.025092005729675293
0.0014577914262190461
0.002411891706287861
0.0834311991930008
0.003016385016962886
0.002627710811793804
0.025773854926228523
0.04638267681002617
0.17155402898788452
0.020259397104382515
0.04490777850151062
0.02409452386200428
0.027150623500347137
0.02641245350241661
0.04205305129289627
0.004525095224380493
0.02024509385228157
0.027497312054038048
0.0031043326016515493
0.03067215345799923
0.005118192173540592
0.018687130883336067
0.0076547302305698395
0.026755956932902336
0.03350308537483215
0.03565279394388199
0.02346288226544857
0.02696654573082924
0.034673061221838
0.019231757149100304
0.0045823026448488235
0.013678887858986855
0.03075944259762764
0.04755911976099014
0.028873905539512634
0.024415403604507446
0.034728579223155975
0.002940669422969222
0.017929865047335625
0.028753133490681648
0.004045942798256874
0.024261238053441048
0.022135859355330467
0.04291144385933876
0.030687328428030014
0.026320746168494225
0.04057317227125168
0.04970547556877136
0.02856588363647461
0.0572778657078743
0.018208159133791924
0.024330010637640953
0.0263800211250782
0.04241218790411949
0.0275283120572567
0.04646644368767738
0.023563869297504425
0.021458161994814873
0.01813690736889839
0.031720783561468124
0.03280050680041313
0.028665602207183838
0.05114317685365677
0.05701860040426254
0.028421804308891296
0.03433038666844368
0.026379680261015892
0.025042302906513214
0.045148640871047974
0.003944345749914646
0.030001379549503326
0.010225130245089531
0.03030402585864067
0.012803624384105206
0.02627624198794365
0.0295773446559906
0.02880183234810829
0.026331031695008278
0.09980909526348114
0.01849433220922947
0.02769114449620247
0.021017661318182945
0.016995010897517204
0.0011929830070585012
0.0016899751499295235
0.03853932395577431
0.005539720878005028
0.010410171002149582
0.002208377467468381
0.020587623119354248
0.0064193690195679665
0.027640312910079956
0.03143475949764252
0.020809084177017212
0.03977128490805626
0.019395871087908745
0.01563023217022419
0.038446735590696335
0.005150781013071537
0.025340473279356956
0.03739820048213005
0.0013642041012644768
0.01748923398554325
0.006631635595113039
0.0013245342997834086
0.005132860504090786
0.018965233117341995
0.0068151820451021194
0.018379289656877518
0.004670380149036646
0.005219165235757828
0.004537469707429409
0.0023954978678375483
0.021271290257573128
0.047251567244529724
0.04149983823299408
0.017723793163895607
0.03811325877904892
0.020113736391067505
0.02301926724612713
0.05542411282658577
0.023326609283685684
0.024526163935661316
0.047854628413915634
0.06054937094449997
0.03565659001469612
0.06067311018705368
0.01610330119729042
0.034881673753261566
0.028913356363773346
0.023807113990187645
0.036968301981687546
0.038552604615688324
0.061519503593444824
0.02010541781783104
0.017877956852316856
0.010740217752754688
0.05954638868570328
0.028528288006782532
0.011088991537690163
0.02665240690112114
0.0219874270260334
0.0360904224216938
0.029762310907244682
0.05026915669441223
0.036164626479148865
0.022139573469758034
0.03803141415119171
0.23107662796974182
0.029779305681586266
0.03562800958752632
0.029695656150579453
0.0007694388041272759
0.047181013971567154
0.016801966354250908
0.04627196490764618
0.04583560302853584
0.06339998543262482
0.04859410226345062
0.0025096910540014505
0.010813264176249504
0.036671049892902374
0.015316763892769814
0.043269358575344086
0.020468125119805336
0.0023016799241304398
0.012097152881324291
0.0017217911081388593
0.004687536042183638
0.009422872215509415
0.028587397187948227
0.03241248056292534
0.002865103306248784
0.0498436838388443
0.018273845314979553
0.029299765825271606
0.037547964602708817
0.03668896481394768
0.03431148827075958
0.023208480328321457
0.03619358688592911
0.023401202633976936
0.021168256178498268
0.05834396556019783
0.02526666410267353
0.021195795387029648
0.0027430113404989243
0.02858709916472435
0.10808058083057404
0.021036136895418167
0.03732408210635185
0.046336591243743896
0.03666212782263756
0.007403567433357239
0.027568109333515167
0.013477329164743423
0.020782141014933586
0.0266328863799572
0.0076575735583901405
0.02153039164841175
0.03667467087507248
0.01664840616285801
0.020941389724612236
0.09774340689182281
0.018090547993779182
0.015779798850417137
0.0028285617008805275
0.005462063010782003
0.04828408733010292
0.0027181629557162523
0.03090597689151764
0.038068387657403946
0.03320780396461487
0.013163963332772255
0.02330910786986351
0.04216670244932175
0.022918518632650375
0.02292134426534176
0.03709563985466957
0.0559074841439724
0.02070264145731926
0.017811164259910583
0.03706281632184982
0.02572469227015972
0.03430220112204552
0.0446290448307991
0.016486061736941338
0.023576214909553528
0.02908487431704998
0.024742551147937775
0.01666994020342827
0.0016468960093334317
0.029312459751963615
0.031332336366176605
0.07796614617109299
0.03719218075275421
0.0018351736944168806
0.017364222556352615
0.028426017612218857
0.0038107936270534992
0.0023191706277430058
0.03144349530339241
0.03855316340923309
0.018896156921982765
0.004539022222161293
0.0017540245316922665
0.02377643994987011
0.03283043950796127
0.0037515219300985336
0.04790377989411354
0.0039524720050394535
0.032026924192905426
0.016822123900055885
0.03243535757064819
0.023855682462453842
0.03474096953868866
0.003933947067707777
0.03156033530831337
0.006167552899569273
0.003333787200972438
0.018528133630752563
0.0010560109512880445
0.03206036984920502
0.007151992525905371
0.03110961988568306
0.14167167246341705
0.033998385071754456
0.023225883021950722
0.018096143379807472
0.0316292867064476
0.04579644277691841
0.10361623764038086
0.023080041632056236
0.015931786969304085
0.03761701658368111
0.025086956098675728
0.053689777851104736
0.020078536123037338
0.0355464406311512
0.048849884420633316
0.028541337698698044
0.023233523592352867
0.023718388751149178
0.06650371104478836
0.042098838835954666
0.024620821699500084
0.020013635978102684
0.008997076191008091
0.023045314475893974
0.015843067318201065
0.02151457779109478
0.03233493119478226
0.054511312395334244
0.003926191013306379
0.03012382611632347
0.04552983492612839
0.04771611467003822
0.028031419962644577
0.0022904023062437773
0.043758973479270935
0.03106146864593029
0.02711503766477108
0.009648406878113747
0.0007099118665792048
0.022101974114775658
0.0322200246155262
0.0016408329829573631
0.033841054886579514
0.005572666879743338
0.027092687785625458
0.02816959284245968
0.05156648904085159
0.03948891535401344
0.024334462359547615
0.00947925541549921
0.002973680617287755
0.04180455580353737
0.03922504186630249
0.005221170838922262
0.040074680000543594
0.0022981087677180767
0.0023738951422274113
0.023092247545719147
0.057099856436252594
0.03827786445617676
0.018741928040981293
0.032063987106084824
0.06180346757173538
0.030366169288754463
0.003497929312288761
0.01828143373131752
0.03932994231581688
0.04020681604743004
0.04366307333111763
0.0027527702040970325
0.018333779647946358
0.044255226850509644
0.02888760156929493
0.019190318882465363
0.028896775096654892
0.052894946187734604
0.03206561878323555
0.03737296909093857
0.025726772844791412
0.04198683425784111
0.005871711764484644
0.02849672921001911
0.020116658881306648
0.006415593437850475
0.025708038359880447
0.040447067469358444
0.016555678099393845
0.029187384992837906
0.033516254276037216
0.0038399859331548214
0.0272477176040411
0.019113443791866302
0.002049169037491083
0.03299249708652496
0.04952307790517807
0.030900906771421432
0.014183927327394485
0.0483720526099205
0.030052579939365387
0.020039772614836693
0.027589278295636177
0.03584693744778633
0.020736820995807648
0.01030088309198618
0.024292483925819397
0.0363294780254364
0.02725372277200222
0.12119568139314651
0.004076328594237566
0.004987330175936222
0.0013160910457372665
0.0427791029214859
0.017705608159303665
0.031510721892118454
0.013880634680390358
0.0036135721020400524
0.25710585713386536
0.013710501603782177
0.017772328108549118
0.008169898763298988
0.01684541627764702
0.027169637382030487
0.0802522674202919
0.012360681779682636
0.03301767259836197
0.011366158723831177
0.04138808324933052
0.0022378272842615843
0.022706465795636177
0.05235857516527176
0.03667580708861351
0.047118205577135086
0.059721797704696655
0.004006091970950365
0.04350344464182854
0.037904221564531326
0.05519887059926987
0.0279152300208807
0.03911749646067619
0.019124649465084076
0.013633391819894314
0.0062641566619277
0.008490286767482758
0.04569173604249954
0.028334254398941994
0.02198953926563263
0.005912608467042446
0.03434878587722778
0.01566825434565544
0.019572047516703606
0.004911888390779495
0.003650076687335968
0.037865642458200455
0.017730480059981346
0.055525992065668106
0.04426300898194313
0.029759248718619347
0.03953332081437111
0.03963176906108856
0.26632997393608093
0.00512333819642663
0.01253588404506445
0.035623613744974136
0.04541902244091034
0.01990284025669098
0.005661496892571449
0.03527034819126129
0.007349287625402212
0.028411347419023514
0.037924978882074356
0.019432518631219864
0.041358400136232376
0.022678585723042488
0.02811431884765625
0.08100111782550812
0.022337857633829117
0.03312303125858307
0.01730036735534668
0.06453607231378555
0.02348344400525093
0.05287908390164375
0.037068769335746765
0.0033216807059943676
0.032834913581609726
0.02408081293106079
0.04824412614107132
0.019805768504738808
0.04258940741419792
0.019169505685567856
0.010162141174077988
0.00917111523449421
0.006929480936378241
0.024821003898978233
0.0012499317526817322
0.04448031634092331
0.00663090031594038
0.02482629008591175
0.06873355805873871
0.01768507994711399
0.04030377417802811
0.042801544070243835
0.036845915019512177
0.02402493543922901
0.013295494019985199
0.011925527825951576
0.03225454315543175
0.015321804210543633
0.04982863366603851
0.003830529982224107
0.03980264812707901
0.016831031069159508
0.0536404624581337
0.021206162869930267
0.14832258224487305
0.02487271837890148
0.023472720757126808
0.029396509751677513
0.015143247321248055
0.043351467698812485
0.08533179014921188
0.1806548535823822
0.0200667604804039
0.03688504174351692
0.01750590279698372
0.024158179759979248
0.0020053323823958635
0.001815023715607822
0.03993038460612297
0.03772146627306938
0.007248763460665941
0.029975300654768944
0.029459042474627495
0.027045516297221184
0.029281094670295715
0.0044487835839390755
0.015995480120182037
0.02019413560628891
0.04435177147388458
0.016052383929491043
0.0061995964497327805
0.044939812272787094
0.0013916270108893514
0.02086290903389454
0.01863260567188263
0.019675420597195625
0.01925174705684185
0.0022988426499068737
0.07375694066286087
0.0007665039738640189
0.0370192788541317
0.02755667269229889
0.017681004479527473
0.04701056331396103
0.032975465059280396
0.03241296485066414
0.0021240299101918936
0.0027680080384016037
0.041120223701000214
0.04389895126223564
0.01072641834616661
0.017683973535895348
0.004986803513020277
0.02858365699648857
0.028321553021669388
0.04739989712834358
0.013802583329379559
0.026207907125353813
0.013379021547734737
0.0026876493357121944
0.005717628635466099
0.025245964527130127
0.03462682664394379
0.020752325654029846
0.022749634459614754
0.021992675960063934
0.004628434777259827
0.0023156292736530304
0.028826743364334106
0.057989928871393204
0.026568714529275894
0.03603142499923706
0.0011301945196464658
0.002032635500654578
0.025585787370800972
0.0027644336223602295
0.025484932586550713
0.006443372927606106
0.09069861471652985
0.0076053086668252945
0.027217650786042213
0.037043482065200806
0.002240051282569766
0.03729962557554245
0.001571577275171876
0.003633705899119377
0.004257867578417063
0.01002014335244894
0.027939192950725555
0.00622238963842392
0.01896851882338524
0.07172634452581406
0.009755758568644524
0.03487766906619072
0.02507667988538742
0.025584520772099495
0.020526232197880745
0.02940531261265278
0.04110032320022583
0.02542458474636078
0.023212676867842674
0.10210414975881577
0.013132085092365742
0.019349195063114166
0.03676691651344299
0.03501255810260773
0.03828578442335129
0.026702098548412323
0.02803008444607258
0.043121062219142914
0.025423485785722733
0.00252076075412333
0.01576617918908596
0.0225452221930027
0.10876914113759995
0.024445179849863052
0.006178580690175295
0.03171740844845772
0.009803489781916142
0.02267138473689556
0.04940000921487808
0.048243384808301926
0.039067890495061874
0.03199571371078491
0.0026136860251426697
0.007409496232867241
0.039113014936447144
0.102589450776577
0.024181583896279335
0.02756229043006897
0.09530853480100632
0.016301188617944717
0.002616285812109709
0.015344284474849701
0.030753254890441895
0.015085499733686447
0.024841178208589554
0.039847902953624725
0.0048726084642112255
0.030221566557884216
0.03771330788731575
0.03842301294207573
0.006371803116053343
0.04223879426717758
0.005121390335261822
0.056939154863357544
0.02852264791727066
0.023841507732868195
0.017690155655145645
0.031078100204467773
0.0024950080551207066
0.027044057846069336
0.023274138569831848
0.05300816893577576
0.02019449882209301
0.004271544050425291
0.014131656847894192
0.023518728092312813
0.009960532188415527
0.022247618064284325
0.01108604110777378
0.04328228533267975
0.14004924893379211
0.002019630977883935
0.054747551679611206
0.038535382598638535
0.029752781614661217
0.020799770951271057
0.03431032598018646
0.0014282335760071874
0.0328776054084301
0.08179449290037155
0.02506004460155964
0.022269712761044502
0.04385413974523544
0.0018220817437395453
0.02153305895626545
0.0022191195748746395
0.028837500140070915
0.03308086097240448
0.025603728368878365
0.0162102822214365
0.0689883604645729
0.012991775758564472
0.016578735783696175
0.020449461415410042
0.03206770122051239
0.05621626600623131
0.010058547370135784
0.030681751668453217
0.0031319574918597937
0.005233000963926315
0.022488819435238838
0.026866193860769272
0.004230629187077284
0.018306519836187363
0.03763503208756447
0.0019301481079310179
0.0010664158035069704
0.01717972755432129
0.007361972238868475
0.01957913674414158
0.02118934690952301
0.04111025854945183
0.024475540965795517
0.008071926422417164
0.01816222257912159
0.04902870953083038
0.02523881383240223
0.02725924924015999
0.03091643936932087
0.05721094086766243
0.04579705744981766
0.03810123726725578
0.020036477595567703
0.011631536297500134
0.035168226808309555
0.027921218425035477
0.005764065310359001
0.033966757357120514
0.03531971573829651
0.02269096113741398
0.02261766791343689
0.032640304416418076
0.038929928094148636
0.003163879504427314
0.063155896961689
0.021823909133672714
0.028818320482969284
0.02645632065832615
0.0030934931710362434
0.02601751498878002
0.05071694031357765
0.01816505566239357
0.03320622444152832
0.002693030284717679
0.023904405534267426
0.05208906531333923
0.0807911604642868
0.034623824059963226
0.057127371430397034
0.026889311149716377
0.024597439914941788
0.06867421418428421
0.011614741757512093
0.004230748396366835
0.022466549649834633
0.005976908840239048
0.04787738621234894
0.039094697684049606
0.030946562066674232
0.002506807679310441
0.017987040802836418
0.01667693816125393
0.0306170005351305
0.008084340021014214
0.02390316128730774
0.030894847586750984
0.1495533436536789
0.01724674552679062
0.023681528866291046
0.0016084072412922978
0.016513224691152573
0.006107367109507322
0.028481075540184975
0.03778097406029701
0.02710200846195221
0.03626256808638573
0.017811331897974014
0.0010263667209073901
0.051996760070323944
0.022300664335489273
0.0037338179536163807
0.029391588643193245
0.028419436886906624
0.02686282992362976
0.015737295150756836
0.030780505388975143
0.03850293904542923
0.004895348101854324
0.055299803614616394
0.03914638236165047
0.00449527520686388
0.002412179484963417
0.0018953249091282487
0.006314887199550867
0.010461430065333843
0.003006619866937399
0.0006612085271626711
0.022450624033808708
0.02873583696782589
0.03733667731285095
0.031673889607191086
0.05401875451207161
0.020901426672935486
0.015983514487743378
0.03998643159866333
0.001384251518175006
0.023501886054873466
0.04728924483060837
0.0039026292506605387
0.019752634689211845
0.021146206185221672
0.02030983939766884
0.015815315768122673
0.010805252939462662
0.02121899463236332
0.030779853463172913
0.030140621587634087
0.045011069625616074
0.09085720032453537
0.02934131771326065
0.03330766409635544
0.10452915728092194
0.005187638103961945
0.017331939190626144
0.026087600737810135
0.03235674276947975
0.0547201931476593
0.01162234228104353
0.023977577686309814
0.058184344321489334
0.019726155325770378
0.025541821494698524
0.03906258940696716
0.0007965737022459507
0.0459069199860096
0.013752869330346584
0.002917045261710882
0.02489938773214817
0.009906469844281673
0.0025106449611485004
0.007675679866224527
0.018656225875020027
0.023806288838386536
0.05201581120491028
0.03606865555047989
0.0014928150922060013
0.0037178013008087873
0.017856508493423462
0.055505719035863876
0.03932073712348938
0.0032974430359899998
0.05100654810667038
0.0027070166543126106
0.08557799458503723
0.0009362366399727762
0.025706440210342407
0.046302177011966705
0.01821054331958294
0.04929528012871742
0.04969573765993118
0.04532640799880028
0.027101581916213036
0.02375466376543045
0.005766903515905142
0.005540334153920412
0.002578149316832423
0.015462081879377365
0.008100750856101513
0.025197917595505714
0.07539299130439758
0.05837205797433853
0.02641792967915535
0.0014166589826345444
0.06685608625411987
0.02516566962003708
0.030142810195684433
0.01054481789469719
0.0006417961558327079
0.0249879602342844
0.051424309611320496
0.02204190380871296
0.002791430801153183
0.03623265027999878
0.0069785392843186855
0.0279568899422884
0.02431943267583847
0.02185724675655365
0.05526342988014221
0.0034984773956239223
0.030987752601504326
0.028185395523905754
0.0194504726678133
0.020901592448353767
0.02681531012058258
0.004943708889186382
0.001363949733786285
0.025917232036590576
0.03311051055788994
0.02578282542526722
0.03317372873425484
0.020020321011543274
0.0156050780788064
0.026043355464935303
0.020931236445903778
0.00145645288284868
0.0018755311612039804
0.01005637925118208
0.015725528821349144
0.027288231998682022
0.0029503717087209225
0.018869925290346146
0.025334861129522324
0.02392342872917652
0.013226572424173355
0.014646078459918499
0.011630799621343613
0.026677537709474564
0.03665749728679657
0.02139642834663391
0.07154390960931778
0.021715475246310234
0.03748540207743645
0.012169534340500832
0.01896531507372856
0.004178404808044434
0.0542118176817894
0.0018291398882865906
0.0365811288356781
0.0069116768427193165
0.005820337682962418
0.015965837985277176
0.0005654648412019014
0.030536293983459473
0.021890757605433464
0.02359459549188614
0.08165379613637924
0.08881956338882446
0.011330855078995228
0.039653826504945755
0.04465122148394585
0.041556648910045624
0.002295916201546788
0.046905405819416046
0.030958125367760658
0.0033557116985321045
0.032960548996925354
0.10586625337600708
0.026295548304915428
0.0030392464250326157
0.017419779673218727
0.04612889513373375
0.02701842226088047
0.0682959035038948
0.00326232286170125
0.02548176795244217
0.035841844975948334
0.014581361785531044
0.020536968484520912
0.02420707792043686
0.03222276270389557
0.015118514187633991
0.02063416689634323
0.012513245455920696
0.01905548945069313
0.013763541355729103
0.03926091641187668
0.014071178622543812
0.0693816989660263
0.05713247135281563
0.04824214428663254
0.01756387948989868
0.04681866616010666
0.01840147376060486
0.024248890578746796
0.02311420626938343
0.003104307921603322
0.026913028210401535
0.0019743444863706827
0.03218906372785568
0.004021724220365286
0.01951565220952034
0.030659887939691544
0.02689122036099434
0.014715387485921383
0.020901640877127647
0.02995666302740574
0.012563859112560749
0.005595042370259762
0.03469858318567276
0.0268994253128767
0.05292893573641777
0.022161874920129776
0.03958166390657425
0.03040829859673977
0.0011505335569381714
0.04987717792391777
0.01689504273235798
0.019424285739660263
0.012164238840341568
0.06976275891065598
0.06887862086296082
0.05469677969813347
0.023273101076483727
0.014895740896463394
0.02075917460024357
0.043478939682245255
0.04979747161269188
0.08369959890842438
0.05270389840006828
0.031077826395630836
0.03936978802084923
0.0130054522305727
0.015642773360013962
0.06468751281499863
0.029732173308730125
0.015497161075472832
0.06151353195309639
0.02177400514483452
0.010299610905349255
0.045423101633787155
0.040573373436927795
0.024445319548249245
0.011885709129273891
0.0040174080058932304
0.020593691617250443
0.023675616830587387
0.04937336593866348
0.004619273357093334
0.010513944551348686
0.015578731894493103
0.07361787557601929
0.02697749063372612
0.03574375435709953
0.03960319980978966
0.11198989301919937
0.024425094947218895
0.0024360017850995064
0.028585582971572876
0.0009008395718410611
0.027999471873044968
0.016355987638235092
0.023540949448943138
0.003981121815741062
0.022024601697921753
0.02063024789094925
0.0024847357999533415
0.028267214074730873
0.020454183220863342
0.008511152118444443
0.023285316303372383
0.029936127364635468
0.05871175229549408
0.026303451508283615
0.0174789447337389
0.0009041903540492058
0.030244942754507065
0.0012042070738971233
0.03887234628200531
0.019203023985028267
0.020693982020020485
0.01943252980709076
0.021357538178563118
0.0256495401263237
0.034722063690423965
0.013963145203888416
0.026938077062368393
0.0752296969294548
0.028935838490724564
0.019261552020907402
0.024926181882619858
0.014266915619373322
0.017736995592713356
0.04705791547894478
0.04705313965678215
0.010364407673478127
0.0010440826881676912
0.030892731621861458
0.05111080780625343
0.002470236737281084
0.035009220242500305
0.030352596193552017
0.059317637234926224
0.043315161019563675
0.020262205973267555
0.019924437627196312
0.03507109358906746
0.055082373321056366
0.04751243069767952
0.01926647126674652
0.03641323000192642
0.029930032789707184
0.004675871692597866
0.0013394405832514167
0.0036605820059776306
0.03645434230566025
0.006549729499965906
0.004391737747937441
0.021085036918520927
0.001283283345401287
0.0026457058265805244
0.01884695328772068
0.04096750542521477
0.01679452508687973
0.002688209991902113
0.04667700082063675
0.037795234471559525
0.025992482900619507
0.047684382647275925
0.02597142569720745
0.039338842034339905
0.024715010076761246
0.025331709533929825
0.001701975241303444
0.003571335691958666
0.0028798377607017756
0.002039757091552019
0.29202723503112793
0.021393027156591415
0.015012233518064022
0.0007978747016750276
0.021913794800639153
0.035742077976465225
0.11496634781360626
0.05186203494668007
0.0016997957136482
0.0021286029368638992
0.022404620423913002
0.0009864330058917403
0.003510085865855217
0.024943504482507706
0.008442109450697899
0.023239614441990852
0.020567478612065315
0.02844146452844143
0.0037378990091383457
0.02485455758869648
0.019062606617808342
0.007831326685845852
0.007703825831413269
0.041306186467409134
0.03831012547016144
0.0032064125407487154
0.0639478787779808
0.007834019139409065
0.023607727140188217
0.03932478278875351
0.017223447561264038
0.024523260071873665
0.035282161086797714
0.016968529671430588
0.029620589688420296
0.11859482526779175
0.09791076928377151
0.03986143693327904
0.018588362261652946
0.030334094539284706
0.019836468622088432
0.03137834370136261
0.022811999544501305
0.015115751884877682
0.020754996687173843
0.02252267859876156
0.054094936698675156
0.03844115138053894
0.016405897215008736
0.026297006756067276
0.07749653607606888
0.027398308739066124
0.021519403904676437
0.030066946521401405
0.04620361328125
0.0260197464376688
0.004743135999888182
0.2047392725944519
0.01884838193655014
0.0024036038666963577
0.04888809472322464
0.019318796694278717
0.030292697250843048
0.002723271958529949
0.0023098853416740894
0.031506314873695374
0.0011468628654256463
0.03537651523947716
0.008192140609025955
0.008620504289865494
0.015442822128534317
0.01671401783823967
0.03565024212002754
0.0357975997030735
0.017709292471408844
0.03793056681752205
0.06518851220607758
0.03293142467737198
0.02134234644472599
0.002682772697880864
0.0032444000244140625
0.05067949742078781
0.0036185095086693764
0.012639324180781841
0.0031127450056374073
0.0030013793148100376
0.02289707027375698
0.029292691498994827
0.03745465725660324
