0.1163639947772026
0.1102360188961029
0.05599665641784668
0.08640410751104355
0.089971162378788
0.06229478120803833
0.08377915620803833
0.06539175659418106
0.06814374029636383
0.16425636410713196
0.0491773821413517
0.11389045417308807
0.06472901999950409
0.08592207729816437
0.08080644905567169
0.05354532226920128
0.06308337301015854
0.10633236914873123
0.15738750994205475
0.06952397525310516
0.0697760283946991
0.06524116545915604
0.09427409619092941
0.0692424401640892
0.09401140362024307
0.14942887425422668
0.11492670327425003
0.06550063192844391
0.09469012916088104
0.09051202237606049
0.08950724452733994
0.07986518740653992
0.19630059599876404
0.0704178661108017
0.06907199323177338
0.06601067632436752
0.07999221235513687
0.3249894380569458
0.0487527921795845
0.09530800580978394
0.057187628000974655
0.06590196490287781
0.1227831244468689
0.09156890213489532
0.08602672070264816
0.0854569524526596
0.06880954653024673
0.0846969336271286
0.11037067323923111
0.058547306805849075
0.08048766851425171
0.07978576421737671
0.14986249804496765
0.11835792660713196
0.06321835517883301
0.08586689084768295
0.06537029147148132
0.08149582892656326
0.10101627558469772
0.05536283925175667
0.1060681939125061
0.05698433890938759
0.07231984287500381
0.07663276791572571
0.14659251272678375
0.039017267525196075
0.0641837939620018
0.026313187554478645
2.4808316230773926
0.05047646909952164
0.047574035823345184
0.06566306948661804
0.15026777982711792
0.2014060914516449
0.06465812772512436
0.06165923923254013
0.06201629340648651
0.10242942720651627
0.08253633230924606
0.03874902054667473
0.19036751985549927
0.04707719758152962
0.04987603425979614
0.08371371030807495
0.04914512485265732
1.3161730766296387
0.12516915798187256
3.982487678527832
0.04205130785703659
1.2255781888961792
0.04157019406557083
0.1538994312286377
0.048141177743673325
0.20425210893154144
0.04454875364899635
0.05040937662124634
0.039421845227479935
0.09548294544219971
0.059612665325403214
0.03388315439224243
0.06108624115586281
0.3588114082813263
0.1895565241575241
0.04159785807132721
0.08710671216249466
0.06775988638401031
4.575870513916016
0.6366944909095764
0.04802842065691948
0.11183860898017883
0.11402428150177002
0.10090634226799011
0.06417646259069443
0.05936329811811447
0.07849819213151932
0.03782017529010773
0.07903791964054108
0.05471132695674896
0.08027761429548264
0.045170802623033524
0.06295592337846756
0.35805171728134155
0.0844721719622612
0.06660851091146469
0.08138743042945862
0.03934978321194649
0.05070831999182701
0.08454951643943787
0.12512019276618958
0.13454172015190125
0.1440713107585907
0.1135687604546547
0.09908662736415863
0.09661535918712616
0.11724970489740372
0.06060759350657463
0.11532863229513168
0.24123167991638184
0.15606968104839325
0.09924744069576263
0.08830107003450394
0.0859304741024971
0.07405377924442291
0.1339285969734192
0.07530055940151215
0.1861523687839508
0.07225494086742401
0.21356341242790222
0.11829444766044617
0.0799793154001236
0.19057123363018036
0.11136511713266373
0.6389736533164978
0.06724454462528229
0.133605495095253
0.11648783832788467
0.11076933145523071
0.08734646439552307
0.07739239186048508
0.08939267694950104
0.07635719329118729
0.15523719787597656
0.10989024490118027
0.08331938832998276
0.1154119074344635
0.08916880935430527
0.10287219285964966
0.12799781560897827
0.053531013429164886
0.21687564253807068
0.19282615184783936
0.1053599938750267
0.09986712783575058
0.0985245630145073
0.06158611550927162
0.07489684224128723
0.08127816766500473
0.1794796884059906
0.06560645997524261
0.17028161883354187
0.11149062216281891
0.0733380988240242
0.05823603272438049
0.08829065412282944
0.17445442080497742
0.1886758804321289
0.04965361952781677
0.17727842926979065
0.09753814339637756
0.07664953172206879
0.11542917788028717
0.06595209240913391
0.07383178174495697
0.04974173381924629
0.08393789082765579
0.0533200204372406
0.05505239963531494
0.06385445594787598
0.05071167275309563
0.11084111779928207
0.34126001596450806
0.08316262066364288
0.0632384866476059
0.05550026893615723
0.09266456961631775
0.08221806585788727
0.13527333736419678
0.07624243944883347
0.040531791746616364
0.05858451500535011
0.14122013747692108
0.04233624041080475
0.134389728307724
0.03367248922586441
0.061750490218400955
0.0763855129480362
0.07182813435792923
0.24704895913600922
0.047264035791158676
0.10280415415763855
0.062472570687532425
0.060985080897808075
0.060091182589530945
0.23418019711971283
0.08378218859434128
0.358528196811676
0.13544081151485443
0.04843010753393173
0.135684072971344
0.07638218998908997
0.24987448751926422
0.1370549350976944
0.06581617891788483
0.06439017504453659
0.062419015914201736
0.05391823500394821
0.14685557782649994
0.07980087399482727
0.08890652656555176
0.13856719434261322
0.06226130202412605
0.4475131630897522
0.08422786742448807
0.1147327721118927
0.22452205419540405
0.06312625110149384
0.11989901214838028
0.21429570019245148
0.0425386056303978
0.06282211095094681
0.14595016837120056
0.049910008907318115
0.06269226223230362
0.0644979253411293
0.05247899889945984
0.06004272401332855
0.0454028956592083
0.06940777599811554
0.03715473785996437
0.20189893245697021
0.026227304711937904
0.04607172682881355
0.039170391857624054
0.045438364148139954
0.039377886801958084
0.046427298337221146
0.18075188994407654
0.03421464189887047
0.07545380294322968
0.1336817443370819
0.12033849954605103
0.028830958530306816
0.03805917128920555
0.08607619255781174
0.05272393673658371
0.1912112832069397
0.06549330800771713
0.11037320643663406
0.10150672495365143
0.17245620489120483
0.10628212988376617
0.05806098133325577
0.06841497123241425
0.03077254816889763
0.13663743436336517
0.04180468991398811
0.04595428705215454
0.032561175525188446
0.04069271311163902
0.03540607914328575
0.034432943910360336
0.10401003807783127
0.0657225251197815
0.042565226554870605
0.05599154904484749
0.022894859313964844
0.019062452018260956
0.04680135101079941
0.03639133647084236
0.0315142385661602
0.04975490644574165
0.06917522102594376
0.03120858408510685
0.04947962984442711
0.056294798851013184
0.04027735814452171
0.029172252863645554
0.038425348699092865
0.36950957775115967
0.026170887053012848
0.07596904039382935
0.030460914596915245
0.09186966717243195
0.062497563660144806
0.033967312425374985
0.024652862921357155
0.06550519168376923
0.178200364112854
0.03075256384909153
0.02338252030313015
0.06487546116113663
0.05559373274445534
0.08120301365852356
0.0882418304681778
0.11274215579032898
0.13743868470191956
0.23656342923641205
0.05402154102921486
0.041444696485996246
0.07726333290338516
0.15465576946735382
0.07392885535955429
0.04257318377494812
0.12887093424797058
0.10829003155231476
0.11023802310228348
0.039620138704776764
0.05601007118821144
0.05568893253803253
0.05461319908499718
0.06395907700061798
0.04675107076764107
0.07538110017776489
0.1507299691438675
0.08061500638723373
0.07259588688611984
0.05359335243701935
0.04955880716443062
0.06467501819133759
0.046792685985565186
0.03698208928108215
0.32911163568496704
0.04753807559609413
0.04344257712364197
0.030486667528748512
0.06232190132141113
0.25695866346359253
0.06573817878961563
0.3604750633239746
0.09979398548603058
0.053664740175008774
0.05415042117238045
0.09702131152153015
0.23480670154094696
0.07505656033754349
0.05433912202715874
0.19634641706943512
0.04194680228829384
0.051514882594347
0.12947356700897217
0.19787448644638062
0.08598127961158752
0.09490687400102615
0.09252557903528214
0.05942350998520851
0.03123425506055355
0.03546958789229393
0.07131646573543549
0.043104901909828186
0.06956703960895538
0.0646199956536293
0.1359550505876541
0.04409163072705269
0.047724660485982895
0.07393939793109894
0.07825087010860443
0.15070246160030365
0.06954748928546906
0.08327490836381912
0.07474304735660553
0.09103288501501083
0.14225944876670837
0.09074260294437408
0.07660485804080963
0.09262173622846603
0.0772816464304924
0.12536786496639252
0.06345299631357193
0.16686564683914185
0.06831220537424088
0.07078521698713303
0.06233859062194824
0.059839483350515366
0.07442649453878403
0.0706426128745079
0.06713970750570297
0.11681396514177322
0.1624193787574768
0.07745515555143356
0.12292801588773727
0.1453910768032074
0.14159297943115234
0.12535817921161652
0.16017940640449524
0.10141981393098831
0.1699172556400299
0.08449439704418182
0.07242890447378159
0.0974479615688324
0.1204725056886673
0.08461080491542816
0.09202764928340912
0.14968910813331604
0.13933978974819183
0.23577602207660675
0.0669889897108078
0.06189341843128204
0.0733882412314415
0.09643706679344177
0.07726241648197174
0.08197469264268875
0.09545079618692398
0.10134056210517883
0.11207422614097595
0.06344839930534363
0.06427708268165588
0.07336866110563278
0.09209422022104263
0.10054884105920792
0.07208748161792755
0.07929175347089767
0.05790546536445618
0.044308681041002274
0.0759802907705307
0.07496034353971481
0.06597806513309479
0.09657017886638641
0.052291061729192734
0.15968605875968933
0.1839350312948227
0.12046597898006439
0.15644726157188416
0.21302390098571777
0.2213393747806549
0.16760244965553284
0.16911543905735016
0.1108185276389122
0.20503021776676178
0.1307256519794464
0.12067291885614395
0.15278176963329315
0.09617792069911957
0.24012310802936554
0.17675729095935822
0.135990709066391
0.26796358823776245
0.17628468573093414
0.08526800572872162
0.13293784856796265
0.1747930496931076
0.1243835985660553
0.11488139629364014
0.10252100974321365
0.09847891330718994
0.18360468745231628
0.1472427397966385
0.08635988086462021
0.0708681270480156
0.22913406789302826
0.2643129825592041
0.1804075539112091
0.21659934520721436
0.08608328551054001
0.12774601578712463
0.13103295862674713
0.18663854897022247
0.18484413623809814
0.23281261324882507
0.1221388429403305
0.1552150845527649
0.23376424610614777
0.13007761538028717
0.2621537744998932
0.11549370735883713
0.21031242609024048
0.12238376587629318
0.146165668964386
0.11401055753231049
0.11041940748691559
0.14523541927337646
0.18097996711730957
0.2753264904022217
0.10214599221944809
0.16350451111793518
0.2888273596763611
0.30245956778526306
0.30488210916519165
0.13626131415367126
0.1136222556233406
0.6201581358909607
0.11907609552145004
0.15375061333179474
0.03290786221623421
0.09718520194292068
0.034827642142772675
0.05026101693511009
0.0323416069149971
0.04768737778067589
0.025919655337929726
0.034463297575712204
0.057970281690359116
0.04215653985738754
0.04785986989736557
0.06749668717384338
0.03392481803894043
0.12051454931497574
0.17779485881328583
0.04285058379173279
0.05008753761649132
0.8138580918312073
0.05021677911281586
0.08046860247850418
0.15901733934879303
0.08616500347852707
0.05032116547226906
0.02285449393093586
0.03990127518773079
0.03825080394744873
0.12670694291591644
0.06938949972391129
0.03091140277683735
0.03292039409279823
0.04105141758918762
0.037821076810359955
0.05121682211756706
0.12387914955615997
0.10964027792215347
0.027559414505958557
0.03596989065408707
0.2999762296676636
0.15519051253795624
0.03669849783182144
0.048244819045066833
0.03337496146559715
0.03469254821538925
0.03290298208594322
0.03404086455702782
0.09871377795934677
0.05948353558778763
0.07978285849094391
0.04747643321752548
0.03175409510731697
0.028007343411445618
0.12882789969444275
0.14229853451251984
0.04985759034752846
0.05284988135099411
0.10369671881198883
0.07147695124149323
0.047356005758047104
0.0567297600209713
0.0831468254327774
0.04168479144573212
0.034903690218925476
0.029095953330397606
0.08258329331874847
0.08376971632242203
0.056191906332969666
0.060134317725896835
0.14172714948654175
0.08535495400428772
0.11681206524372101
0.07646621018648148
0.0874294862151146
0.06917038559913635
0.10281671583652496
0.0577528141438961
0.06531001627445221
0.10606107115745544
0.08182736486196518
0.04542441666126251
0.0853639468550682
0.04613163322210312
0.06378412991762161
0.09315042197704315
0.050767358392477036
0.08767731487751007
0.08621261268854141
0.05417047441005707
0.16171471774578094
0.14431241154670715
0.0755864605307579
0.10500708967447281
0.059039175510406494
0.06757113337516785
0.11068118363618851
0.06835241615772247
0.07739057391881943
0.09515532851219177
0.09400563687086105
0.08180953562259674
0.13167434930801392
0.06139472499489784
0.06345363706350327
0.06755612045526505
0.07937642931938171
0.08419425040483475
0.06135290488600731
0.08752651512622833
0.050768665969371796
0.06119496375322342
0.07834325730800629
0.12561611831188202
0.0679803192615509
0.16896864771842957
0.06044721230864525
0.14575356245040894
0.1251211166381836
0.07175984978675842
0.08544782549142838
0.06974422931671143
0.07339955121278763
0.07541054487228394
0.08217310160398483
0.1286148577928543
0.08530667424201965
0.07419964671134949
0.06517159193754196
0.07982974499464035
0.04761936888098717
0.0198726374655962
0.02572123147547245
0.04838643595576286
0.03430475294589996
0.04785074293613434
0.035160139203071594
0.03514634072780609
0.06956310570240021
0.021972842514514923
0.018241437152028084
0.038809411227703094
0.02659996785223484
0.03309555724263191
0.07839649170637131
0.03577176481485367
0.1864847093820572
0.04489024356007576
0.026479654014110565
0.09054984897375107
0.028879079967737198
0.04496173560619354
0.04898149147629738
0.02985195815563202
0.03825828805565834
0.022182175889611244
0.03312221169471741
0.02915933169424534
0.3464495539665222
0.035511311143636703
0.03517543151974678
0.08023708313703537
0.04350147396326065
0.07165849953889847
0.06080673262476921
0.024024616926908493
0.015137766487896442
0.026912454515695572
0.051542844623327255
0.024348754435777664
0.027362801134586334
0.03302079811692238
0.16169367730617523
0.04742169380187988
0.08380674570798874
0.05990079417824745
0.031414374709129333
0.028857221826910973
0.053899120539426804
0.03270532935857773
0.10376317799091339
0.08117736876010895
0.10740328580141068
0.02087762951850891
0.30556148290634155
0.04367407411336899
0.05049329251050949
0.09307503700256348
0.031814008951187134
0.04729367792606354
0.02816247008740902
0.03824198246002197
0.02558649517595768
0.03554302453994751
0.04191891849040985
0.05324627459049225
0.21444204449653625
0.046725913882255554
0.05170002207159996
0.05793794244527817
0.07379250228404999
0.06924344599246979
0.03405211865901947
0.1507304161787033
0.08030667901039124
0.046443432569503784
0.2023574709892273
0.05575649067759514
0.07910241931676865
0.25800442695617676
0.18068930506706238
0.1028575673699379
0.052768923342227936
0.05400966480374336
0.053253479301929474
0.1165652647614479
0.05972691625356674
0.2339247465133667
0.10138347744941711
0.24807780981063843
0.15139110386371613
0.03880626708269119
0.03873492032289505
0.6402842402458191
0.028687048703432083
0.05991298332810402
0.053110361099243164
0.07204648852348328
0.262831449508667
0.027709517627954483
0.0699375718832016
0.044696249067783356
0.10264553129673004
0.08904644846916199
0.036441680043935776
0.037169188261032104
0.1276039481163025
0.04826556146144867
0.10662871599197388
0.09753041714429855
0.13514994084835052
0.02964981645345688
0.03665218502283096
0.13312450051307678
0.06312548369169235
0.08938567340373993
0.05020030587911606
0.04296383261680603
0.06632522493600845
0.07211428135633469
0.18329256772994995
0.06716198474168777
0.15539321303367615
0.049042295664548874
0.07807092368602753
0.25989097356796265
0.06808892637491226
0.25878992676734924
0.056996800005435944
