224
154
221
194
247
172
181
24
251
134
153
237
232
135
33
147
89
252
7
46
125
223
32
143
239
10
215
185
201
66
208
129
198
180
170
59
203
245
191
229
105
159
85
162
184
152
167
214
250
44
243
246
35
226
179
193
81
248
15
169
211
16
240
124
205
158
128
80
22
164
216
227
233
82
122
115
234
38
29
235
187
241
69
62
138
218
219
155
244
139
176
242
75
60
199
137
131
171
53
39
166
220
177
183
92
206
12
210
99
196
95
173
120
249
47
3
188
104
253
136
148
108
88
132
86
73
189
228
156
123
197
50
121
140
49
236
72
150
160
40
255
126
6
231
192
112
2
142
133
116
1
96
31
118
20
21
106
74
90
17
145
67
41
57
98
225
36
63
230
83
119
141
28
157
204
9
254
27
127
0
78
77
91
168
70
84
195
18
45
58
111
130
386
391
440
390
388
414
423
404
442
437
447
400
434
422
444
407
343
415
445
384
380
418
396
394
311
376
402
310
483
428
413
466
508
264
510
406
502
431
316
505
392
398
352
411
271
341
439
492
435
408
325
281
405
331
438
370
369
364
338
467
360
389
387
454
409
395
401
501
430
443
503
461
291
256
462
499
494
345
473
410
425
416
424
332
504
393
471
336
472
329
421
449
426
397
509
427
458
323
358
441
460
328
330
491
399
385
346
482
305
337
279
379
334
480
366
381
490
497
450
304
368
432
420
372
487
324
350
287
436
378
451
307
347
488
320
489
356
382
446
359
475
470
507
257
353
321
361
486
340
367
496
474
327
464
363
481
296
349
375
335
374
456
468
260
403
309
267
362
344
373
493
371
478
377
453
495
339
326
355
268
452
469
282
286
312
498
348
476
511
333
354
351
650
653
560
536
532
680
564
530
562
555
553
677
667
662
534
572
672
523
544
517
541
703
658
664
702
681
571
554
675
738
646
665
676
684
692
529
538
557
512
565
563
514
527
610
546
551
558
575
518
522
651
524
519
693
521
561
574
750
637
548
618
659
679
701
687
570
531
535
736
657
720
516
766
740
689
668
634
678
655
525
691
694
673
724
648
545
543
595
683
615
627
764
705
605
526
654
614
566
757
569
621
604
696
759
695
520
576
652
581
663
580
547
719
722
606
727
758
706
540
735
729
700
718
632
754
628
682
594
661
666
608
537
725
760
612
567
715
611
674
528
643
714
660
728
741
737
607
670
585
559
699
697
568
550
630
708
645
573
590
690
515
635
732
603
730
542
636
622
533
685
761
688
709
721
711
707
642
641
619
593
686
723
749
549
716
644
671
639
640
734
733
577
