301
1746
2798
2744
2663
1643
1131
1083
2204
1453
2414
2053
2700
2986
402
2905
425
2921
1299
2721
1194
2994
1050
2644
470
2942
469
2162
2573
1610
263
532
2447
3049
2861
1369
730
1984
2923
1830
955
2359
2965
712
2276
2005
2959
561
2762
2002
1269
2672
2407
2739
1240
633
2544
1416
1777
154
2771
1902
1665
2712
638
245
1823
2459
962
1765
1041
1353
2636
232
1140
1418
2207
1408
1087
2132
872
242
823
1215
241
1372
1985
601
2991
2979
282
1521
2068
5
2146
1228
1230
1771
2392
807
2550
998
400
2793
2137
1051
569
1867
2772
420
2659
1152
2572
1597
1872
1243
2844
1072
116
2391
1441
893
2538
2448
2982
2258
395
543
694
1804
1101
2421
734
340
2992
937
775
1793
1415
494
341
1720
682
1989
1280
740
2552
1329
686
2293
1142
656
2457
696
1895
351
692
2199
180
2808
2221
2412
2066
3047
2442
2141
870
153
1227
512
830
556
2222
158
2013
3042
398
1903
2658
622
1027
2903
1845
820
1688
523
2945
1847
1250
2912
2525
1334
2626
2060
2706
827
2486
1268
1423
732
1857
2732
177
2499
1025
2507
1906
315
1428
2966
803
510
303
585
933
3062
2434
2970
2610
806
919
2719
1361
1875
2110
1352
3046
1151
1450
2087
668
2235
1885
997
2450
2422
382
266
651
2748
1892
850
226
592
548
2107
1735
333
2073
2981
828
85
2703
751
1938
2776
316
145
2216
961
3068
2662
1905
831
439
491
698
1595
1186
2815
1204
1818
816
1126
508
822
2605
533
98
2842
1919
3067
2565
809
292
1811
283
2600
19
1678
1457
1606
433
3008
1590
1419
260
3063
2820
2717
444
1017
1814
2348
1281
2160
370
1390
108
1091
2811
1536
1880
144
573
337
255
1576
322
2230
2755
2995
258
1032
2980
1432
240
18
2281
3065
2460
1401
2317
1092
2960
1716
726
542
216
2713
992
1331
2647
3001
579
2149
424
1371
2140
1114
1261
1709
427
2374
2255
1889
868
1173
2675
1631
321
620
2194
2157
1682
1970
21
2151
184
972
2909
481
389
1698
1550
2299
2890
2846
335
1786
1941
2274
1363
913
817
857
383
737
16
1089
493
2791
251
124
2569
2620
2461
1046
2530
1621
1109
504
1343
257
415
1373
1572
311
2963
1706
665
2400
2657
128
1799
1916
1452
2012
2145
584
1138
1721
679
1460
1931
551
1738
1816
2894
2441
1817
609
1532
1790
2010
2958
1315
2069
1071
3039
44
1788
2513
1878
2654
105
2316
2761
1456
2427
2275
1850
1386
733
805
1921
2519
2326
2006
1999
350
126
2689
709
2011
2219
2566
272
1130
1455
267
254
736
190
2108
1043
467
1987
2731
1084
2209
2854
1278
1219
1135
1221
2331
41
1217
1033
1492
909
1616
2435
1440
1538
2593
2730
1537
2796
1388
90
2246
2
1006
2312
8
1234
1391
2622
243
1552
1651
1435
1723
1348
2638
1711
851
1546
2159
2491
2405
1741
670
2464
2307
1625
2660
1882
2517
582
1794
2249
1553
1044
1991
1047
461
2452
1632
452
654
2962
234
1146
748
1035
2361
2004
956
1128
1431
161
132
1198
2008
1675
1518
1070
207
2795
1660
2357
2750
1365
944
757
2164
2395
2333
2575
659
2094
2500
772
1614
459
2454
839
1764
1923
2099
2707
364
3005
1013
247
342
3004
3010
875
2580
781
2630
2734
1190
47
2285
815
3051
1566
1653
798
1724
1662
1397
1781
457
465
231
2997
2308
2915
3052
825
1776
925
1642
516
990
1745
1360
912
959
2188
1822
1644
2356
1465
778
440
2070
2215
1166
577
2203
1609
79
2467
127
2493
884
595
418
1673
2705
1486
706
2533
2462
2773
2563
525
2355
1160
1727
1972
487
2885
2269
256
2941
1049
1988
51
1256
2661
156
2895
2743
847
619
1323
799
26
1666
2425
2037
2680
1289
2061
1368
1828
639
819
967
936
627
2535
2040
107
600
125
550
1275
829
2804
2291
911
853
2619
2694
530
2782
2590
814
1192
1247
2889
2370
521
1704
877
520
904
197
2067
2865
2789
32
480
476
1254
2289
2829
2327
1900
2853
1232
3066
646
87
1176
880
1267
1974
1364
419
299
2558
1336
2878
2477
2114
1848
1545
2780
2369
1127
1567
2433
151
1772
1099
133
1175
2096
662
464
2306
1060
25
1932
1876
1065
836
2283
690
2702
1233
314
2831
2431
435
2280
2931
1381
1637
1468
368
238
1396
2833
169
2531
312
2262
2937
1319
1645
1715
1200
906
1330
765
2823
2781
715
1224
2850
492
1237
623
2870
1104
2985
914
1337
2510
1202
1849
513
1752
3026
2827
1393
2383
1751
500
1526
544
106
643
2063
2372
1615
2508
65
3053
2733
1157
2882
345
378
2896
759
1164
960
2768
1997
431
2879
58
2314
1305
1846
631
3
2774
2651
1577
1245
2487
2106
593
1676
2679
770
1729
1699
2190
1691
1569
261
1074
2174
863
2797
680
2670
2401
186
714
387
2404
1464
637
862
2028
1701
1630
2556
1599
2506
428
15
2907
3031
507
317
76
2127
332
2637
753
2252
1120
2559
722
1862
227
482
1515
1129
528
796
2102
2131
394
2628
1530
117
3054
777
932
673
1559
1286
2969
2055
168
2153
2376
2286
309
304
901
2863
1031
3016
1602
1983
324
1883
808
589
1197
121
2574
3013
185
1819
2634
1276
895
1748
102
1516
2343
2690
1732
2138
0
1470
2816
905
2920
281
2003
1855
2389
2837
1253
1652
2417
2426
2364
2523
2278
3057
2017
1285
2319
2938
1768
222
2284
170
2122
2643
1533
36
344
562
2714
2036
896
203
1603
1939
405
918
1891
248
903
2627
1284
291
994
189
1840
2105
2169
1508
1959
356
2581
2608
1617
1018
1951
2724
1409
744
1332
2075
2231
2570
1884
2236
773
963
2009
2839
1263
1392
1655
1020
1535
1980
719
2161
1588
3021
118
42
2409
2708
558
1922
685
2226
1775
1656
2967
3041
1444
608
2777
2144
130
2007
2790
2465
1429
2830
3003
1877
1048
1086
2257
252
1520
2305
414
555
2354
1607
746
1674
2239
2925
453
1024
1930
359
2411
70
2935
2955
1584
3044
725
46
613
109
2478
69
1996
2864
2336
2927
681
93
1402
2758
181
1778
2847
969
2315
2576
1684
731
1779
1650
1618
434
474
2410
202
2697
274
2676
1249
1824
1870
1585
2352
616
3023
953
37
165
2330
2951
1747
2187
2767
2589
2265
1425
442
1118
2387
1169
2178
2035
2019
2248
1434
1439
1886
842
55
889
2402
2529
1864
1382
101
987
939
1917
1910
2950
1172
1436
636
2678
1663
200
1710
1073
1485
1167
1500
297
705
171
172
2560
2914
2065
488
1725
2471
1206
2824
917
1107
855
923
2999
1990
1158
2891
131
1445
702
2911
2828
7
399
699
1359
430
2926
2121
838
887
1097
310
2268
640
163
1055
2438
3027
2871
13
2097
2542
1994
1082
1216
541
1549
1591
2408
264
423
2669
2759
2851
330
2770
1548
2103
980
747
649
1705
28
1982
2090
618
660
447
729
2964
1229
883
566
1212
417
1861
2677
764
1316
2083
209
2577
2086
2378
2681
1879
1333
1497
1888
1575
2014
391
498
1531
1523
1612
804
3061
2928
549
1297
2984
2785
950
1467
486
376
750
1958
27
879
2191
821
3035
2100
2551
1505
539
179
1347
1034
338
1865
2787
1519
576
2884
1422
2602
54
2753
2800
2987
1262
2042
2311
2440
774
1541
2910
897
2747
1001
1103
250
1589
2205
289
1943
2047
110
2858
1182
34
204
95
1866
1489
624
2534
2548
1171
2646
652
2341
217
864
527
2993
343
2664
1239
648
2621
100
2567
1844
1339
3028
1483
1826
2488
708
1079
1358
1375
1868
1155
2597
1743
1058
196
2494
2338
2596
2294
112
1730
1271
977
2439
1255
782
284
3025
1737
1481
84
1354
3069
2117
2118
697
981
4
976
1733
785
1077
2020
1801
2189
572
1008
2173
2223
716
2841
1296
995
628
366
1384
139
1587
2080
534
2475
349
657
666
2168
2182
2998
1022
1638
75
2869
2527
559
1274
2916
1661
450
2115
1641
1670
552
2022
82
564
1150
506
2082
1472
677
1565
634
1927
2381
81
2345
907
2673
1385
684
2532
1517
2908
1657
1351
411
1340
1957
2128
2801
3011
588
664
2892
1014
1327
2635
1658
50
2183
1480
852
2729
195
2147
135
45
2709
2031
973
2522
2155
1147
468
2631
2611
2779
1763
691
1026
598
1762
280
1475
2695
1424
381
760
2368
1838
88
2350
966
1912
445
1659
374
1322
1328
1037
327
2390
2503
1038
2825
448
173
1742
2840
83
48
1942
1153
318
2270
2752
1952
1000
2214
1792
503
1420
1860
148
1936
2902
422
2490
2888
1205
454
2579
225
3014
2023
1310
707
1312
302
2617
587
1067
191
2186
826
1063
286
1551
478
1004
329
2977
2130
529
687
2358
2362
1291
1313
2511
752
1831
3002
1797
1800
2380
1560
1689
290
2704
2936
713
2996
1100
2745
727
1750
1259
39
741
235
761
1028
1968
954
497
2547
735
2469
991
2176
1901
29
1179
538
2741
1496
1484
2735
1307
1088
501
1309
2583
2436
2085
813
77
1238
2978
2778
1513
2000
2485
2474
182
2821
2451
2698
2470
2449
2555
1462
1094
40
230
1414
2929
1522
1646
1491
1524
1203
2722
2250
2124
2244
570
949
674
1907
1458
536
2765
1719
1493
80
23
1667
1851
323
175
119
1293
2763
874
596
279
31
2975
940
614
2973
1426
2606
3038
1601
2769
894
621
531
1700
1600
2691
10
437
1165
115
129
833
1782
43
899
1121
2432
612
1389
123
72
789
354
1244
1132
1975
152
2814
3032
2919
1946
1978
1702
1325
1556
136
1967
1953
1342
1914
2738
458
1102
2604
1139
653
1075
194
1111
951
407
2445
1871
193
1837
2098
700
2041
793
2783
859
2482
1136
346
675
460
1924
137
397
421
2760
1694
1066
24
1476
2650
2568
1341
2616
2849
2856
1302
1605
2843
2932
1301
1887
1928
2898
1062
2818
517
1825
763
2526
2398
968
353
1697
1798
96
1002
1626
2210
922
35
2728
2641
1753
2202
1913
1791
2287
1438
2455
888
546
2256
1009
2272
259
2584
1015
224
1213
2775
1407
667
372
568
1555
930
892
571
273
3034
1191
1040
377
1869
1356
1918
1955
1298
1474
701
1064
2416
2504
2095
2266
1992
406
1494
62
717
401
1981
1207
1270
150
1394
1680
661
642
1510
1647
1451
647
2303
2592
2463
2751
1832
2906
451
1108
2483
2198
1677
2339
1442
17
52
2211
929
2757
1624
1193
1081
1223
1562
2913
1383
1693
2429
2310
1159
1774
104
295
1177
2334
385
2649
1965
2139
3000
801
2639
499
2247
1820
1185
519
2521
2039
2181
1222
1949
2428
2904
2088
2071
1277
436
1962
858
1785
2665
1940
64
1843
1252
1977
2603
2443
2553
1935
1404
721
2238
1718
2240
2030
655
567
1802
2934
1306
1201
1579
1853
2129
1447
472
1029
278
249
2253
1012
841
1430
749
2399
1766
3070
215
2076
2133
876
2686
502
1016
984
325
1272
2648
2382
2472
237
1010
1488
2397
824
975
403
12
490
1623
845
1976
1300
103
362
3017
1117
1096
780
293
2052
2881
1703
2541
306
1810
2322
2044
2050
1571
1896
560
786
233
915
2957
1174
2917
1448
2852
1613
1187
2396
1971
1437
1039
2264
1218
3036
840
1446
2195
1030
2683
2742
1144
1378
794
767
2514
1318
2922
1321
574
1755
3045
1137
1973
339
3022
2947
1080
2229
1220
1540
2860
57
1501
2799
432
1514
1350
298
942
429
2629
416
2848
1761
1920
2564
1945
1241
926
2509
1933
1338
2682
2652
1069
2943
2632
1355
2261
1664
2111
1897
1668
2585
2625
2810
2756
526
844
861
2201
2876
2524
365
2165
1210
89
214
1736
1633
1
1417
38
2134
3024
1282
1477
1095
446
1993
2142
900
754
678
630
1713
3048
2279
1789
300
1311
2158
1813
1809
2170
983
2667
1509
99
2492
1960
113
635
935
97
1784
223
2498
2152
393
1899
723
2163
355
2227
2242
2561
1346
147
800
9
886
1019
1726
832
1264
1461
2845
2206
812
2826
2371
557
2192
390
2692
1235
1320
2072
2420
138
1003
2154
947
122
1687
1163
1188
885
1893
1116
2598
1178
1573
1841
867
1487
882
262
14
120
471
1961
2148
1717
2349
742
2545
229
1649
1731
3060
1634
2812
352
2419
2259
603
2290
795
477
369
2554
413
2764
2342
1399
672
2766
2609
2113
1557
1564
554
1208
2687
496
511
1712
1683
1812
846
1925
206
2254
835
1561
1258
615
1834
645
6
985
201
334
1863
811
1115
1061
580
2208
703
1714
695
553
2594
2167
860
787
183
1503
996
755
965
1648
1231
1036
1807
869
1183
578
2125
2543
2079
146
1966
745
160
958
2313
1023
1196
199
1767
1506
326
463
586
505
1403
1265
1507
2614
1679
2437
1580
1345
1929
952
2855
134
2930
276
1937
865
2156
1093
213
535
443
1314
2468
2029
1839
1145
688
1225
2946
2480
2952
583
1512
2591
