1937
979
790
1132
986
2112
2612
2463
622
2115
1871
2372
2022
486
1309
2459
1473
359
2142
1154
2198
904
2047
1120
2354
2706
1085
2591
2976
1401
128
1990
2725
2107
2707
661
3
822
1838
1641
396
2181
1954
1417
96
2867
2537
2312
2571
44
2398
88
2077
1438
2734
2033
688
445
2336
1969
2416
1881
918
2818
2309
1868
1398
1986
2414
1175
49
2860
495
2879
2492
966
2082
50
1874
2657
345
2175
3004
59
105
183
397
1623
394
1659
2807
1210
1666
2462
2941
2754
570
2601
1960
704
1059
1985
1264
180
1919
1076
2325
2908
1214
2542
404
3003
2307
931
695
24
1269
73
3029
307
2090
1003
17
1010
2126
1841
142
1948
510
1197
154
1444
2738
1437
1619
1949
2516
2987
1542
1883
792
1538
226
2495
2502
1241
2027
2049
382
960
1135
2124
1944
2276
2773
1440
1684
2424
67
1799
930
2117
2503
1449
169
925
888
1916
1964
1714
181
1369
644
2938
1626
1725
1719
1165
207
315
1060
2672
174
722
25
1192
732
241
365
710
160
2380
3008
344
2527
138
2808
3049
2980
1434
1149
1763
223
1622
2486
109
715
480
1847
1380
304
2072
1642
1360
1263
789
932
2575
1593
937
2085
3002
634
1726
427
1863
317
1098
1950
975
1776
2949
1166
3036
1173
1665
1624
1280
677
2517
2765
43
2419
2457
1858
1268
1777
2421
1370
1178
227
2965
2174
2838
2431
336
1004
2933
2261
1024
2447
1335
2092
1454
98
1253
2656
1817
0
30
2413
2166
1894
1994
1144
893
2744
2684
1140
466
2213
2205
2627
914
1333
959
1588
2596
2509
2248
1348
2501
499
2467
2519
2881
906
1113
2415
2786
323
184
311
2880
3070
22
2573
1961
1376
1261
1042
1652
501
913
76
651
846
2131
667
389
620
1486
725
1273
1502
796
72
2966
2391
55
2038
2224
1472
1740
2338
1282
1250
863
1209
1485
2223
534
1224
1510
2952
3018
811
993
821
962
1896
1318
2817
3035
923
2210
475
2284
1583
2917
2084
2567
581
941
2996
2187
233
1540
500
498
1539
202
1939
1134
1029
2058
2081
1366
110
2405
2849
1093
422
2485
2456
1408
419
1865
216
1873
314
1737
384
1599
844
2264
1851
2568
1765
2017
2588
1361
1187
473
459
2103
657
591
1260
2196
1221
166
593
1928
1028
2869
1699
956
2389
1878
691
173
2678
1925
541
1141
2690
1732
1031
1892
1995
1689
399
1929
2164
1420
2969
1
1674
441
1761
953
3020
2074
2902
1470
1200
319
1416
92
430
1548
2318
1084
164
786
1604
1515
772
2383
684
3014
1616
1821
660
1104
414
1846
549
2871
2553
555
2736
2654
2162
1590
2562
2555
851
1829
778
1870
2605
1658
1126
106
1481
126
369
599
87
309
552
625
816
1745
649
2222
2951
583
2176
240
2538
1605
266
635
354
1610
299
2432
325
3022
1072
2912
976
659
579
2775
1956
2242
1271
42
1690
1879
2693
1685
518
333
619
1365
987
2772
2226
3032
1377
1092
1245
1781
1329
2716
751
1476
2342
876
1163
1568
1012
2055
228
1918
1702
2235
2863
1143
982
58
1968
556
2358
655
2278
456
632
1825
2157
2370
1452
1738
2395
1018
1615
894
368
2292
2032
2732
1026
919
646
472
833
7
107
1955
2600
807
2531
1895
935
26
992
1676
642
2696
3069
284
1323
2642
2385
2469
948
12
416
112
978
1314
1008
192
2662
701
462
2114
2249
571
2510
1456
273
2603
1394
934
2460
528
880
1017
675
3044
553
2476
2369
2874
2034
1718
349
653
1565
1259
318
1357
171
1531
1759
2858
1480
185
770
2048
506
827
503
2184
1978
2335
2669
1597
1430
2697
2582
1602
2019
1079
1595
1579
1265
2625
1019
1371
2665
2487
2445
2983
451
1563
1458
782
2748
557
1979
235
2172
1886
248
2080
1206
1721
1767
254
2097
490
1778
1558
576
2360
1493
2526
513
2168
1487
2870
698
1936
225
446
2500
737
2825
1959
2993
2439
2423
243
949
1030
763
2701
1275
1976
2330
2801
35
2692
1681
2756
1062
259
1331
1002
980
1692
900
433
2105
2935
2042
2803
2120
364
1064
713
2769
1941
588
829
1125
837
218
1844
1867
580
1580
845
721
1644
2044
2865
236
45
102
1564
1543
1717
1739
1664
1806
1142
2963
884
193
1550
1774
327
714
2841
2197
2069
2464
2011
529
78
3043
2071
2382
2689
2823
1800
1237
1598
832
1687
393
2735
639
1620
300
2000
1355
1569
2267
1450
2828
3040
2366
1650
757
1337
2543
2812
2695
460
356
2214
1529
669
1352
1087
1545
2638
892
398
1514
1855
2557
1982
64
1344
2539
308
779
2377
2106
54
1655
310
2454
2579
2020
2331
2991
434
1310
409
795
2899
2056
1083
526
143
2479
1284
1517
2004
2343
1033
682
2683
507
759
870
1686
1097
2199
1044
1566
1441
1118
1553
820
2560
542
1648
2622
957
1876
974
3065
1266
2144
3045
2177
1935
550
1117
1900
1705
520
136
2179
2375
2171
1651
306
2584
1755
1753
1423
2745
1678
101
685
1505
1661
163
2182
196
1455
2572
1240
623
2859
56
2108
1218
3067
1607
2523
2013
2203
2930
3037
2466
443
2599
2783
3048
1744
2728
1246
1293
2847
1638
1390
2563
2659
2246
2275
2936
2764
1383
2723
1294
2926
2583
2218
756
3010
83
1107
2037
2751
2649
656
744
708
1728
1205
3050
2536
712
253
2075
1385
139
1556
1984
2511
2959
2451
2851
2614
84
39
606
2003
2637
2806
824
586
2453
2357
2352
347
2878
854
358
1442
1528
2073
1657
746
244
1489
1061
681
769
1350
1007
3031
1230
1439
2324
2167
2265
1509
1764
1308
1856
130
1326
933
736
2632
2156
1750
2875
1281
2864
1296
1836
11
2461
1621
485
2831
784
2365
1816
28
2898
1716
152
2262
2815
1453
665
2521
1174
2386
952
2225
2778
2950
596
1404
1734
1239
522
2929
839
2159
835
700
1810
536
843
1070
607
1917
488
2180
496
605
1462
122
2829
2086
1640
1672
2101
247
2259
2513
1532
2798
2346
2525
2954
343
2643
926
815
538
864
3006
1904
51
1391
1287
991
2861
1278
2664
108
504
645
2113
2988
2934
2577
2315
402
85
809
2819
3015
1188
1195
287
132
2743
1251
2561
2923
723
413
1139
2356
928
2712
2137
1301
2850
2216
890
1570
417
1479
1238
1872
2836
1997
663
232
425
1710
1490
1933
205
355
902
2617
470
1698
2024
1731
2620
2387
2552
261
2329
2944
2376
739
964
575
1842
2928
2896
729
2475
2514
1068
197
463
362
3013
717
628
2143
578
2283
648
559
302
1065
2529
1905
1336
1524
2658
2121
673
2298
71
861
3034
252
2940
1375
2512
412
2921
2895
1562
2515
2955
629
1054
2943
129
996
2702
947
2520
1075
664
2884
2211
2163
1013
2688
1637
1212
1124
448
1887
1332
514
2705
1818
1981
944
224
2900
1898
954
2855
2839
505
1965
2076
2287
383
2675
908
3063
2493
686
1656
1613
1801
2263
1448
1425
2532
172
826
2403
2007
2016
1511
1182
2141
2041
2498
1320
2149
1267
1958
403
324
1923
1999
2046
521
2533
1907
1649
1414
2306
1067
2777
2905
1181
1561
1198
1614
1179
2727
201
767
2437
2565
1334
1122
2913
1909
1963
146
114
2998
1384
1722
1498
2795
636
2111
1319
2667
449
2099
2636
65
23
1395
155
1754
283
170
90
1584
2244
1176
940
1223
2140
1712
2840
670
2127
1608
411
1254
2116
1914
148
238
2362
1695
95
1811
574
221
1669
794
1103
1600
330
418
2270
2767
1047
997
2299
27
585
920
3011
1207
469
2123
465
1399
161
988
2408
2920
2505
1890
1506
2979
1171
889
2942
1639
37
8
2350
274
1382
990
1035
2417
66
2721
1289
3055
1151
848
1973
1038
950
762
1162
2797
1096
2964
2173
2220
1349
1351
2932
2314
2422
1571
2843
1415
2717
697
1522
679
2355
1645
1347
621
895
1796
2322
1461
836
2873
61
1203
3019
2592
2217
220
1304
1611
487
2947
1353
2903
2093
215
270
2910
1279
924
2891
1108
2977
1069
879
2021
2713
1596
2986
2392
2593
2610
79
482
378
693
2611
2792
1663
1857
1082
1288
2544
2997
1606
2651
2699
2420
1014
1102
1148
210
2674
2268
2676
1544
377
3060
453
1089
2868
1136
1691
1071
1358
711
2334
438
658
1729
2065
2945
609
2541
2006
2961
2471
1193
189
2999
1023
595
878
654
1572
548
1772
566
2147
1526
265
2455
165
491
2449
1392
2320
2394
1037
749
1099
251
1315
429
1256
1926
981
115
1513
946
797
847
118
2130
2660
1128
2339
2326
342
1654
1931
3068
768
1537
2901
2010
781
1503
2146
2026
1196
2483
2294
346
492
246
1036
1952
2578
2886
1236
1006
1180
1555
2587
2371
2915
242
799
1327
1837
540
803
2978
1951
2564
80
298
852
921
755
2626
360
1286
2755
1303
1574
1164
120
568
2341
2446
2300
1618
2088
877
367
381
1056
2984
289
1291
2730
2885
961
638
866
1146
3027
2436
805
2245
2623
68
1211
1204
874
2971
1920
1783
1048
1736
1290
2002
16
276
9
2301
616
2489
1991
1242
2158
2349
543
2254
2785
2402
2946
493
1155
1039
718
3021
862
1671
2774
903
2148
1913
2814
1860
2061
1635
18
436
1508
1362
1700
3030
1111
2799
2985
1743
2545
258
1520
1757
2708
741
1496
1114
565
1189
1184
601
1156
1484
444
1998
2939
1996
134
1167
1803
2310
3026
867
2057
564
533
1730
594
2711
2956
1512
1298
1849
1988
89
775
524
3025
2430
206
647
1045
1546
965
34
2790
989
1225
2821
386
74
967
1877
320
2981
1632
994
432
209
1824
2296
740
1388
569
955
2448
709
662
1094
63
1216
537
2789
1782
1234
753
2237
1647
1447
2404
1653
2494
1066
1826
702
2195
2845
150
1158
1792
2285
2433
3039
1005
3016
2750
1585
245
547
2450
464
2054
2470
237
2641
357
2631
1819
1771
1746
439
735
373
1869
2145
2119
2687
2132
1805
2170
1946
1791
406
316
910
2138
2443
2788
1629
2685
750
2153
1422
774
1427
481
1215
1194
1701
2359
32
476
1016
2185
2681
1625
14
2491
461
626
2465
1129
1751
1381
423
1088
1809
1055
2444
1589
706
1116
2604
2621
2737
2682
2001
20
2207
2257
1523
2150
1446
212
321
1609
2293
2014
2390
1862
2095
351
2319
2308
341
1735
19
2549
38
1535
421
2673
380
2907
1586
2889
886
2030
958
2266
2388
2820
1715
2805
2709
1051
2344
31
2410
313
2473
372
1789
1908
1494
2530
532
945
1581
2066
2508
2400
1980
841
471
804
1910
167
2029
2305
405
1208
62
178
587
2634
2852
1575
231
2165
1213
1536
3061
392
2618
1587
1788
1101
3009
2060
1393
692
219
1272
104
229
1050
1971
1316
860
36
819
2518
2193
175
1311
1797
2958
1459
2367
2062
1643
2613
2700
279
531
1820
1474
1457
2215
1043
875
2063
387
2051
334
1989
1938
891
2122
764
1708
1889
1177
370
282
450
256
4
2152
765
672
897
2975
3028
2337
3051
2703
1131
457
2243
2201
1330
337
1675
1306
730
780
2718
117
1190
535
29
1970
1477
1882
375
2273
624
2271
57
2040
1058
1110
1426
2230
1752
560
1185
2787
823
2507
2876
502
1668
1302
2327
1074
2647
2427
831
1231
3017
1419
2650
2125
1359
442
1374
1592
2279
901
643
1034
666
391
2438
1270
1367
1219
2749
153
199
1790
322
2630
474
151
2208
157
545
407
972
331
1992
2096
2364
859
600
1186
1704
674
2313
1953
617
1530
785
1433
2779
1249
3033
858
2606
637
1015
727
788
1693
1217
1794
40
452
2729
2534
81
2295
1815
2477
630
2231
2524
754
2221
2009
1521
1633
1617
2957
2893
1418
633
2321
817
1340
2629
917
905
1297
573
3023
818
1386
1660
938
2440
1711
234
869
1471
734
447
1875
1397
2425
1832
1127
222
2079
123
1840
1428
2194
6
2652
2104
1932
813
1594
2906
1813
2091
1123
489
2846
1534
2974
127
1793
2368
1475
613
1378
94
1341
1258
1133
2348
747
2036
3052
1697
2434
213
1445
478
1578
1041
2333
1342
1773
2109
2655
177
1853
2291
1957
2668
1464
415
1389
2232
1009
179
2302
527
1921
515
1670
326
881
188
1405
13
371
2064
731
1451
2252
2671
272
2759
268
1576
2918
2680
158
1021
2374
1500
1940
995
147
1228
2409
2189
1469
2747
1373
2890
2399
1222
1646
2842
883
2948
694
707
2043
776
671
771
1465
927
2219
1339
2781
340
275
91
683
1845
2384
1785
758
703
551
2800
2791
2586
1421
2161
1915
2068
77
1491
618
1073
850
1885
539
998
2452
149
2078
2240
1974
2251
2761
724
1232
33
801
2418
211
896
1387
2624
2990
2894
1080
2970
250
1057
1507
783
561
1063
1987
1460
338
332
971
2972
3047
1305
3024
278
428
1591
2802
2661
2715
911
1901
410
3012
1850
612
2844
293
1688
3046
787
1612
200
203
2504
401
2317
182
2238
608
