2831
2234
1913
2504
2391
3051
73
1323
1413
2131
1572
1975
944
625
1999
1069
3018
2067
2536
3061
2036
784
203
2059
2421
1773
2540
2348
2916
61
311
2468
539
563
1348
1195
613
2652
369
2852
2918
1732
946
1097
511
138
1002
2274
91
2052
1731
2703
2280
227
97
988
373
1163
793
1717
1678
2729
1332
1293
756
1223
489
26
1064
2172
445
297
495
2800
1967
1155
907
1760
2441
1868
890
2448
788
2583
1055
2578
2427
949
745
248
199
2758
1387
1603
394
570
2838
3062
2884
2088
3027
1655
740
591
1112
210
2658
268
2628
1986
1152
2787
2315
1604
902
2113
2310
938
219
898
772
89
1140
1176
654
1822
2399
267
1034
1110
2606
1933
2273
826
217
218
1676
187
2630
2152
1832
2508
2413
1940
1281
1322
1489
302
1385
2812
556
1987
719
1147
1282
2339
2667
2868
397
2509
2674
151
1805
2001
2919
206
124
3006
1983
1121
709
1922
481
925
1862
2140
150
519
1012
2595
680
2899
128
1204
432
1848
2024
1336
31
893
1318
2774
501
1626
691
894
119
2795
1362
66
1928
2925
2985
2522
3039
655
732
1070
929
1056
769
620
1305
1640
1291
851
2930
2296
1149
157
1556
1422
1265
1501
2432
201
416
2953
2207
2888
2834
1510
1883
2803
2127
2171
407
2415
1271
2689
2827
195
2979
524
2302
1892
516
1495
2700
1722
1829
1904
230
2933
1104
1699
1216
933
960
650
2538
1702
1465
1431
204
840
2747
1852
909
1157
504
2634
1210
30
646
1122
2936
1474
2506
194
2653
2989
2861
2075
184
2462
2264
2042
2198
2235
1333
1879
1910
622
2043
378
1120
1370
2909
3055
1306
281
2146
1029
2762
992
886
1600
726
2167
773
2370
1669
363
950
1021
2901
615
2283
3041
358
1016
2334
2376
2704
2349
443
2846
681
435
770
1721
126
1
450
1340
560
2943
120
965
1766
759
1276
1026
1313
2957
746
2323
2035
2308
2767
604
1071
2952
1560
2321
1788
345
159
1177
1266
2259
332
651
257
2586
2426
2695
1043
2668
226
775
876
993
3014
1915
117
152
176
920
1590
2623
597
1269
3067
1311
1397
1373
1440
1119
81
1094
2654
598
3034
1654
469
2045
2231
1347
1096
2829
1092
564
1407
514
945
448
1931
2061
251
1396
715
2958
1929
1554
168
1596
2555
1143
377
2282
1972
736
1390
1428
989
1241
1633
427
21
1479
2789
2062
2109
1327
188
2659
2390
543
2165
2480
707
730
977
2170
1628
2872
1946
2732
2806
1610
2686
392
2740
1780
2343
1215
2287
1024
2147
326
995
1217
612
1802
2728
2190
554
1964
2920
80
2969
2843
1705
2129
1343
633
2074
1700
181
600
1446
2964
1344
1584
2931
2627
1817
1914
822
2527
1847
402
2177
2446
262
2710
412
71
2347
2367
2722
2340
498
678
533
836
1135
48
154
423
2871
148
2180
1439
2225
2038
384
254
2808
1378
2923
534
42
6
785
1787
2126
238
1664
923
1209
1330
304
1934
2611
640
2383
1666
512
2910
1498
1570
2116
2998
2505
2056
2692
1974
1518
1608
351
1044
1785
2125
672
733
1550
1490
831
2290
1007
211
2569
959
1399
2454
1673
856
638
506
2263
2661
2772
3009
2194
2053
1629
2671
753
2261
619
2743
541
2809
661
2993
1443
2677
2377
430
2841
1325
2020
166
1985
1141
1656
1353
2665
2229
2098
1827
1309
470
1716
196
749
1058
1257
1346
1995
96
2378
2096
1247
3030
2752
847
343
521
1917
2121
1412
1416
2619
1183
1620
2361
2206
2169
1846
2515
1911
1742
1159
2804
900
2356
1951
2999
1054
2133
1693
1855
1992
422
396
2944
488
1006
200
2974
1191
2457
319
3000
205
2535
1759
1771
2524
482
1902
1134
708
1321
1799
78
1395
593
1035
79
1997
2161
607
1685
1769
1050
84
1153
1022
630
702
2745
3032
2221
247
1509
497
2562
2026
1710
1795
1684
360
2978
2345
1821
1859
1106
1947
2517
1523
56
1994
2353
1025
1320
1990
2503
1031
1698
1659
2922
365
173
1349
1394
146
1475
2672
2780
2756
3070
1154
114
2447
1236
3001
417
2994
2142
1415
1588
2814
1955
579
1563
1386
1857
1959
1434
2428
958
0
700
1980
1740
1839
2021
668
725
2143
93
1593
3002
2499
2903
2104
1836
2579
2271
2438
760
1850
2473
3024
2566
1747
329
2718
1272
1542
460
531
1315
2189
2322
841
1020
2003
527
553
131
2824
2081
420
2000
2011
1299
2701
305
3
2886
987
2080
107
2320
3020
2232
1424
92
787
1515
3012
2195
490
2479
149
768
1229
2714
2788
1575
2713
2330
1826
2571
2768
1423
835
2858
2153
961
2938
2344
356
2811
2859
1433
147
2108
694
1477
1565
371
2379
698
2563
1095
2636
697
2082
2144
1232
2669
2657
2137
1806
969
447
627
1953
2705
1867
459
910
2242
1751
2791
2411
2268
1048
29
88
2614
2528
2897
2070
2485
491
804
1552
1744
1046
801
348
250
132
3028
930
1555
2139
1300
2676
125
2117
2647
790
1651
1918
1101
1170
1250
2134
313
2355
3059
308
616
478
1764
867
981
1051
2531
2456
458
2500
1833
2214
1004
2216
1539
2393
2640
2350
2539
1562
1875
186
873
1707
271
49
473
2929
693
2601
747
182
1767
2443
2230
2917
2644
823
755
1508
924
1726
817
673
1294
2277
1252
1066
2419
1042
2765
1225
2369
912
2514
2763
544
306
827
476
2491
819
2948
380
518
1853
1634
2856
2209
2100
763
2288
2425
2592
24
1748
2797
2683
517
2410
2179
2168
644
58
1663
1527
2546
1811
1137
2386
1255
1239
1889
670
1737
28
2835
574
1574
2281
637
1100
116
2932
1145
1937
1003
1497
1637
2331
1893
216
2433
3057
1803
38
1233
44
1237
441
237
2819
868
1627
1297
72
1568
1580
1487
985
1127
1144
1363
656
1342
2319
134
1688
442
1719
2820
2048
2265
1001
2906
1464
2087
1706
1587
948
1652
2187
2260
1248
413
608
2537
1790
2176
1739
2777
428
213
1919
1142
1444
1196
568
688
2971
2549
1519
46
2185
636
344
892
2991
2233
843
2857
669
2284
2642
1234
431
1194
2079
2317
1683
2269
1939
2488
357
2598
1220
1854
618
1711
2573
2947
2248
2015
1427
1973
623
1231
1594
1073
1784
2526
1998
895
2442
1414
142
1457
398
2764
156
590
1638
3054
284
2463
1761
2587
202
774
1483
463
1912
1162
1981
409
3016
1896
2580
809
1804
897
1364
573
2900
1039
648
515
1549
2163
2699
834
1469
523
486
433
998
2717
2650
973
449
703
399
846
2352
474
496
2219
2631
824
1679
2449
390
382
339
63
2934
1128
2218
1599
682
1511
1840
2773
2014
2778
341
293
2365
634
1156
1275
1345
1015
244
2802
40
2013
480
1442
2091
20
2276
696
2005
2312
274
1000
1499
175
2727
2915
972
572
1010
1522
8
631
503
3031
2373
282
2255
957
1647
1807
1205
1107
791
2523
2304
1977
19
2582
1451
879
3033
2328
1117
2414
34
229
2250
3044
731
258
2682
2183
855
624
2837
2821
1403
2501
312
3064
1455
1689
1772
1770
734
2267
3048
522
1084
452
802
2813
301
99
1517
1691
2646
888
2395
2513
1782
68
2044
320
1227
408
1743
338
2567
1906
1686
2351
999
2876
1736
1014
2887
2543
86
32
1187
1888
2860
1621
307
2982
546
955
1866
315
2664
2337
842
1245
189
903
1966
475
896
3058
584
2913
2716
639
414
1639
1449
444
994
1148
471
2138
1566
2873
1642
1131
1657
766
863
2364
712
1956
317
1916
1493
979
1356
2149
939
456
2638
1067
767
1670
1203
1292
1401
1775
389
2076
3038
2911
792
537
2060
561
1165
1151
347
2404
170
1303
1622
1406
592
695
1193
510
2136
706
2553
2396
252
1816
1661
426
1996
2577
5
2518
139
605
122
37
1530
658
569
2257
1885
1174
336
2431
1808
1625
2822
263
1059
2182
2357
1082
1982
713
94
2970
3040
2420
1471
1402
991
1432
2784
2458
2521
614
256
996
2162
2208
113
530
353
1813
3043
411
2016
2486
686
3066
1383
1561
2338
2554
3005
25
1819
1794
1018
825
462
589
1809
2316
1481
276
1307
1632
1124
2006
1874
2617
2422
1583
2761
487
1041
2987
178
74
2184
2733
1504
2475
55
95
603
1289
331
1765
1284
328
832
2956
1548
1027
33
3049
968
2482
1314
303
718
1090
674
635
35
2725
1715
1886
722
1753
602
314
2629
2467
1887
1831
1534
1729
294
1697
2033
112
1408
269
2065
3023
805
1376
2341
1494
2966
1675
567
1169
2742
158
2973
583
1158
2166
2855
1525
395
438
100
2680
23
67
1361
1643
906
2058
2384
2403
891
2254
1957
1837
1824
2760
1812
796
366
813
2452
577
3017
1160
372
2342
2301
710
330
1075
2272
2051
1238
1335
2191
1219
2785
2698
492
1564
984
185
322
611
2866
2656
2589
110
1057
183
2186
190
1113
2954
2027
1380
1324
2258
2150
2781
2295
1835
1198
1856
121
1536
1462
1745
2237
2068
1755
1818
2019
2864
1828
1019
2497
222
9
2939
169
1944
1825
2363
87
566
3036
2368
209
2558
1695
2590
2894
2004
1409
1503
2992
118
1074
461
2690
2160
2107
699
2130
861
2693
1502
103
1507
174
671
778
1703
2723
2262
65
578
231
1872
1496
676
1877
548
2648
2697
2687
502
2057
2031
2602
2997
2493
2392
1368
782
777
1379
2730
1486
1296
350
1251
1466
130
2453
2196
2093
1635
797
310
1445
665
1404
1053
2439
1905
1197
2203
1528
986
808
2047
2240
1609
2318
1326
662
1382
359
921
2685
2950
54
1870
1774
1125
1506
2613
1211
2502
2278
2712
860
997
2905
361
2977
2902
2962
812
2193
2362
854
2112
1017
11
762
2753
2904
1384
2385
1942
2406
971
1926
536
108
387
323
2159
1746
2585
403
2478
1267
1328
2405
2223
1430
2472
457
418
1579
1013
1505
2375
2850
2469
2735
2560
246
1876
2707
1535
1283
750
2696
3069
952
292
1108
259
1109
1962
2748
1958
2706
1945
951
1920
3029
2980
2604
2968
2374
2158
374
1880
1871
2041
1598
2039
2025
2188
800
324
1087
990
2893
964
484
1615
550
2581
821
2568
601
2437
664
1105
2815
575
1614
913
1547
967
2064
2251
2599
875
899
177
2279
1735
2853
2008
803
2072
3056
2212
1478
1290
2105
1011
2541
1030
953
2309
1646
1815
1008
57
140
1786
1733
936
2635
1268
629
3042
2200
941
864
2557
3050
1115
3021
253
2115
2890
2928
2960
386
2766
916
1081
2645
2848
684
1304
2575
334
1863
724
1400
645
2734
727
1243
1273
1858
340
2034
223
2192
499
1308
2407
2572
2007
859
728
2731
272
2423
2995
1619
1513
239
1567
2205
2807
2095
2660
240
1230
436
1672
2084
2199
1047
212
966
16
1274
2099
1741
848
2793
542
2935
1690
1060
704
1754
36
1411
2326
2779
1312
2300
1456
1551
2534
1712
3065
12
172
64
1061
1405
1576
287
1458
2615
2398
242
1696
1150
877
545
2519
410
41
1595
1724
346
976
162
621
364
1009
18
2561
85
1838
1586
236
714
1098
3013
2955
2945
2996
1674
2825
1631
922
1214
1226
1680
2092
2155
520
379
2471
1388
2030
241
1864
765
2881
2245
799
643
2069
758
1470
2289
2770
153
1901
2988
2211
129
1541
2691
1228
1613
2124
1419
2724
3071
1089
1725
2940
2477
647
811
2673
2224
2313
1172
1544
505
1618
2798
667
1072
687
2596
2726
1521
1032
677
2941
2625
2101
1601
1138
1553
2055
1062
1611
1207
2751
1038
2132
1891
609
2694
2794
2145
1778
327
2632
2173
1949
2823
362
2481
2246
1173
2238
1776
15
13
947
2649
135
1514
1213
838
595
2870
1758
2552
2256
1558
1452
926
286
626
2128
1079
2618
2865
1118
2851
70
101
983
2476
943
2285
1897
845
508
720
298
1533
857
2049
3045
1369
2622
1677
1820
1884
2869
141
333
1660
2459
889
1259
1175
2882
2382
400
1317
3015
1938
265
679
368
820
931
571
1777
1091
1520
1878
235
385
1360
2329
2757
2028
3010
388
1377
2610
2637
779
467
2862
2401
2854
2389
2465
663
145
2883
1941
1023
2744
1823
1704
1492
1367
7
1667
535
1797
2210
2085
871
2009
1873
711
2532
1898
2986
300
1298
914
978
1908
3035
3004
1436
1425
1319
1943
1800
2487
2975
705
3053
1783
2336
3046
1692
2434
1935
565
1750
1923
1078
716
2643
1182
2965
143
1793
1199
75
2366
1810
2181
1171
1468
376
2097
2880
2022
839
786
1391
1830
780
370
2633
2826
1168
1602
2771
2305
391
2118
1429
872
2810
2106
2086
1280
1653
2151
2874
165
1516
2445
2603
2037
2054
2078
2303
1578
2863
2197
2529
917
1718
1900
367
2297
551
59
2898
2291
528
807
1903
465
1374
280
1365
1734
2867
1279
3003
401
1865
1242
1713
406
290
1005
837
1571
1049
927
2721
2489
316
421
2949
215
901
529
1256
2746
352
1258
192
1178
1240
1545
275
829
2360
102
