78
116
77
71
80
92
73
112
69
122
68
100
110
120
124
95
81
74
117
84
104
105
113
123
108
70
247
79
101
126
233
93
192
254
252
66
88
85
224
87
253
240
228
238
222
194
246
236
226
207
239
107
214
209
249
212
225
221
242
204
72
98
218
201
231
251
234
220
75
213
205
227
215
127
230
217
102
250
223
90
76
64
125
94
232
244
109
197
193
241
198
229
202
235
99
119
199
255
237
216
208
67
86
118
121
203
200
96
210
38
65
83
243
16
179
191
160
103
82
196
149
89
111
151
31
176
128
248
114
106
153
178
136
195
20
156
58
157
139
182
168
166
144
173
140
2
177
183
5
164
171
0
161
186
188
97
141
143
131
165
130
147
190
49
146
189
50
138
155
184
187
185
28
167
158
39
175
17
1
8
163
170
59
46
172
12
135
9
174
56
21
150
438
331
413
308
385
296
282
442
375
343
386
265
285
428
262
317
346
381
295
410
421
306
440
357
427
360
392
261
345
289
366
338
415
400
324
323
394
310
284
314
377
372
404
436
363
292
426
349
411
358
371
259
332
266
256
359
328
305
420
430
304
407
474
409
347
387
333
269
258
401
433
268
300
272
267
389
348
287
344
278
321
309
369
320
318
468
257
405
312
319
376
370
419
431
398
406
281
301
443
275
373
271
302
286
362
483
449
498
447
437
399
353
326
429
506
503
466
457
439
460
382
380
452
313
280
378
276
322
482
497
435
510
340
379
367
501
288
351
334
422
464
486
368
396
465
484
505
414
477
491
485
390
355
489
330
481
388
499
391
342
445
441
450
325
393
356
337
412
279
417
508
299
509
469
339
461
480
424
507
470
432
454
297
446
341
364
335
418
494
270
467
488
745
765
743
724
742
737
721
716
760
767
756
758
764
714
739
740
729
715
749
761
722
759
744
755
746
710
734
554
728
567
525
708
558
751
546
555
541
530
754
572
550
516
552
565
526
730
575
705
517
574
531
532
539
693
523
536
563
515
561
763
750
766
521
736
547
585
577
679
665
537
748
551
542
518
630
571
686
533
549
681
535
628
603
667
680
618
569
612
673
695
627
633
632
701
676
562
762
674
622
682
609
616
671
570
613
649
513
732
670
725
543
702
593
617
678
604
698
573
582
611
669
691
522
668
588
666
635
654
713
690
592
596
653
614
641
576
637
625
620
598
568
545
597
553
683
591
700
689
560
527
718
643
640
646
703
586
675
580
687
583
601
645
685
599
684
600
581
656
548
610
590
579
624
608
606
615
639
602
524
658
647
634
757
619
623
605
578
559
528
662
638
688
