31
27
38
51
12
54
52
10
32
62
208
47
24
9
20
2
236
0
21
53
40
26
196
177
255
11
218
173
227
237
202
135
44
16
34
22
60
162
15
186
6
28
212
234
151
134
35
164
129
148
59
250
229
205
23
158
152
128
211
183
18
131
4
199
209
169
241
217
149
184
190
203
248
136
153
147
225
167
233
230
133
49
239
56
247
188
1
214
253
244
143
242
8
174
216
157
182
156
172
215
37
171
197
245
91
180
254
206
132
231
166
69
226
138
139
141
185
57
191
179
221
13
228
235
73
246
98
189
222
223
213
165
29
39
130
168
58
192
65
145
137
86
249
243
176
150
80
198
232
77
17
142
195
78
204
240
122
89
85
64
121
146
123
84
104
238
94
161
159
71
210
107
70
90
126
111
100
175
67
75
83
102
66
97
43
108
140
106
120
99
103
117
356
358
331
355
292
374
351
317
309
320
306
286
401
343
303
354
271
382
295
368
383
289
319
285
438
352
304
282
307
399
278
403
340
283
350
261
275
412
308
300
256
305
269
274
281
312
279
430
364
270
296
380
410
262
425
294
273
359
376
365
302
406
347
405
335
441
284
280
290
367
329
378
258
310
318
313
325
268
299
277
445
428
336
276
272
267
301
327
414
416
337
417
345
341
291
431
439
435
360
263
315
413
265
402
407
266
421
397
379
429
259
370
444
424
371
330
509
442
326
288
389
443
297
324
437
361
314
264
338
499
311
322
260
433
475
373
469
409
386
491
346
511
372
333
427
316
474
420
393
298
344
510
257
493
450
464
479
411
348
287
492
440
505
381
465
470
457
473
489
390
507
504
483
502
482
480
467
332
375
418
387
486
447
461
362
498
494
321
471
400
495
490
518
544
563
529
512
532
568
517
526
553
562
566
559
546
595
523
519
551
548
684
537
561
635
596
545
666
612
687
708
632
756
707
590
641
713
575
514
528
576
602
557
646
651
754
709
516
739
737
591
592
589
642
650
674
613
724
660
572
716
631
702
677
629
695
536
608
700
731
722
725
718
721
645
606
734
659
667
761
644
611
675
547
765
738
764
682
746
749
535
661
704
649
680
759
584
581
534
751
638
747
748
656
762
678
758
643
717
652
763
654
567
694
705
533
726
614
730
665
671
733
742
753
743
689
668
670
736
703
599
618
524
628
714
752
681
580
539
744
673
729
710
648
701
634
692
543
755
640
735
558
525
564
745
685
715
750
585
669
593
655
610
706
639
723
697
609
741
560
711
527
621
672
693
604
683
540
699
767
633
657
521
574
679
554
658
617
586
594
571
676
696
538
