102
105
79
69
75
100
101
87
125
107
67
73
103
88
81
84
96
104
80
6
112
118
72
71
82
85
106
116
61
21
15
90
123
58
93
94
65
109
0
114
12
62
5
13
117
53
121
36
92
113
137
42
142
172
95
38
74
27
30
41
60
33
119
45
7
91
37
86
70
97
22
34
57
20
89
31
16
120
4
64
50
26
48
2
124
222
177
143
157
133
76
236
163
11
205
63
140
170
56
18
46
129
10
49
139
14
147
200
39
204
156
168
132
206
197
126
3
115
111
146
19
68
166
253
110
245
99
251
209
160
54
247
237
183
47
136
128
23
162
78
230
184
213
226
169
208
238
232
59
217
44
150
165
66
255
191
179
161
152
211
194
40
181
246
195
144
241
43
176
185
25
202
173
178
8
249
244
29
225
131
201
174
227
24
218
190
154
207
175
164
215
214
379
406
288
304
259
313
270
316
422
344
354
261
284
438
329
410
272
409
268
385
424
282
428
265
398
368
266
260
386
433
262
447
339
276
444
281
343
391
442
331
412
440
502
418
273
357
353
403
277
363
441
450
280
427
301
407
426
307
341
499
274
337
421
258
488
271
413
325
290
395
393
278
408
461
396
299
351
445
443
297
267
482
256
436
347
423
400
308
275
336
312
431
394
417
402
346
364
382
358
429
466
470
352
287
432
475
359
456
505
362
367
349
481
411
419
310
384
342
330
468
327
320
372
322
294
285
374
302
309
338
340
498
389
373
317
434
360
323
479
321
315
377
376
487
371
286
484
300
511
491
483
381
430
509
472
296
366
506
289
348
480
469
494
319
324
311
496
485
264
365
401
446
333
380
474
476
392
326
306
460
503
457
334
467
415
356
387
507
495
501
508
462
679
658
640
530
699
676
531
660
553
543
701
554
703
680
544
519
669
662
652
694
663
697
667
681
552
675
647
560
565
687
704
631
548
547
737
696
570
688
566
758
661
533
538
686
568
576
558
605
557
692
514
665
682
638
691
651
684
655
678
659
739
747
540
711
721
539
537
671
525
572
573
690
715
706
766
521
603
545
627
724
664
648
601
653
732
717
738
608
562
705
622
629
719
657
518
683
561
535
708
522
609
564
695
604
534
582
674
520
615
767
710
646
764
625
546
729
619
555
735
755
594
598
633
611
563
756
685
733
643
517
639
709
723
670
528
536
559
529
588
734
515
589
656
677
728
761
516
642
746
644
579
689
578
736
742
532
673
524
596
748
526
618
751
617
752
614
745
749
591
523
740
626
753
569
632
712
741
672
750
759
634
765
693
623
550
571
716
587
590
574
668
757
