3006
2971
2759
2893
1325
1798
2572
2082
2913
2813
1981
1701
287
330
54
775
2064
677
1496
732
1607
2795
1882
2697
285
2411
1491
491
2312
2862
2004
1115
2003
1147
2213
2610
1270
865
3019
2395
462
2357
153
2324
2319
1704
1736
1342
1976
2637
2385
2069
1334
492
1429
2259
892
50
1282
823
1528
2134
1802
2354
3038
2273
2631
1964
564
1899
2131
1099
2556
333
25
1497
2460
1004
2288
134
2941
1725
1549
480
946
820
669
386
1818
2944
2403
1845
2829
615
2840
2293
1566
2908
781
610
2672
2245
392
3054
251
2265
2803
4
1651
1914
1399
1647
1116
2457
509
2564
1011
1190
3055
377
1800
1670
429
2204
2332
860
2283
1233
2394
164
2205
1929
2345
2811
1301
2651
2667
1603
973
1834
1272
1119
1481
1828
538
1984
1851
247
1079
1411
1089
1803
1382
2014
852
20
904
282
1443
693
1617
1294
1904
1783
270
1238
2098
2450
561
2560
1830
141
1568
281
2441
1771
760
1236
754
97
157
816
2746
749
1515
439
2826
1199
2582
530
2936
2294
2365
831
1942
118
689
1056
1435
1459
2253
1852
410
1881
3014
667
670
257
2071
1082
978
2470
789
1057
233
2343
1556
288
103
1433
2443
218
459
2261
2845
7
100
163
2734
513
263
2861
2244
2058
591
2993
2987
1595
2699
2190
920
414
2621
1027
645
1796
1535
388
2417
197
1741
1031
1636
621
753
3053
671
768
1286
463
2670
2574
1937
1726
2678
346
252
390
266
2562
631
2303
1955
2007
2445
1244
802
1983
704
1283
2832
1922
1070
87
810
2159
455
1778
963
2910
129
1268
1600
712
2378
1514
356
1229
988
737
549
2506
1035
1750
183
1370
271
718
2723
719
1457
2313
2619
825
1142
1598
514
284
180
602
283
2575
3002
476
1474
193
366
1191
344
2167
2508
482
2719
2691
911
2040
1344
2842
2731
19
29
423
1640
617
543
1659
2068
545
613
1019
2000
554
1592
2681
1956
2158
1587
487
1629
1365
1989
143
1789
553
969
1006
1359
8
1526
2370
503
999
400
328
728
2286
2622
2322
666
2221
2597
107
2895
2773
1303
348
1499
1080
222
2771
2820
703
895
191
289
1933
117
2742
450
1337
2877
209
627
64
2372
2721
2078
2266
1920
1284
542
1265
1197
1908
26
868
1561
1350
989
1095
1703
71
1713
2946
2400
535
2477
1462
590
239
593
1758
2671
2875
204
1189
2454
2416
1211
1009
1939
759
1230
882
1452
1797
1723
1952
227
1100
1081
625
2321
324
1454
1776
2531
1941
649
3049
2603
2059
2499
132
623
1008
771
1176
2724
1934
2899
2148
1293
363
848
2666
2044
1921
1558
2636
2796
2256
2299
2260
1347
2306
273
2107
1669
2915
1410
1625
2340
105
954
1152
741
959
2039
2352
119
1609
2898
2121
2843
1357
1467
2491
3010
1002
2644
1218
783
2732
2462
1014
807
1318
1840
2566
2463
2298
502
1054
1074
1544
1012
2119
1461
112
1144
2459
851
1866
1883
1731
1036
588
729
2448
2203
2066
2188
758
104
745
2180
1887
2002
1961
1223
2140
819
2408
2467
1503
353
1458
930
1973
269
1612
1479
77
2304
923
402
2154
2881
2595
1034
1790
1184
2453
3009
325
1219
1106
1628
1198
1963
950
884
327
360
1728
1812
274
2072
2156
1550
1508
2122
326
347
1562
1504
2624
1683
2581
2420
341
2937
2442
1377
654
2978
500
1623
1768
63
787
1872
1998
2577
2012
2787
519
2831
890
2425
1597
2103
991
568
2118
786
2529
1815
2997
2060
380
1747
793
2760
762
2350
1664
544
3039
2626
18
2335
2990
1857
926
2067
1910
2206
1555
240
161
2669
309
966
872
421
1762
1484
14
765
155
2032
339
1519
2502
1297
1849
2458
212
2654
2263
1040
1072
2170
843
1047
1348
128
2440
2586
1394
368
2543
2747
1572
967
295
165
1527
990
1879
1324
2152
681
2056
1760
1553
1816
1087
1128
1037
1679
581
127
2896
1846
1209
122
1330
81
1817
2607
76
1237
2075
525
2675
977
1194
59
1680
2268
422
2884
595
424
574
894
60
445
1695
957
469
2726
1372
1048
3047
2427
381
2421
2243
2592
1246
370
2849
2127
1476
1345
177
2920
321
1114
730
454
1226
3023
849
2269
838
1599
1267
936
714
1903
1953
1005
2339
1864
2720
1943
2009
188
1466
1799
797
998
3063
2635
2087
1101
1697
1863
1168
2779
2600
1416
2037
701
3000
660
2023
1105
1213
2750
1108
522
1975
1523
484
618
2571
2469
2377
2461
2744
1642
2481
858
2921
2674
1996
488
67
1361
318
2483
1836
2402
2084
1438
1949
1974
3011
2106
924
1158
2661
2761
1400
2629
834
485
1448
85
2433
2799
2407
205
323
1654
1804
2112
1547
1388
1214
2883
1120
2367
280
1948
137
2857
1995
507
1039
795
2618
1064
614
3026
1753
1490
2846
2522
2890
2966
2768
1075
539
1131
415
2688
2812
417
559
566
1254
1447
577
2999
2956
2639
355
149
460
984
1406
982
393
2702
692
52
1103
2389
1050
1590
224
528
2316
1530
398
2430
2951
461
1052
2736
1520
294
934
1775
1884
409
628
1877
529
2524
135
2767
2013
2396
1437
976
1000
499
1316
2091
2548
2718
2653
2214
1613
2931
387
1870
1677
304
2446
372
878
2994
740
755
2401
1170
2173
1206
1732
1905
2801
55
1752
638
1118
665
761
2627
2583
2704
1364
2157
2136
986
1793
862
2947
237
2479
297
427
929
784
960
464
2404
2690
1645
682
36
2860
799
2705
1296
495
656
2348
242
2179
949
1451
1552
131
2338
1831
1779
2177
2809
2900
2755
2043
1224
1665
1444
2426
418
46
2969
1135
420
3017
2774
2745
2181
133
1588
725
1819
908
12
1351
3057
2938
68
435
2873
255
606
551
2238
2561
479
2507
3029
2139
2374
3015
2738
2095
1786
3027
914
1551
731
1710
531
776
471
560
2124
940
1777
1809
698
338
1965
2547
812
44
2125
1192
1657
2497
3012
2482
1480
2545
1631
1735
2397
208
2464
1655
2051
1542
685
2765
1931
629
2199
912
35
2527
1061
584
1025
1407
2878
1711
1392
196
1013
1529
1581
1367
2912
632
727
643
1994
198
2876
2623
1195
2802
2601
2415
1149
1326
162
319
2027
2986
2935
2792
983
329
456
1729
2171
1314
2814
639
1748
1896
3044
1273
1247
2088
2147
2509
1604
2686
2512
1124
336
2788
751
335
2251
1596
113
1940
1744
2821
1129
489
2048
2052
1756
2778
1518
405
3018
1565
3064
1510
651
1709
2753
3040
846
1536
1567
2035
818
1650
907
2439
695
1261
897
2185
2537
1980
742
2551
1295
1205
1335
186
1439
261
2218
2851
1266
3025
826
796
2609
901
48
835
937
996
1426
306
2874
1185
620
803
2246
1848
1782
1360
866
2952
662
2633
575
2585
1401
2342
2197
2707
1745
2053
3056
2680
1646
523
2093
2270
2028
2976
1541
1235
2510
2942
782
1023
2062
375
707
1363
1715
886
1046
1355
2330
2382
1919
888
3033
1021
2305
41
367
385
354
2988
24
2638
32
993
2717
1441
1644
160
2300
941
1174
1841
1691
1876
2818
2844
2104
1492
2222
2254
1001
111
2327
1643
411
1537
640
1126
1146
1317
3028
827
1066
1078
2020
2302
72
2805
3071
1240
2555
2889
62
2663
2503
2926
1473
2540
1076
1384
2757
548
434
2210
22
1307
2777
2257
2781
687
2132
1886
2858
635
1097
2096
2928
1591
2591
262
146
2934
832
2074
2968
570
446
572
2168
1755
2291
2326
2452
1554
952
1024
2807
2178
1706
213
10
910
2963
1968
2850
125
780
1835
2833
1794
697
1475
2235
2207
2682
101
184
1420
1502
470
1667
992
2356
1242
1620
88
2727
1823
1938
1672
1979
1575
1749
1132
2824
659
1719
1622
1616
114
443
881
1652
979
2042
1164
1343
2281
2232
2150
408
2123
226
1130
2100
1413
342
1638
2320
1821
2698
300
2664
840
3005
2029
720
2596
2449
2429
170
2615
1926
496
743
573
2102
93
842
504
2165
1663
893
399
2486
2138
2919
770
1285
2656
1950
1602
805
256
2237
2083
404
1511
457
1734
352
1304
636
2822
173
2870
1739
2471
1291
2793
1764
2614
438
15
2933
664
2325
2954
2089
51
3037
2903
2
298
844
2174
1440
801
302
1055
1855
1546
2554
1684
2225
1241
2655
887
2643
683
3060
2447
2945
1682
1656
361
2880
1320
1791
1754
2419
1354
1842
1859
2953
1094
138
2456
2659
1967
1405
334
207
2523
2363
1717
147
2414
1177
223
850
2379
1336
2751
1690
2739
2616
2594
1464
1693
1615
517
2513
57
376
1243
2220
1109
1321
1737
1563
3016
2128
1506
428
1935
2687
1287
2239
766
1632
1329
1210
2216
1256
2271
11
1328
2819
1660
2080
2696
2149
1387
822
885
1375
1982
2959
2151
259
1486
711
2886
267
721
1856
293
2853
1371
1634
1838
2806
3021
1686
136
365
3066
724
245
2528
970
2092
2918
845
1781
1155
3030
254
1571
1422
1522
158
2530
98
808
166
220
2541
2341
249
2925
246
2518
2998
2444
1495
2602
2923
2599
1085
3058
2975
1167
2612
3045
2652
1658
1911
2101
312
2431
1999
1580
1123
2584
1927
1959
364
1157
2366
1635
1570
2336
563
2108
1217
2500
1906
1688
1472
1060
2784
2307
1521
1584
889
374
2640
870
773
2005
1662
2387
2392
1488
1112
569
2859
1740
3024
2568
1257
2215
2927
2478
1579
310
1306
1743
814
1178
1258
2526
248
1289
2782
756
1385
91
2236
2996
2153
1058
2163
1470
1252
1428
2714
597
501
879
453
178
706
2756
1610
244
458
694
1349
2187
2871
2816
1493
2866
3007
2183
225
2248
42
473
2289
2130
1574
232
2906
955
152
1029
1300
1127
1700
194
1104
637
436
2492
2381
1772
739
1621
2549
229
630
258
2290
2634
815
2740
1202
598
2487
1107
2161
1369
142
1928
1396
1125
2410
53
291
2115
1302
1456
1390
490
472
2488
1913
3043
2917
2939
965
389
1264
2369
2888
1255
2435
1738
1188
1179
494
2776
794
474
1918
1362
2854
1156
3050
2455
1668
1586
1069
481
1548
2405
605
2683
1763
317
2437
647
1033
123
2539
1020
1915
2709
1990
1525
876
2593
2834
189
1576
116
1966
69
1434
230
441
1404
1767
2762
717
1204
1917
1161
357
2287
1431
752
2413
791
2950
2504
3036
1305
1712
1465
672
1418
1332
2333
1837
2960
1494
1707
2737
611
2160
2673
1250
2791
2533
2989
1403
769
2065
1788
2766
1524
3035
2701
1263
713
2050
1150
2810
2608
2406
431
2647
633
2489
1111
1543
2924
1560
2525
2501
968
1386
2733
841
345
2580
1136
2474
2519
2172
1874
308
2617
1117
2057
34
1951
2309
1847
2578
736
1637
565
2373
1280
84
2979
1278
305
903
2274
313
2047
1716
1624
658
9
2315
533
2598
430
203
1705
2864
1368
2016
182
2625
2086
2418
1807
2166
94
2359
634
1641
540
2349
3034
1203
2301
1485
2964
2164
1292
1878
2981
2292
1102
2041
2905
2099
900
3070
1850
397
1722
2081
1577
169
1279
2645
1018
2137
2961
898
2493
1986
373
1970
567
378
2334
200
1483
2695
686
678
2827
1216
1774
1463
2109
2024
521
109
2331
1689
1251
2346
2828
2856
2249
2202
975
902
1051
126
1923
2434
1977
1412
1173
179
1945
2730
2212
608
1487
2211
2076
2318
65
1897
1997
2242
891
2200
518
1630
2226
828
1687
1340
875
2217
650
2579
1026
1862
2169
2823
2428
311
652
2423
140
1909
772
1992
498
2708
1902
192
272
5
596
2145
767
1139
195
619
82
2472
1900
1446
1063
452
1962
1978
2685
106
2054
1450
1894
340
1430
1892
733
1169
1262
1875
1947
2252
2567
1153
508
1421
1212
1160
2589
931
2241
2511
2228
1232
1675
2754
824
2916
958
2748
2839
1868
2034
777
964
871
2176
2295
440
1310
121
2328
449
2804
2949
1154
2887
2694
1869
1065
1611
945
2684
1954
1274
1661
139
526
1893
1180
382
307
1891
1249
395
1784
2902
1423
1532
99
1221
349
552
1298
953
748
2194
433
1260
1801
2588
2974
1090
2484
1408
70
1140
2646
896
1907
1068
2649
1313
790
467
1534
2570
2208
774
1858
869
2358
2117
1985
1165
343
2676
1936
1163
151
2347
1808
3065
1379
833
1032
468
809
2231
2485
510
115
1826
150
2894
3061
906
1007
296
2368
1477
1681
2576
1993
1761
1186
1397
702
679
2992
2891
1699
2729
210
1380
909
2565
2542
1880
2323
2391
120
600
2879
2383
66
40
148
836
586
1564
2279
80
1323
997
49
562
1175
2783
1718
821
2532
710
1538
1930
1593
1015
1200
2985
322
1271
2224
1765
1714
1843
2550
1276
171
874
1398
1092
2277
1376
61
1901
2371
700
437
1820
1573
1148
243
1972
2031
1633
2995
2516
2061
2143
2836
3062
1234
2722
145
1489
2010
1028
2022
73
2021
644
512
2641
2094
1685
1010
1121
2863
75
792
2046
1639
2620
279
1861
1895
2038
1594
2329
228
176
2280
1171
1733
1545
2026
788
