20
41
27
46
63
59
33
51
22
28
15
52
44
3
24
45
35
18
39
36
49
21
9
56
34
48
107
6
25
0
1
53
40
12
38
102
50
13
86
75
85
121
74
31
7
47
19
111
16
58
42
72
81
55
98
83
64
124
60
122
69
103
62
118
10
95
2
125
116
29
218
32
57
115
114
26
104
100
67
88
84
92
221
199
87
73
106
4
112
220
119
142
30
108
209
240
198
120
202
238
232
97
127
163
201
239
245
110
179
136
113
66
109
5
241
90
255
229
23
181
160
213
130
237
17
79
208
138
224
226
214
217
61
37
94
250
252
174
215
168
254
200
156
77
128
212
186
159
190
80
105
233
223
134
133
99
211
251
65
216
157
71
182
207
146
205
166
172
228
210
11
230
68
129
206
150
89
148
151
96
178
191
184
143
235
236
225
249
248
170
139
14
450
391
493
484
470
425
419
464
394
404
426
475
457
428
509
454
469
407
447
465
385
260
492
332
503
353
474
372
456
328
348
364
466
330
507
365
366
424
462
468
400
482
291
298
326
500
341
357
438
472
315
501
432
442
361
436
496
334
349
277
283
479
508
418
320
304
427
506
395
362
481
444
449
452
387
439
458
323
289
369
422
411
510
476
429
294
483
300
299
266
262
375
358
402
321
379
295
440
461
311
309
263
505
316
473
499
378
264
443
339
397
317
310
337
405
497
488
301
297
412
388
363
355
416
306
327
286
346
494
319
359
336
290
467
307
491
382
276
448
409
270
293
370
335
434
342
485
396
271
288
280
308
511
352
344
376
351
383
486
287
350
284
380
329
368
360
502
340
324
459
408
406
303
392
374
302
312
265
347
285
410
373
471
431
435
441
314
354
504
259
437
460
694
657
683
679
697
676
663
685
649
674
660
653
654
651
671
684
675
661
666
643
691
656
682
695
687
640
677
668
689
701
550
702
641
698
667
690
699
561
534
652
672
644
519
673
514
569
552
540
703
559
527
693
686
556
646
573
563
680
650
692
538
637
555
557
520
553
521
543
525
596
539
645
560
564
513
647
688
544
607
568
567
545
576
562
598
736
512
518
524
648
642
547
762
742
529
625
530
606
581
678
601
535
580
733
628
717
624
584
610
531
542
583
638
618
632
605
716
591
659
756
715
582
718
720
554
623
758
604
548
629
595
709
516
517
627
586
635
763
617
761
714
719
731
592
594
620
585
739
732
578
615
740
633
725
626
587
602
705
619
710
533
588
749
728
630
748
546
549
613
730
708
522
729
611
636
765
743
713
700
532
614
631
706
712
609
622
577
755
681
735
658
734
