1732
1588
1688
840
2944
2467
1454
3066
1546
394
549
371
1237
386
1467
396
2174
1894
494
1456
615
147
206
681
1440
1126
1163
2596
2630
1281
2555
1313
1257
263
1825
1105
2470
1380
2440
1481
2230
2868
964
1557
1502
2606
1863
2136
2171
502
1492
1320
2077
2608
2187
2712
1251
2913
450
1760
731
1854
2176
1824
241
2392
451
2058
2272
540
1002
1962
303
1277
2829
2457
1335
2118
2677
1807
107
2813
2759
1635
1204
463
761
340
33
1550
863
418
318
79
530
511
1262
1090
48
121
759
150
562
366
2361
2141
2290
1232
1305
298
1355
992
2481
1929
2670
25
2315
628
54
1869
2823
481
2180
1485
2354
1833
3056
2770
1036
1729
1754
2695
683
1478
2186
2086
2559
2967
2742
1576
515
2635
601
607
989
1598
629
3019
1851
2857
2068
878
719
2693
820
1270
1435
2098
1436
546
267
2100
2901
2039
2614
1074
1832
2482
2320
2648
2856
2533
216
1677
1999
1675
2565
932
1680
1632
1549
679
1518
3012
1357
1006
2323
3009
923
1850
960
2304
2142
261
2419
1472
2545
2672
2903
1215
3026
537
1924
2743
904
2326
1764
109
2912
2859
2621
1798
1736
1284
2034
1198
436
900
1935
647
1224
2111
1925
1003
2154
2893
830
2986
391
2584
2530
1526
2050
1267
612
1511
1072
1175
1685
715
2117
622
839
2265
2346
1859
1445
2710
2108
1727
967
1469
910
106
2686
260
976
2330
1161
2832
2917
2279
2093
1208
1295
1397
1151
1655
439
2334
2497
262
305
2444
74
2634
1333
1432
2269
2988
1
1845
2526
1098
440
553
250
1068
1129
2560
2189
940
1356
1443
81
2531
2775
924
1934
912
1217
543
921
2869
149
1173
2522
595
1541
1077
452
2558
1718
60
2260
653
101
1110
1820
2696
29
22
665
276
2777
2473
1725
884
2521
2297
1230
1303
1431
1728
2697
870
1259
705
1103
1530
2420
582
1142
1220
2883
2970
1116
689
1331
861
34
2633
981
330
2391
230
2380
763
1294
2328
769
2353
533
1652
1172
324
833
388
2179
655
415
1611
1982
535
2343
1919
2891
45
205
342
2083
2799
2091
2916
96
970
416
773
1776
2708
829
2409
2015
3007
2462
275
1288
2001
2278
2836
2783
2381
1847
2455
1713
2537
2035
1992
437
2562
600
2755
2983
2092
1618
2874
868
1636
1846
1289
849
1587
743
2133
573
1667
2978
2935
2182
381
65
945
1326
1011
1525
2977
2402
2027
156
428
1323
2516
474
1782
406
736
706
2744
521
1078
570
2534
1603
160
2878
1877
862
1255
1426
1348
892
2135
1058
720
1227
464
2
3023
2293
375
1864
2514
1349
1564
449
2551
1580
2605
1686
1025
668
1241
1039
125
445
2841
2987
78
2000
1238
2875
857
590
2097
1620
2102
2055
1218
1461
847
1739
459
1063
965
2948
1812
1132
552
1120
2446
927
2256
663
1402
2527
1909
2998
85
971
1554
2687
1528
1449
2524
1867
1311
572
920
673
10
2267
1952
2942
2718
894
579
2019
1089
1400
2258
2692
1883
1993
1638
2966
1252
544
1108
1986
1341
2808
2622
2155
1780
2468
1020
3011
2023
634
1205
886
2483
2386
82
775
359
788
1197
21
278
633
1414
2945
3031
2413
1009
2658
64
322
2153
2902
2421
1225
1574
1453
951
809
1671
2288
70
2894
122
1510
138
2281
1441
536
611
2847
1096
2296
1049
1980
1734
224
1664
2669
2888
2158
1302
2479
2271
2911
641
134
2472
1563
1411
284
295
2028
2747
1665
379
1691
1953
131
2191
735
807
1613
2991
2676
2214
1733
2143
2656
2197
333
789
952
2318
269
2877
797
1899
1596
325
2751
369
14
2579
941
617
2915
649
2254
1669
385
990
2704
2996
1817
1308
1816
2538
2855
1495
1592
1964
1771
1916
2999
899
2322
252
1176
2861
1384
1848
2525
209
3017
2643
914
2400
1446
2437
36
2401
1499
1767
1398
191
944
1716
2299
441
569
2553
2768
161
2702
183
2863
320
722
1998
1434
1353
1468
613
1653
1811
1837
1947
2387
95
1337
604
2609
2095
2845
801
786
2167
1122
235
6
1595
1471
2338
1395
856
939
2563
118
1884
1666
1955
799
1483
378
1444
2667
701
2934
1889
91
1046
62
726
68
1689
2205
2713
2628
195
2972
413
291
2517
497
635
1350
361
286
3004
1942
1375
685
1448
2219
977
446
2618
1121
44
548
2412
1464
1948
2504
1107
442
422
816
1989
2769
248
1573
1672
1515
1246
1639
1923
1731
873
204
1017
2084
1908
1619
844
1170
1067
289
551
1616
1393
2051
296
2209
1069
2788
2631
1744
2379
1316
1813
2919
2921
751
2561
966
2128
1660
1457
654
2065
1842
2113
2803
210
1682
2340
57
2940
1274
67
2806
2013
2126
586
2276
1410
2509
2107
541
2474
691
1193
867
3014
1322
1841
1342
909
963
1604
1180
2789
2896
247
380
522
1037
739
1139
770
887
2344
1517
995
26
2341
1968
915
728
1292
2284
506
290
525
2886
476
1702
2342
304
351
1266
2949
2854
1371
1186
1416
336
538
875
2012
2069
1809
1932
1234
499
1583
1970
1785
1128
478
974
888
196
2835
1633
2469
3005
753
425
2239
905
1874
1088
1130
828
177
1290
331
1005
2285
1203
475
1745
935
1746
630
907
1066
1904
2985
696
2979
2536
487
2900
823
725
1870
2229
2600
2507
1873
2501
1911
2992
2774
1931
2918
300
1711
2971
104
614
1539
2122
133
1196
1150
2277
1724
1265
2815
1486
2660
2215
2544
1876
2837
2619
1650
384
703
711
2566
244
1156
1354
882
1906
782
2298
1945
1829
2591
1071
671
1582
1957
12
2546
1391
2463
822
2906
2060
130
1972
906
3003
412
243
1059
1915
2203
1836
1951
1023
2954
2997
2729
2924
1614
307
368
2070
2613
1631
1506
2249
373
1826
987
2436
584
2571
2822
268
3020
1759
2737
1625
652
644
1044
2378
1369
1473
2518
1708
2689
1597
1871
2617
740
2220
1387
1818
784
98
677
46
978
3016
1991
3002
1938
277
1843
661
2626
1529
2406
173
554
2075
2756
700
637
407
1221
2261
1532
2607
1164
2319
2932
114
3037
1145
986
2685
991
2134
638
2369
2196
2137
1207
38
1297
1296
1654
2375
1600
752
2680
574
2148
2385
227
1421
1070
2445
2417
2819
2569
954
813
0
404
842
2247
1460
199
2604
2866
2104
2661
485
1399
2164
1698
802
2738
3065
869
86
805
2018
2760
936
1240
2615
2238
1174
1520
2810
189
2168
1315
832
1766
1872
110
2930
346
1419
1966
1762
2828
1406
3001
1615
1715
1893
2443
374
2295
2814
1160
1413
1621
826
2123
896
1784
2202
50
2268
636
2925
352
1561
1143
2762
1558
1433
249
2393
465
627
592
997
2199
1133
2791
376
2240
585
1995
1276
293
383
1123
2185
2798
1593
2627
1714
408
2085
934
2620
1774
56
190
2005
1855
2748
1707
2303
1051
2811
1591
2523
136
3027
41
237
1646
2950
2632
2678
2519
1157
1866
1271
1420
2671
1480
2567
713
1048
2253
2172
1720
184
2767
1794
1500
871
2480
1235
1283
2782
2572
2487
1697
1748
1423
19
714
598
1802
1223
532
1026
172
448
2807
1479
650
480
1450
2224
2431
1127
1623
942
2701
516
180
2114
1418
486
1018
2477
2698
2597
2009
2842
1959
462
285
765
1153
599
2529
1538
702
603
35
2302
3
3061
215
1081
1300
1956
1488
2159
961
1033
2449
1383
2881
781
1339
124
2679
174
83
2163
2020
1801
223
1462
2730
326
302
27
1389
1119
2848
1770
1092
42
2430
845
2839
1437
354
748
1786
2637
1360
555
2052
185
461
1990
2864
2403
2313
1245
639
767
1601
273
2818
2030
949
1147
1038
917
3034
370
409
793
1035
1131
1428
1983
1900
176
2144
1159
3038
2231
490
443
2654
2201
2464
362
455
1061
402
1117
2557
2301
2590
2694
1629
1706
360
2865
1392
1372
113
2217
998
1264
433
280
1287
1609
182
2394
774
2347
2532
1789
1291
837
1821
1407
1466
2165
3041
1285
1052
2283
933
1233
1891
55
1606
1484
1053
858
642
20
1791
559
1190
1367
417
2312
1885
1712
3055
142
1773
2360
2871
498
3052
1458
2022
959
2218
2494
1882
1643
675
1362
676
405
646
1229
310
49
2225
2699
1504
529
2664
1756
61
1194
621
1657
2007
1658
93
1115
1967
1599
1343
950
148
2820
1634
3028
2367
645
2816
272
2418
1795
1542
2506
1253
836
117
838
2905
1987
1571
2651
2830
1455
365
97
1124
2251
256
937
400
2581
1386
2233
1021
1099
707
2184
1905
1950
168
901
2939
2721
2647
1248
3053
484
123
1779
255
1783
1559
848
772
356
2931
1551
2603
2749
1260
623
1134
1209
2250
1438
2140
577
2834
1118
1138
1971
153
1572
1007
872
2629
2466
2727
2132
469
2025
377
993
504
931
2089
814
1382
2994
1799
421
1512
1642
2121
344
618
690
3029
1278
43
1041
279
2368
2008
1463
2858
219
2146
397
467
2804
597
1710
2726
77
345
798
319
2423
1318
2124
477
2138
253
2550
1839
5
1106
1668
1605
1243
2610
2331
1275
143
453
1772
1737
1887
2582
1442
1750
2750
2870
1922
164
680
2796
139
9
429
314
1823
115
1857
1409
523
72
2764
2840
2535
2961
1347
514
1830
2650
116
2800
3069
854
2740
132
792
1679
1670
2090
1927
2366
186
2270
2149
507
902
1321
1645
1258
962
1377
2235
2082
2169
1741
357
2960
2204
587
2570
1997
1585
2785
105
2131
2784
672
1944
1890
1822
812
1555
1797
975
1374
2280
2325
841
2547
1696
1740
2356
2773
37
466
819
2778
518
2771
2879
2601
1974
1937
777
2968
353
2724
2227
1231
2503
596
2026
2207
327
313
1272
3060
589
1165
724
539
565
2195
880
2709
1043
2064
1327
438
495
1590
1581
2734
2675
3068
259
624
1976
2787
1683
2707
2349
2946
2372
1994
1451
2397
1032
697
1963
943
1808
1717
566
616
2382
213
312
1477
1840
1029
2594
755
1607
1028
1624
40
1487
2745
1896
1602
2795
2351
1886
2642
1167
2520
2781
2593
1057
640
2843
411
1206
693
111
1586
2241
1016
2458
2717
1831
2072
519
560
2512
468
2447
2190
2289
246
1490
2363
1534
239
512
509
382
1627
348
2898
545
317
2048
2339
316
1012
488
3064
201
1805
2125
757
2984
1853
1079
66
501
609
2885
2003
1095
2105
1637
712
1681
2071
2088
264
3070
274
2589
1735
470
2222
1920
835
1977
1969
2275
2761
1024
2725
1695
100
1476
242
1513
1373
2257
2371
423
2221
2287
129
141
2876
2151
1537
1365
1100
1544
2310
1827
2611
1644
1700
3050
1054
919
89
2234
1673
281
2044
1345
2432
2194
1648
2333
1366
1195
1268
2208
2011
2364
157
2882
908
165
1912
2733
493
2492
254
1334
1758
2723
1014
2017
155
1171
2232
2076
657
1211
2170
2528
2166
1778
583
2502
2975
2434
517
28
2357
2242
84
787
2962
1465
226
1489
2314
3000
2510
419
1301
913
2036
2173
754
3040
299
308
948
1140
2103
2216
928
1930
2389
742
2585
890
4
214
876
11
137
24
760
1749
496
2969
982
1256
695
2099
323
2624
2129
3044
329
2031
744
1045
2383
2884
1336
192
1787
1617
103
1381
2188
1800
2644
2776
2359
492
1965
2033
1895
1310
2993
430
594
3042
567
23
1403
187
2690
1385
2110
2540
240
1144
2794
602
1189
2812
2973
2029
1430
2923
741
1917
1497
311
3063
1828
2327
1013
1865
1575
2291
1507
454
568
1659
1649
1902
1226
958
619
2682
2407
163
426
1304
2577
2223
1412
2929
1141
398
1647
1185
1216
1148
2639
2645
1388
2754
2513
1332
2228
1788
2827
1109
1879
1158
2982
1570
2714
764
483
2045
1093
283
2145
2390
897
2493
2460
2752
108
1761
1730
1656
2728
2192
424
1662
2720
1803
1279
1075
651
1330
1261
2792
2286
903
716
817
389
2766
733
1852
233
1790
2846
3043
2456
1567
1162
766
2454
1213
1146
1358
2049
821
339
2616
435
1545
1470
1763
2038
911
2388
102
2157
309
2427
955
2897
59
513
146
207
885
723
2957
3067
2478
2735
1047
2264
2425
178
1112
1250
2956
3047
1694
1102
2508
251
527
1269
2623
1960
1622
2989
3058
2850
2119
3049
1584
420
166
1693
658
1901
2580
2904
2396
2867
2668
2398
2061
127
684
2753
825
666
588
1918
3033
3030
447
866
217
2120
2853
306
2595
1094
2226
853
2849
16
1242
831
2715
576
895
988
1560
1181
1101
1881
1299
1317
1084
2990
593
1280
1494
2324
3032
1819
145
1493
1168
578
1796
171
1042
670
1709
1027
1178
1137
1060
432
1981
2101
2899
236
1396
2895
1199
1556
2416
88
659
2244
3054
1183
2300
1097
2824
729
505
1314
2471
3018
472
222
2002
1188
756
758
1755
1417
2193
2311
1293
834
1723
1880
2938
1328
1608
2860
746
2705
2063
2262
2237
605
2358
2928
315
471
1424
1351
930
2150
1858
2259
704
818
1752
811
3006
643
2405
2365
1324
