1515
1035
2374
8
1327
903
1854
2826
3030
2967
1698
1995
2611
1976
2788
2858
781
2604
798
2697
3028
2815
1691
2479
1370
2429
2797
1804
2248
2876
2465
2151
2966
1946
3067
1214
292
1964
1832
2155
131
2257
2031
844
815
3069
2528
1627
78
538
1389
2085
1002
858
2690
968
703
49
900
2048
2922
1559
1079
2372
1821
1242
1606
190
266
2608
301
574
1796
2825
2946
2225
52
2086
1809
387
303
3050
1379
1714
2462
430
2573
2417
1647
2492
2080
1068
826
2425
667
3017
2463
2554
79
2356
429
2983
2375
88
1155
1385
1926
517
1598
9
1301
2377
157
2384
2457
1009
862
1518
2039
785
2745
3018
455
1741
2687
349
2691
2263
2954
240
811
3034
1820
685
2578
1131
584
549
1852
2996
587
1777
1651
2402
1898
1057
1495
1369
1792
42
2650
2704
488
2719
2381
2505
639
1816
960
1368
2696
2936
2157
1084
1899
913
758
2517
2043
1581
1010
880
2530
1244
1855
446
385
1444
3036
2223
2621
1406
2641
1679
2581
2443
472
1298
2682
2129
915
1631
530
1262
643
2007
987
1547
1604
2618
955
2544
2533
2468
3068
160
925
1077
1273
1732
1088
386
98
1129
2034
544
3051
19
1856
1192
1189
2625
2969
2161
543
1457
1752
912
559
848
2072
498
1938
1497
547
2863
615
3032
1209
482
1305
1473
1757
1376
2212
1787
2861
1745
2628
2102
763
1967
2441
732
2014
873
867
2052
1183
480
1087
2456
2483
150
712
1584
2960
3015
2759
2563
1774
1850
671
2293
2774
414
1011
419
2435
1036
2445
1828
745
808
2176
3062
2286
1705
471
1246
641
911
1433
2431
1162
1923
97
2905
1533
1596
2660
1224
825
2361
636
1546
1725
1394
2392
1154
1817
272
2171
1007
874
2110
709
20
218
1979
2720
466
1728
1802
2419
1118
2211
687
668
95
2686
1364
1065
879
676
2669
1989
2606
2899
706
914
1067
363
2520
2511
839
179
1307
2810
1332
459
1008
2844
1023
619
2346
2098
898
1937
172
13
273
312
980
2509
1878
529
1286
2106
2579
833
2282
1536
2365
1263
1959
230
1671
2020
176
1509
1663
1931
760
470
1893
548
456
1031
1829
795
1253
1618
748
566
1163
1668
2929
1133
3011
2736
2518
2206
1819
1213
1019
2082
112
356
2319
451
1889
123
923
2596
598
1492
2250
2407
1789
1650
2092
992
360
86
1463
2117
359
2382
1760
934
1673
1810
1996
984
1762
2857
2459
1428
2562
1427
1922
533
2464
2251
933
1661
2398
1541
244
762
1751
1729
1912
2961
1436
1628
588
1001
1086
1409
936
2234
922
1041
1525
2987
1359
1395
2645
1271
740
1366
2516
2422
647
1372
2801
1502
351
206
72
958
1351
2644
152
2744
743
135
1744
1050
2180
1479
2404
2508
1521
268
1814
2322
1402
1980
1411
2156
521
124
718
1199
1868
1476
2881
59
457
2808
1487
2010
607
947
2207
1613
2005
1917
2385
1365
2903
3000
2601
229
2760
184
2612
1256
2571
1764
1178
855
151
813
2770
2750
2500
2040
1441
1984
2165
2504
2353
2828
1665
926
3066
3039
205
2271
1543
2421
1134
2083
1839
3045
114
2948
847
1013
2700
2366
1555
524
2640
1739
707
1024
1141
1093
975
2998
764
2901
2071
2277
2238
204
909
2629
2537
1823
1574
2497
1295
944
1119
2758
1882
1498
964
711
582
1028
366
846
700
660
2725
886
1553
661
2703
986
2917
2549
1377
618
979
1788
2488
829
1194
1472
1055
2388
609
2274
2373
1775
304
1149
432
2723
2600
1708
1644
1721
1480
337
2782
560
325
283
1683
596
2938
3012
2668
128
814
1452
2143
1265
1430
1560
1388
2247
16
1884
1666
2870
950
744
3023
2415
2378
441
2202
439
824
1350
1211
561
1439
2273
1874
2166
2632
2833
506
2787
2692
731
1953
491
2281
2794
1948
110
394
1090
2716
2461
1398
590
1311
2070
1304
1288
2409
262
1225
1569
1299
2336
2049
810
2548
2906
2742
2693
1532
1831
1423
1324
2989
2656
1779
693
817
2665
316
2756
1562
3019
2992
90
2872
222
1308
537
2310
2595
1167
853
994
2818
2376
374
1998
1864
1704
1537
2986
1362
1935
21
2019
153
120
2542
1703
2792
1517
569
1837
577
294
2707
1268
103
231
1939
698
67
1970
1915
536
1355
408
801
1144
2064
232
2448
1795
3040
1844
2222
144
2466
757
809
333
1269
2521
2775
210
1135
819
1610
1033
1603
669
2252
1060
2355
2474
1756
1519
600
802
1300
1848
2367
2063
1186
860
1929
77
1046
981
2021
1978
393
1454
1240
2830
2241
1094
1222
358
591
2133
1027
416
1401
1170
2132
2290
2266
1758
3061
887
475
2193
2199
28
2701
1367
580
1165
2494
2194
1466
2364
407
2550
391
2979
502
479
2496
2142
919
2670
256
1283
2037
1254
306
2146
1636
2503
843
1585
816
1336
3024
2747
1808
411
677
1958
0
783
2919
2535
1177
2188
1918
318
2702
1160
1681
1354
2850
258
118
1176
186
3027
2158
2974
976
1561
2893
2886
1592
675
978
2056
3057
1030
338
612
929
192
2597
361
2024
248
3033
2706
3049
166
134
11
1689
2985
2230
454
1669
2882
3
2357
3021
605
520
106
857
2765
197
2699
1709
1670
2768
1139
2200
57
76
2451
497
2902
713
563
1743
2547
635
2178
12
2683
1974
1410
573
1512
2661
774
1818
1241
37
196
973
1381
1353
2592
2574
2900
2103
1908
1159
403
180
426
1356
2003
1096
771
168
842
2588
1706
528
2097
938
36
169
1140
1877
270
1320
2387
452
2631
1132
2978
1897
47
3002
271
399
1933
1586
305
2708
681
2104
746
203
850
2875
6
1164
1870
2191
1768
1417
2297
1798
1688
188
1446
2566
1405
2311
1921
2883
2926
571
1317
2420
164
702
3026
2680
2179
1331
1347
616
348
633
864
985
1920
2580
1511
881
1418
1847
27
1501
54
1750
1578
2487
941
198
2232
352
99
1530
1229
2278
708
2075
1654
567
194
420
2078
2189
2255
211
1361
2688
1107
2295
1599
2344
2559
597
2921
729
1508
2001
2033
1313
1883
2995
2766
2329
1422
2068
894
2484
2791
276
1012
2795
1748
2439
1716
1449
127
223
1042
2947
460
1711
1037
1969
2170
575
243
1471
807
939
2928
1873
189
1994
447
1684
2545
1098
2570
715
759
927
1040
89
2109
1274
878
1513
652
440
2131
2455
1481
1594
2012
1572
568
3047
2164
585
212
2890
2342
2303
1017
238
1962
2576
1478
2187
2915
216
74
1122
329
961
2737
2076
1125
967
523
2712
483
1680
1257
2416
892
1290
2153
1416
2139
1477
1857
1456
1
2201
651
2804
1230
2613
1500
2074
1723
137
1158
2261
80
2235
1522
3060
686
2972
1103
1190
1720
2717
1494
634
1083
875
4
2354
1763
1965
1622
2300
2215
2643
2949
2217
1429
431
989
1667
73
722
2124
1913
1652
1952
313
2386
2865
849
871
143
791
343
901
1038
2259
284
2198
2862
2009
1619
87
954
2783
277
2359
2315
1342
2867
1121
478
1180
1835
247
1715
1147
1489
1527
1625
2637
138
1128
1925
1646
1767
2502
2814
2659
2822
383
2993
2599
436
3001
1000
2393
2715
2168
514
784
2590
2781
487
3009
863
2000
1384
603
1583
531
1338
741
1557
2094
1657
274
342
2622
132
1951
438
1020
510
365
1563
971
1791
1662
1740
689
1719
1488
183
1685
463
1152
1826
2546
1520
2709
1109
2383
1047
720
1803
2639
199
173
1645
2182
1990
2695
2226
631
1503
40
2352
177
252
2107
2911
2733
234
1782
1435
2835
1790
861
869
3007
1642
2918
1328
2313
820
2495
2294
2216
2800
841
412
734
1907
1653
5
859
527
908
942
937
1432
2620
1797
384
1570
2959
2434
1309
1280
630
1345
1879
2860
1735
1615
2285
443
2152
1558
786
2836
1407
1888
156
522
1056
2411
655
2340
565
1236
3020
680
2679
638
2657
1323
434
1264
1690
1770
1621
699
572
578
100
2927
2321
2116
1358
2763
2127
2681
2208
614
2073
1458
2320
307
2214
237
1382
921
2880
2649
2112
1506
1910
725
1352
889
146
726
2561
1992
1373
2755
219
2185
2746
2121
1971
1291
1380
2761
806
2738
1113
2358
1420
2089
1960
737
2480
1091
2213
32
555
1901
2864
3013
2785
1284
611
1228
2710
2607
2610
214
2307
1106
2436
3008
2400
2732
2478
435
1597
2069
2784
830
1335
1880
545
2997
646
1184
1843
787
2734
948
2560
2289
1696
409
804
1633
55
3053
321
1911
2567
2976
1589
2741
2332
2249
107
2245
267
2306
239
1275
2229
1054
845
589
370
2203
474
149
1281
1285
94
1483
1634
2988
1747
2575
2490
1591
1333
904
64
2370
736
949
866
136
462
1310
1707
1731
1638
10
2729
2869
854
953
66
897
2776
461
448
1014
1115
464
1089
1906
2676
999
2955
2824
1973
1550
2190
139
3042
2475
1718
1022
468
3031
1822
56
444
2916
2793
2853
2123
1801
2666
1237
1232
417
2081
679
2458
250
2730
1111
382
2291
7
2045
3059
115
1270
111
3071
324
1374
1531
3029
330
275
1493
465
2084
2977
1576
260
1203
1975
2454
1738
2044
1607
1156
1403
15
2964
1243
1548
1712
2055
1674
2609
991
1312
1208
449
208
2908
1412
1025
2842
3055
1130
882
1003
797
2423
2181
367
564
2389
428
69
1048
2236
467
1034
1127
507
1993
2348
1464
1092
1514
2227
1112
2350
154
33
828
2638
2177
1602
1845
1392
378
2242
2971
2552
469
946
2786
2105
311
969
1322
442
2022
2305
883
752
1778
1397
1549
2718
2811
1730
2418
1564
46
2525
2032
2956
1859
1755
3065
58
298
2796
2240
777
1110
427
2652
41
959
2065
2940
1095
558
309
182
1259
29
3054
1248
2395
1210
670
1168
2589
594
723
552
1182
1701
2339
2879
2066
1593
606
1516
1097
1081
1776
2221
1330
226
690
2125
637
988
1193
254
2558
579
1235
1425
2764
2839
2041
1891
2077
782
102
148
2246
280
26
2540
799
2852
835
1146
2671
1556
1062
2328
1608
1860
2748
1717
1535
1188
2447
285
3046
601
2623
397
604
621
2813
3014
2183
1565
1885
1800
2401
2482
719
1238
822
721
610
147
398
1073
2663
308
1876
838
310
1292
1126
264
704
2541
2771
790
2539
556
2287
620
1824
129
2299
1064
288
65
3006
2672
2169
217
1387
181
200
2731
71
983
2485
50
1018
2243
2834
622
289
1727
1069
793
1639
1267
3010
24
1736
2831
792
290
1148
1051
1862
2874
2603
1174
388
1440
1059
2030
2396
1699
1404
2476
2318
993
2017
1858
539
346
1944
44
1781
2950
1251
1490
962
2501
2642
2583
1982
500
2646
1626
2957
1658
2651
453
1746
2029
2
101
940
627
570
1015
1116
396
2424
2636
1258
1340
2877
2854
1834
2654
1999
418
1191
1641
2473
629
928
368
3038
2258
1675
2090
1754
2878
2519
2351
332
2195
1861
1577
1571
233
2280
1846
2812
2047
998
1656
2091
43
1399
2140
1871
2934
2904
2635
2023
2108
2914
1552
2895
339
1590
891
84
1085
551
2114
2722
1349
893
2931
2534
2984
372
1914
550
142
1895
1282
750
2053
2633
34
485
1573
885
225
1771
355
1765
2410
3044
2149
1157
1534
659
117
918
1166
2769
2120
1455
202
493
1101
917
1378
1058
1341
1632
2968
1510
2046
963
1434
666
423
279
1957
2827
2675
562
2767
1649
772
2062
496
2885
673
155
422
2843
2634
259
1201
375
775
133
334
2057
682
377
2167
2624
1682
738
473
525
1287
916
2524
121
486
122
2805
932
2897
2115
1894
2254
1216
2111
1997
1542
642
818
2175
754
776
553
119
3005
3004
2743
657
557
2204
2269
2591
2889
2314
187
1294
2846
2380
1692
2806
2963
2059
1415
1769
1863
625
2837
341
755
2832
165
1869
2913
906
263
75
1250
1947
2721
2279
1838
532
2141
2536
1612
1049
2414
2871
2196
576
2664
1451
2128
1375
323
733
125
163
3070
2568
2369
1303
1737
1071
2809
477
710
1221
1468
2753
30
1605
1890
1811
540
694
716
1151
2004
490
484
2648
2909
1217
3022
1643
2011
1726
876
2267
1360
648
2617
2260
2626
1504
1289
1212
1233
1234
516
492
215
3035
542
1902
1226
1026
1694
2907
2390
1223
899
2912
2587
1664
1867
663
2941
126
905
1833
2798
696
2991
85
2148
1985
1660
22
2780
336
2735
3063
1881
2689
2564
1465
2100
2740
884
1467
2467
2018
2855
2027
2276
1266
1102
2036
1836
2099
1004
1991
837
91
654
421
1672
2430
1905
658
326
299
2446
2275
2296
509
63
617
1219
141
401
2028
766
1231
1981
392
2677
1053
113
2531
2122
2951
749
2898
327
1200
769
2174
2337
2887
2371
1326
1181
2220
2627
1016
331
2256
1904
2678
1475
2585
353
2932
2042
789
2173
249
705
742
1942
1616
1853
852
515
2667
450
2154
1227
780
595
656
812
505
1524
1794
2008
2935
1371
888
1032
379
2728
2452
1204
1710
526
1566
