134
132
148
169
161
175
163
141
131
144
182
137
165
179
167
172
136
133
185
189
160
159
135
154
186
129
158
130
49
147
166
138
45
28
44
39
151
26
27
63
37
12
9
38
18
60
48
20
10
52
152
176
7
43
3
146
33
55
42
29
15
4
187
53
13
23
57
139
8
11
35
149
1
36
34
50
32
5
58
59
56
120
40
85
65
31
2
21
62
6
61
22
71
78
14
47
66
142
127
75
86
171
84
178
51
121
74
83
95
30
106
92
191
77
114
100
80
108
73
41
69
17
164
96
116
183
54
87
99
219
128
24
119
112
16
70
124
101
0
76
88
89
122
118
113
19
102
125
105
111
103
97
117
91
67
68
170
145
107
64
94
252
115
81
255
190
222
232
123
82
239
156
236
110
226
237
173
210
204
181
202
72
208
235
229
93
203
46
155
90
231
195
317
268
262
285
312
281
274
295
291
298
296
352
259
305
290
307
371
314
310
327
304
337
279
380
333
300
292
346
368
350
323
355
334
348
297
372
336
379
344
442
367
410
438
362
376
382
341
326
343
339
360
364
330
260
378
435
377
299
375
408
359
369
503
288
353
475
501
505
309
477
462
472
370
411
340
484
349
491
468
507
418
509
490
469
473
321
459
324
471
357
508
492
456
467
493
454
511
451
494
498
322
426
466
332
461
460
345
502
266
455
479
500
463
356
318
403
476
383
275
504
449
415
270
486
485
335
413
496
489
481
474
347
453
373
313
320
421
483
354
329
452
398
465
381
499
365
395
284
351
488
487
458
396
363
446
457
358
443
361
280
510
478
445
480
325
390
272
342
338
374
271
444
316
308
422
440
328
388
433
430
264
406
315
464
495
417
303
331
450
416
366
283
578
595
608
600
613
603
579
632
585
628
587
593
591
596
583
627
610
620
630
594
614
602
622
618
584
592
639
581
635
631
637
597
636
599
605
629
616
615
626
638
611
609
598
601
623
586
612
576
590
580
588
634
577
582
617
621
589
761
718
734
707
743
731
724
748
747
736
619
722
751
726
705
708
733
624
752
763
732
713
711
717
704
749
764
720
725
714
742
710
719
723
753
750
755
735
715
741
604
709
721
740
767
737
745
727
729
757
765
758
760
754
744
738
730
759
712
706
756
766
607
739
762
716
668
728
645
678
656
675
700
651
642
661
664
696
672
650
703
681
641
688
689
687
662
702
695
692
644
686
655
648
677
646
694
649
659
701
570
532
545
537
666
549
553
682
565
665
575
568
670
569
514
558
542
530
520
556
539
517
647
547
546
564
519
574
557
541
690
573
544
524
572
