567
660
702
727
46
551
595
609
532
368
200
527
534
676
571
157
495
668
700
579
243
2
740
96
562
506
67
512
448
452
670
474
483
329
413
74
618
407
711
465
319
277
282
36
765
278
470
467
360
620
340
318
385
38
150
389
477
655
457
280
254
151
408
755
384
253
511
686
357
119
26
3
75
339
758
535
221
463
518
720
269
203
193
633
610
601
70
326
242
61
725
392
155
199
724
41
94
23
353
583
760
42
120
241
684
685
246
623
232
697
411
305
388
260
217
137
647
559
417
309
76
530
307
175
410
300
183
490
639
356
164
445
202
317
731
79
638
196
88
439
575
640
549
113
93
53
72
20
45
703
295
214
709
698
437
39
174
613
663
677
58
500
325
101
548
617
637
77
745
238
656
626
189
247
454
418
521
358
138
365
391
228
540
729
351
296
310
499
265
658
420
558
127
9
122
713
653
491
331
591
533
627
130
57
509
64
240
667
624
680
252
10
717
376
641
341
212
458
327
344
649
673
156
494
556
537
416
539
764
134
40
456
103
95
516
432
423
44
213
661
301
436
738
25
354
466
707
678
261
406
0
461
49
550
239
675
444
400
557
4
735
632
514
554
352
220
492
109
148
544
453
141
342
751
348
116
139
258
546
112
708
399
24
382
422
441
111
580
224
488
91
701
110
446
718
12
188
510
386
695
650
426
503
205
744
520
569
276
692
447
644
584
484
634
498
7
645
625
652
566
606
648
27
283
375
753
85
15
628
513
404
734
387
308
651
28
687
570
669
21
370
218
68
604
55
142
425
478
419
292
191
489
390
501
362
730
115
523
187
586
706
78
337
560
84
87
43
267
600
504
588
215
100
133
611
59
343
427
531
346
451
522
524
255
161
227
223
568
415
366
328
582
442
311
136
424
13
508
286
86
234
429
377
529
216
565
182
739
184
398
290
288
710
616
612
172
168
181
291
581
222
696
664
460
18
6
605
683
763
674
693
440
37
31
207
723
412
726
659
395
71
315
114
754
322
433
350
538
636
543
414
313
266
728
374
468
464
194
167
17
743
124
48
397
665
248
125
481
502
722
589
480
158
482
316
197
654
691
230
572
555
170
143
553
737
719
396
561
750
259
33
272
564
443
383
507
204
320
642
56
190
682
479
118
476
106
545
244
578
330
89
140
334
251
403
603
712
293
497
602
129
135
475
732
705
742
314
281
323
643
596
208
107
178
364
373
285
690
66
176
271
104
694
211
704
757
486
306
607
574
528
335
81
378
275
449
594
30
105
380
1
179
593
302
614
231
173
438
287
525
577
69
225
186
169
746
