235
238
106
194
201
246
96
230
247
233
158
77
100
228
69
39
236
231
116
132
251
166
123
207
192
115
113
163
215
197
108
162
244
183
79
204
141
225
118
27
254
248
63
119
208
180
97
91
153
213
203
219
37
122
143
241
32
55
214
101
206
38
229
175
90
15
47
124
48
110
255
117
74
220
190
157
209
109
59
125
12
105
89
178
85
159
21
216
140
161
93
184
51
155
75
146
212
3
0
249
128
53
223
129
80
237
25
152
149
1
134
136
198
186
176
41
195
170
165
66
191
43
210
167
173
67
226
84
2
52
44
211
49
20
145
111
147
137
160
243
71
35
81
138
171
130
150
8
188
112
205
169
13
240
26
23
187
4
144
179
172
24
218
245
200
64
56
16
50
242
14
164
185
40
135
9
217
182
61
127
86
10
177
107
224
42
156
222
76
174
73
7
442
392
468
423
427
394
438
426
436
399
412
402
460
480
477
408
431
441
494
440
484
398
419
401
384
446
418
388
390
429
404
469
415
485
411
511
507
478
422
400
417
406
454
495
462
456
391
407
488
475
425
360
434
421
272
452
357
479
368
482
345
405
443
437
396
410
445
346
334
387
397
338
439
486
428
509
496
493
367
474
466
510
349
403
505
461
321
332
498
362
455
351
393
416
501
463
352
430
295
276
302
312
409
378
472
450
307
457
322
326
324
311
487
414
297
285
342
288
459
385
328
380
361
303
503
467
305
465
341
274
447
289
316
261
370
432
372
464
318
267
279
313
344
265
262
282
315
490
458
329
306
435
363
336
330
483
333
327
395
502
448
293
343
491
373
365
348
383
314
356
508
355
451
506
317
323
331
310
280
476
298
264
376
420
366
369
284
377
290
300
301
273
619
630
576
623
594
584
597
625
621
613
590
629
582
583
607
649
600
639
608
592
725
618
722
645
591
696
610
622
651
634
606
612
743
579
681
617
736
578
598
642
756
604
602
588
593
609
758
717
633
654
611
694
631
704
638
632
615
627
699
757
685
595
641
709
690
664
720
708
705
763
714
580
643
707
750
728
628
677
652
730
729
614
746
616
686
726
688
724
737
716
715
740
646
739
727
751
663
599
689
691
587
719
711
673
734
666
577
744
700
635
745
650
755
710
713
674
581
732
703
682
573
742
718
760
697
753
680
636
670
640
601
766
656
693
647
655
759
754
723
762
706
519
653
620
669
659
702
721
662
684
557
514
683
566
701
752
560
648
585
589
520
687
538
529
531
556
586
731
542
521
767
543
561
522
530
667
567
526
657
562
678
747
738
574
712
572
551
637
692
527
559
516
