343
2095
1913
209
932
2400
1234
1459
2846
948
2062
1208
971
2701
729
1603
1723
2986
1880
2005
1585
2616
228
505
975
1462
1835
912
1412
2678
1484
1605
734
2444
2672
2319
388
1025
1264
229
2737
2387
2732
443
3043
1526
2806
503
1392
1094
1202
220
662
2103
2371
1610
2887
1402
451
2686
962
1641
2336
972
2569
1688
908
3054
1420
918
59
2575
2804
3065
2322
2675
1262
2378
1563
2106
1853
2898
447
1383
1905
1186
1143
761
3016
1049
2981
1087
2204
682
2824
1358
579
895
2860
1923
1701
1349
2343
2067
2213
302
1488
2870
2717
1812
66
143
2294
767
853
226
1961
85
2254
92
2551
70
1915
1889
1407
3068
2072
827
627
2739
1469
694
768
1745
1716
1562
2291
2063
245
1724
3020
2500
1847
2880
1038
2022
1176
393
1478
2871
1844
2017
604
516
763
825
2282
1774
1118
482
55
1674
2091
1361
110
982
2031
819
2643
1498
171
548
1646
2153
23
1185
957
1867
3024
205
700
2927
2100
377
2466
199
292
130
235
793
2667
284
1855
2982
2385
221
2754
1527
2543
1213
2053
418
508
1614
528
1866
1970
2665
2975
2039
2558
2216
1559
2537
113
786
2154
2556
479
2706
2707
1901
1138
1155
2553
2708
2525
2579
1436
2230
1695
2007
2924
427
1997
1715
428
1988
106
525
2184
1434
2249
2587
710
2224
2178
1675
2117
293
1114
686
2515
2229
2858
2962
1803
208
268
1110
2198
2828
1895
2407
363
801
2948
2618
2255
2690
854
2118
2460
2223
2136
176
280
356
210
1005
233
128
1092
2338
124
2389
2420
43
2601
956
2845
824
1507
2414
2194
163
607
1699
1314
1753
2693
640
980
2059
3044
1993
2074
550
19
2920
1182
2266
1942
2636
851
1023
3061
1422
2138
1083
907
2623
668
805
2381
1601
1440
191
468
62
386
2805
172
1415
1489
1158
1565
1325
860
632
2020
499
2467
651
910
2260
2765
1764
743
339
1894
2953
1659
2834
30
1597
1713
911
1475
2923
2458
2775
2861
374
2608
1037
2075
923
1410
1341
845
80
1288
2226
1066
1871
2167
2097
2984
1841
2399
157
1678
1852
1546
2891
2219
2035
1575
1873
606
554
2278
1221
1342
3060
1820
984
2225
1906
215
1856
713
728
731
2310
1533
2977
880
1509
2844
1921
1849
2985
2281
2161
247
1540
2351
1296
1600
1233
2777
807
1522
1413
404
2344
1805
2630
2496
2211
866
852
596
590
2361
1744
288
2220
1198
1013
2041
783
1938
1466
1271
1134
2821
1627
68
1281
1480
1777
610
1370
655
1541
1249
147
1337
264
2333
2857
1796
158
3063
2061
587
591
1465
1344
776
986
605
2405
1142
1060
2236
1704
753
1184
1164
670
271
1450
2662
1318
2907
2271
389
1125
2430
944
585
2851
1785
1411
2614
3053
1343
2395
61
1096
1544
1740
859
1047
2334
1157
401
1667
2347
3026
1112
311
1008
2463
1243
1126
968
780
2314
1943
1952
2205
994
1232
1122
2025
2057
79
2300
1210
2714
955
1369
2299
2853
684
2592
1896
766
1418
983
41
2111
2276
1073
183
2270
2433
1907
1161
2781
1259
1953
211
2380
2256
1586
1690
1746
272
577
305
2577
1219
3059
1944
1278
3030
390
1948
340
951
1056
2719
488
1947
2034
1758
2253
2085
2564
9
1956
2578
716
1269
1360
1295
1934
448
1310
884
1709
1966
2150
119
1352
2653
2812
690
1275
835
2771
1909
446
1560
1163
2593
1468
107
1763
1180
1736
2289
180
891
692
1132
1245
2531
2292
249
334
295
2474
2306
885
892
1486
897
1838
882
2883
64
2033
2646
821
1989
2473
6
2640
2528
16
222
359
1385
328
78
671
1101
628
939
1445
31
2523
1384
896
2772
2502
265
2317
1128
111
2391
1983
392
2633
3051
751
22
1977
2696
54
2694
2028
2976
1872
1940
3019
1549
2666
818
705
1050
86
2358
1705
2798
457
1353
500
1261
928
2296
683
1367
2066
2019
1156
1109
1628
582
116
2238
838
1171
2339
1304
630
1041
1429
2137
2715
570
193
1929
2762
2554
2663
1842
822
2099
2863
1020
2190
2257
204
474
2482
2368
1024
1068
1141
526
253
504
2602
620
580
2027
318
678
1599
942
475
2622
1209
319
1406
1046
413
445
1055
1682
1144
1487
1015
435
1708
639
98
1197
332
1312
1225
423
1711
1257
1421
327
2548
2572
687
820
540
1423
420
1408
1819
1987
1328
1995
2107
732
815
1826
966
198
71
1258
826
1153
1148
200
2914
1395
90
1959
829
715
150
1891
2394
602
2813
691
2836
498
1633
747
347
2817
2683
1698
2897
3069
438
2952
2342
1409
2325
2442
1376
1235
2559
1542
1322
2822
1419
333
794
1971
2115
1029
380
63
635
1189
1594
1460
1960
1900
898
2532
2055
49
1287
2928
342
1696
2573
1588
737
1438
1874
3004
658
1289
637
2263
1914
3038
405
964
663
2933
202
1902
357
1016
1240
2990
383
162
1078
1455
484
557
1403
2755
331
1742
308
1217
298
1160
1799
904
397
2644
223
250
1692
2495
953
2835
1017
1416
1904
1030
588
1405
1553
717
1926
2674
2449
1760
2848
2303
2875
3012
2402
1222
3021
2691
1525
2641
778
1027
3007
2208
537
2200
2994
1515
2251
1336
2534
946
1868
338
2642
1075
477
1727
614
2487
2818
2355
1097
1435
1451
3008
89
1116
20
1517
848
1106
361
238
1159
2212
2550
1228
545
3067
2888
2250
1371
2512
1583
277
94
1858
925
1881
207
2003
575
294
2705
841
1019
1331
1557
914
456
2116
2947
385
196
255
2110
2080
654
1564
381
1672
726
2384
601
2202
2581
2450
998
2823
1649
432
2457
1351
1829
3002
905
2965
625
2370
1830
1980
1400
1398
949
187
234
1424
429
436
2660
742
1762
2455
1220
1014
463
2122
1224
1547
1437
2983
2401
558
122
2571
552
1584
2158
2788
862
2157
733
1032
1885
194
384
797
1836
1975
769
1681
2909
2087
2000
1447
2603
174
622
3005
2397
2650
1519
1380
350
934
1623
623
2264
2046
1031
1145
641
2787
1700
1121
555
236
840
1593
1381
2210
177
527
1922
664
727
2018
1493
740
2890
2742
2849
2750
2489
441
1179
483
1085
169
1532
2574
2148
2541
258
1965
1936
1113
56
782
2076
1181
102
1272
2126
2047
784
752
1569
2703
1670
2906
1254
1505
135
987
1204
1426
2259
489
2052
595
2520
1840
1394
703
1930
624
310
1330
777
1326
672
2957
1857
2733
1172
2741
997
2971
533
903
114
2244
179
1414
3025
1044
2077
2234
2961
947
1801
148
2330
2944
1653
2350
2123
1267
2280
440
521
2488
2513
2508
2926
1137
2590
1203
2684
1139
2956
276
1255
1537
1076
999
2242
1127
1788
1955
1808
2071
153
1333
2422
922
2615
1652
251
2307
25
1933
2713
2916
889
2767
2108
1576
2604
589
424
2008
621
2595
1495
11
301
615
2490
3050
156
1572
2597
1386
1461
3071
1642
2357
1379
2586
1694
748
2001
1464
131
2815
480
2155
2522
2050
1293
1920
933
217
1028
858
289
1639
2436
2611
231
2679
1809
2649
798
486
560
1568
1518
2921
707
1622
1749
760
2562
1503
2655
322
42
1798
1282
2454
959
514
2187
988
544
2392
2712
2362
2404
1034
2758
2807
2191
581
1523
470
2346
1976
1860
2700
2217
270
34
1719
2456
1098
382
1691
511
981
1612
617
151
2268
1890
1086
1108
1957
1710
2152
2471
1521
453
17
2868
2743
937
408
2222
1536
76
2094
542
723
1167
1260
144
159
2524
37
927
2576
1081
2922
592
722
2437
1616
1630
2185
2030
134
2654
394
139
2689
1119
539
1752
2166
1862
1832
598
2810
282
3057
1
1033
1207
2596
2918
1199
2638
633
2218
1793
1074
688
745
567
2637
759
1573
91
704
913
352
1324
1626
1903
1002
2252
1104
1147
1869
1214
935
167
330
2535
3006
1120
1817
2151
2321
2538
1550
1425
192
137
1981
2169
2311
242
2992
738
1561
669
1441
1787
1825
1754
771
2192
3041
75
2791
2542
1256
2082
696
1771
2189
2127
719
2505
353
3018
2731
3049
1285
2101
2850
2425
950
2232
219
1043
1619
2316
2491
2051
491
2170
2081
2301
2964
806
1911
626
902
2135
267
1567
1668
2089
2688
1338
2533
257
127
1071
2773
1362
492
1620
2557
2904
1111
2797
189
324
376
58
901
656
224
1582
2589
2058
1133
195
1268
2723
764
2011
2196
2009
1313
337
2497
360
2233
551
269
603
2465
407
3052
1364
519
1878
847
2341
166
121
1684
1839
1064
1443
400
2423
2125
724
1291
149
1969
3058
2492
170
977
2905
2329
709
1737
1506
2331
2469
461
2760
941
1647
1791
2096
2794
1472
1504
1300
876
1734
938
513
584
2518
2716
547
1685
190
1722
1714
2383
1985
1239
2327
1089
1482
2332
1218
1892
758
3042
2621
3001
317
1765
2274
2826
285
2406
1972
3003
1045
2974
1491
832
2064
2379
2215
344
2639
2563
1725
512
2359
1339
789
1146
2552
809
810
1654
2373
1042
1590
2326
419
32
300
1297
611
1090
531
290
1843
2969
1897
57
1864
2664
2930
2889
1274
816
2241
2761
675
1079
1876
1703
320
785
2470
1065
47
2831
476
2134
2494
2879
336
3032
523
2959
1334
1452
1012
472
13
1236
2991
1621
1448
712
1286
1755
2744
2086
800
1548
1776
619
260
1865
1846
578
1759
1602
2418
2090
368
2396
2149
586
2764
834
206
2037
2658
2627
2949
462
1618
2428
2453
2374
2799
2661
2811
2426
1769
266
2625
2088
680
2966
1129
2376
2963
2892
701
770
129
2056
3029
1456
1578
2038
2609
2774
2659
21
2411
2873
974
1223
2652
291
765
522
2709
1211
108
2607
1321
689
248
2434
965
2206
1479
409
1984
197
27
1329
1174
2068
2915
1680
494
1059
168
1347
2527
2710
1473
1150
115
3055
165
1925
1035
1650
3036
936
2780
878
646
837
426
1591
1992
1238
1393
2438
2745
399
60
216
2284
1474
1512
2448
431
1657
225
2769
993
1587
354
2440
699
1579
1589
2146
1227
2673
7
3037
1345
2869
2651
979
1884
2203
2993
1735
1003
787
1216
945
749
814
2908
18
181
286
1152
1067
422
1251
103
1665
345
1535
2935
2722
831
1815
1363
1617
497
2973
1284
2600
667
2377
779
2308
2729
2988
978
2763
1241
1052
2800
2318
1311
241
3
1706
872
2829
1303
240
1886
1183
2882
425
2243
1821
2403
2475
2183
2337
2917
1748
811
970
1520
1508
702
2996
87
1292
874
1053
2979
1946
1062
2073
2193
2478
1609
303
1640
2941
681
1810
534
1673
2680
920
2825
2084
1686
2583
417
2304
1307
2360
1539
1613
530
281
799
227
2335
455
1279
243
2246
2946
256
362
2736
182
924
2016
1750
2506
571
2272
2759
1877
1463
481
1731
2685
1813
2866
2510
1501
1004
2940
1919
2195
1366
616
2746
1580
2323
67
536
1834
879
2606
1070
2105
1496
1577
1912
677
2809
1428
2015
1910
1950
1389
535
2776
259
2427
871
262
45
2382
2012
2102
1806
1250
2174
2735
855
450
3031
2452
991
466
1346
2481
2369
3022
410
2305
2895
323
321
437
1212
1316
214
449
442
2214
755
1651
246
2364
790
538
1529
2228
676
952
543
252
883
2748
665
273
2464
132
864
1276
563
1991
1206
642
1514
73
2129
1784
886
3034
2561
1187
1077
2283
118
218
1458
2613
2677
2852
175
3040
2698
1201
2842
1726
1084
1671
1637
142
501
2526
574
2549
1974
471
919
1538
772
1115
1766
2078
178
2240
1795
3033
146
2656
2484
804
649
2671
2476
2262
1010
2121
3027
1192
1823
421
754
358
2628
609
2838
1290
850
1248
2747
2083
2749
1280
969
1879
1782
403
2793
2539
117
2855
496
2131
1088
2582
278
520
1244
2451
2859
2275
721
415
160
312
3028
452
99
757
2239
1945
2999
741
517
39
2145
186
561
2757
411
1305
1388
569
930
1899
2938
735
2730
1123
2197
2913
1928
2841
1298
12
529
1107
739
1543
1193
2356
1166
856
1397
921
138
1979
2142
239
391
2503
1483
1664
1666
638
2778
2352
3023
1497
1859
1446
1130
2413
1072
1721
53
1231
1162
2893
2295
2445
553
1131
1851
2555
565
2045
2410
203
2188
2388
2839
2896
2390
1510
960
14
1963
2386
989
2029
2588
1467
2932
371
842
2516
1427
2429
1442
2175
1592
1195
2171
2443
1828
15
2156
1000
2415
600
2960
1471
1323
1556
2013
1439
2970
95
454
1431
2002
261
2878
1645
1100
396
1917
1490
693
2409
836
1790
1265
40
1662
792
3039
2486
1772
275
141
1800
1151
618
2819
1229
2069
2697
1135
906
813
2937
650
2113
706
464
1756
812
1624
2877
1780
1990
1767
1294
861
2702
1449
1273
465
1040
532
2968
1636
2545
1962
1266
65
2372
2144
1340
893
985
2695
2511
2978
2785
1054
120
77
1931
473
1861
3064
1124
1918
594
2298
629
973
967
1173
1332
1831
2320
201
954
2398
698
1283
795
1608
1611
1263
