154
143
130
139
180
178
168
150
108
146
8
155
58
145
160
179
96
175
50
132
87
157
123
191
111
148
116
141
144
188
177
72
159
46
149
52
129
128
61
26
19
107
103
31
165
51
109
119
95
153
39
30
41
115
125
4
54
10
105
68
89
91
94
24
185
49
110
32
134
114
3
9
38
120
127
28
101
66
190
104
11
170
133
162
22
18
122
121
79
100
76
80
184
88
43
47
59
78
74
136
113
92
12
97
164
15
239
221
65
163
1
225
37
81
138
25
60
45
117
124
35
71
63
75
2
135
137
102
147
5
234
201
216
182
172
70
83
242
253
197
67
112
152
193
7
86
106
206
53
56
173
240
252
189
36
21
23
85
243
202
244
235
254
223
82
238
220
229
27
209
212
233
207
69
33
187
245
55
158
98
40
84
204
16
215
219
211
224
198
195
186
217
312
369
353
321
328
372
339
346
383
340
376
259
336
271
344
352
331
364
337
318
311
280
374
288
302
295
323
378
362
355
359
306
320
287
333
285
335
334
330
263
276
379
305
294
269
303
351
367
278
286
257
266
327
381
319
258
332
298
264
300
370
310
262
377
325
308
279
462
474
268
267
329
313
483
499
457
343
380
293
471
479
505
345
502
493
366
438
492
309
342
281
458
272
503
506
472
482
360
498
508
470
304
348
475
480
456
464
275
451
488
478
450
317
467
460
486
453
489
469
497
265
461
500
504
490
459
301
382
496
455
507
476
270
307
501
428
297
409
393
350
347
406
509
511
477
324
371
466
403
443
481
292
396
395
314
260
299
368
452
454
407
417
397
420
442
416
437
296
448
365
468
487
495
413
463
484
465
510
256
261
431
277
384
373
386
338
435
388
399
361
494
283
624
612
594
601
592
620
634
629
639
582
618
590
614
606
637
627
587
589
647
625
649
677
584
658
632
684
619
600
591
617
673
621
616
581
631
650
598
683
644
630
577
604
622
646
689
715
679
705
698
635
610
645
701
593
664
748
597
608
660
762
665
666
595
603
613
736
609
738
693
676
767
707
648
754
763
718
605
714
709
655
725
766
758
724
734
675
678
710
702
586
703
626
765
750
722
699
704
607
735
713
708
742
730
674
753
663
752
654
638
566
585
723
726
578
731
756
643
732
682
670
686
656
721
611
697
695
712
533
691
733
720
652
579
694
596
583
711
669
744
719
516
755
760
761
685
741
706
764
759
692
524
740
554
757
542
569
739
615
544
557
623
521
743
549
745
751
653
728
668
662
560
529
599
659
571
651
515
570
536
538
671
573
576
519
512
575
558
642
534
562
572
641
