216
249
245
199
237
235
232
198
223
213
240
203
252
219
247
224
226
251
250
221
214
242
248
238
244
197
241
231
204
192
53
222
215
194
22
234
211
8
43
49
92
2
41
35
115
3
210
13
228
44
10
17
62
217
243
63
71
230
47
105
36
122
11
124
37
14
208
4
70
51
56
27
196
233
59
107
202
121
209
31
96
12
212
162
118
84
50
254
88
30
46
113
127
151
98
207
76
45
33
77
39
111
106
104
218
52
66
174
200
158
123
184
95
143
146
166
9
128
164
135
163
155
136
181
100
141
126
6
239
112
149
229
69
156
102
16
61
29
64
94
97
117
189
153
180
21
82
206
93
114
91
1
55
74
120
7
133
119
182
159
185
26
80
175
131
176
79
15
227
172
83
171
68
28
201
145
48
134
132
150
89
186
116
144
65
190
130
19
60
129
0
72
383
360
372
363
334
348
364
368
378
338
320
323
354
380
349
350
373
352
288
327
367
329
369
337
366
346
341
315
382
261
270
258
263
262
336
359
379
345
264
322
300
305
268
278
361
330
340
328
362
326
298
295
324
273
265
280
285
430
435
339
266
283
343
440
344
385
365
335
347
375
301
381
417
438
355
308
307
331
342
412
291
351
309
419
371
299
433
279
325
321
387
399
314
400
281
290
401
294
408
332
429
272
286
434
356
376
357
425
384
422
388
374
311
393
391
274
450
398
271
397
477
418
462
441
431
395
411
436
293
319
260
492
413
427
486
469
318
403
445
415
442
312
444
256
481
292
392
302
458
451
426
377
313
443
421
297
465
502
277
439
289
405
496
490
476
478
454
407
506
259
483
500
501
370
493
482
475
472
267
386
449
464
284
410
416
333
505
511
423
306
484
508
557
572
549
514
525
524
538
523
541
547
515
565
561
551
518
556
544
554
513
526
567
527
533
682
644
543
560
519
516
539
555
677
659
512
683
675
537
552
545
571
666
532
550
672
564
667
566
684
674
534
668
522
563
681
703
548
665
669
670
531
663
641
568
520
658
687
694
536
695
569
691
686
680
692
701
678
662
647
642
698
661
715
693
574
702
710
517
655
713
540
738
712
726
656
581
529
562
654
737
739
657
628
636
756
708
664
714
762
600
748
696
742
651
707
746
676
723
637
648
705
764
744
752
743
727
609
757
724
622
553
626
673
606
688
721
603
699
619
643
717
719
749
722
729
535
700
731
638
646
728
730
635
653
709
617
690
711
640
621
706
616
725
577
649
542
747
613
740
602
671
745
598
588
584
754
632
704
679
736
685
585
625
608
645
620
758
587
765
578
579
604
576
