605
469
1385
485
652
2663
1123
547
2590
2431
1463
791
2138
616
2967
2592
2776
2436
752
627
1692
2827
1185
1817
889
1593
1823
428
1454
1311
2754
1288
2375
1318
1308
1432
3000
2285
1230
1259
1431
991
82
1018
1449
2735
790
1194
1219
1926
21
1276
1985
50
986
2611
1314
896
421
2934
2050
2044
2653
1495
1296
3016
2574
39
1254
1034
1322
2069
139
2936
1240
2190
1868
615
2446
1839
1918
770
2444
828
2609
1576
1701
1442
732
1101
226
2457
1186
2329
1905
2757
962
2047
568
255
620
1930
1070
2899
1166
787
2656
2795
1559
1139
2996
2277
1654
2194
88
1060
2402
2502
1455
2443
2557
903
2433
288
2040
1952
2894
1678
1176
2485
1960
220
258
2781
3068
2191
1945
3052
61
1096
189
2669
736
2547
3029
2605
2304
1459
2546
1907
2627
2290
2808
459
1837
2893
2099
1266
2514
328
522
1347
3044
2632
1273
2122
2938
53
887
315
2227
2618
597
1238
531
2354
1927
143
2974
2540
1207
1295
164
2397
782
1831
1755
502
377
623
2832
2000
2173
457
530
2075
1476
56
708
3060
643
1136
1651
2824
744
2612
2076
272
918
2930
1752
1740
550
1780
2357
2083
543
97
1888
1111
2379
187
340
1226
1673
234
392
501
697
969
2767
965
2589
2552
191
1392
1167
625
206
214
108
919
2441
2701
2461
268
2716
1628
2740
2905
1249
2522
3039
2955
1381
1281
1418
2350
911
2834
921
218
926
701
1720
594
1793
1159
660
2819
2495
1788
2931
1164
657
2810
1991
1267
1947
1360
478
589
1443
1591
624
2174
2507
28
70
339
3021
1746
2664
2070
2630
2419
3020
1715
1199
2849
534
111
491
1555
1836
2039
1543
175
1178
1020
270
1058
2737
2467
415
1205
1045
2892
565
1368
1200
425
252
2782
2452
2037
2241
2898
2491
1608
883
2871
242
1280
2881
2185
208
667
2272
2098
1747
1858
1556
1098
1531
2576
1014
3022
33
3063
1486
445
573
638
1933
2057
798
271
1408
125
2465
2121
2078
45
149
79
2260
2608
647
145
73
691
613
2755
1140
2289
2372
2681
2273
1510
742
853
2326
1192
1337
542
682
1088
2455
1049
1326
2331
2961
1294
2137
1978
2719
2302
1632
1640
157
2826
2768
1274
2104
2348
2715
2071
1916
2395
2366
2206
1810
2790
1391
2992
808
1000
2846
2116
812
1211
1151
846
1579
1513
864
601
463
2759
2619
932
2245
750
1728
1233
371
3027
876
1303
1676
48
2091
2448
1464
865
2875
1921
51
1187
1533
2805
551
2319
872
1667
2556
1784
639
2367
619
2360
598
450
1511
2483
668
1435
2358
1819
2151
27
917
3058
2680
1466
3048
559
2239
2352
1590
216
521
2129
1739
1083
628
1785
1036
2853
1695
2400
1504
2515
2731
375
1691
1697
1803
243
698
806
2414
2055
3010
25
2513
408
713
838
1684
3064
496
1570
916
888
1911
1066
1501
879
2728
2404
1549
575
1718
725
154
2523
1379
1027
238
2821
2094
35
734
2784
2886
2162
2095
357
2256
2463
2872
1236
1804
2778
119
1723
1243
679
1141
2479
2200
1231
72
1893
1862
1073
167
417
2799
925
49
2053
2700
1655
2247
1201
152
1246
7
3043
1184
2597
2333
784
1954
2876
1753
982
1585
577
2509
1180
580
2092
2004
40
60
1744
1980
2225
2532
2858
2945
2029
1703
2386
86
480
449
2676
936
2806
1600
1448
1696
1796
2902
489
956
2462
1528
3070
64
2568
1477
1602
2943
2346
526
1108
733
1619
2654
2817
2134
2024
1373
1129
378
1734
1165
723
1353
1975
2823
1813
2292
2243
2908
1444
171
1508
2033
2475
2363
2926
194
1489
196
2692
686
1181
1450
637
1860
1541
1857
1563
629
2549
1319
98
2445
499
2969
2308
1571
1364
2244
2928
561
654
985
353
1416
2340
727
249
801
2182
2487
2884
1668
2599
3
2298
951
651
1222
1146
1522
1061
173
138
642
153
632
2550
665
479
1873
2583
1345
1134
2002
1705
1662
512
2169
2028
529
443
90
2270
1424
1995
1900
1022
576
2874
389
2120
721
1607
861
2207
1518
2240
2727
2998
144
136
2417
2911
2472
2065
2587
1532
274
1587
2164
333
2573
186
296
293
993
1625
1867
2187
2152
549
1534
2528
646
1109
558
1010
948
2084
2953
1422
1876
205
1699
2215
1160
869
1198
410
1891
1976
3038
2008
2068
1937
803
1979
2168
89
1849
751
972
944
2631
2815
329
376
2885
81
785
165
1648
842
630
2005
2904
2030
1019
441
621
2382
718
2177
3007
1076
1369
2295
1021
1807
694
2014
520
147
1729
1114
356
1958
3026
1085
2788
2246
2566
2212
570
395
1339
1309
1767
197
871
468
2296
2125
2620
1421
250
1686
807
685
1395
1474
1818
2888
1077
1031
2223
1380
596
2450
1493
2602
1086
334
2686
2096
816
1934
2567
1153
1931
364
2301
2761
472
2745
127
148
1374
1544
1683
2672
2323
484
976
908
160
330
2777
1074
958
67
1177
351
661
2254
1285
22
2581
488
2862
2987
941
1731
1783
924
2398
1567
2622
1120
69
1030
2430
325
599
564
1942
95
1564
130
1469
845
1749
370
279
3012
706
722
2659
438
1603
874
2149
1725
76
707
2865
1260
2993
937
2048
411
2773
2219
2107
235
2175
779
2101
2997
2262
373
862
2838
2841
2236
1915
2106
2725
2283
17
237
655
2651
1957
1041
2505
1125
1390
2211
96
2420
2368
1189
267
1708
2958
1132
2518
227
224
756
493
158
2822
2689
858
336
1215
1822
818
1951
419
1210
1229
2855
294
2114
1363
2494
2195
2603
2388
840
582
42
439
172
1635
2535
1586
388
404
343
1216
1509
135
1490
2019
2061
374
2944
1660
2614
19
1636
2464
1087
1821
2205
324
16
1851
800
1682
309
2859
379
2629
2203
2409
1542
676
2976
1855
2749
546
2829
427
2644
856
2818
1886
1188
2276
2432
2268
968
754
2213
2210
2594
1781
2264
1162
724
1429
1865
1262
513
260
1241
2526
1799
2500
1193
1634
2351
2633
337
1889
1843
2202
802
1649
690
2638
1173
2282
678
860
217
1553
495
3013
3005
3024
1224
866
799
2133
23
1736
1742
1814
2328
705
2750
2595
305
1080
1092
3065
1629
949
699
2341
783
2370
1425
2825
2144
1986
766
1401
2406
2857
3004
276
1966
780
2658
2668
101
1953
899
1302
2499
169
1135
3055
1777
245
1566
2696
2261
2280
12
1089
2637
386
3061
429
1616
2010
284
2171
1048
34
867
636
2772
1413
2797
2964
2897
455
1143
2355
2721
1499
578
2471
2634
2147
2616
129
2734
1104
2559
1661
1317
1887
1461
2746
1524
1016
1758
500
1377
1922
2482
3033
980
2481
1307
602
2265
2798
1698
979
1250
2108
1480
137
1384
1963
2965
2473
1242
1208
2973
824
1291
498
2733
1641
176
1621
1535
452
385
1599
1042
2339
2947
2816
1687
292
1414
2529
2497
763
710
1110
2937
1581
2338
1639
1407
540
947
1652
2699
663
1256
406
2115
2613
3028
771
2551
946
849
2347
266
1776
1255
2729
390
1537
898
2413
1601
1881
709
320
1808
1183
398
772
720
2043
1214
2387
310
1113
3049
2785
47
662
1733
1383
656
2661
900
2490
231
1336
1890
2359
1875
2774
978
4
2325
1506
2079
1617
1850
246
2991
1338
2922
590
1265
1573
1220
1631
1100
1213
1329
1588
1286
1923
301
1574
1277
433
1812
1797
134
2435
2988
1595
2365
1228
910
2830
614
1174
2852
2493
1078
102
581
2940
2530
1883
2305
2278
1967
2694
342
1670
2025
1840
1912
1706
2541
2950
2742
2015
868
967
159
1232
2525
2744
2887
604
1278
3046
1955
1053
2854
210
2221
2415
1913
2845
1332
2687
765
1669
1017
1325
1519
2933
448
263
1551
2073
2844
1492
2192
907
1961
2060
2369
2489
313
104
1987
704
1304
109
2878
987
2531
2412
1386
59
1001
1367
1928
132
1996
193
843
2170
2564
523
1693
915
418
180
2318
1313
212
1357
384
1
1906
1650
2128
2425
2403
253
1452
200
764
2982
434
1620
2447
225
2259
1919
1156
504
2257
156
1320
1834
65
693
3023
2255
2791
155
2321
515
830
1738
2708
178
131
3015
2843
2303
1328
2524
1239
188
773
848
1006
574
1825
2800
239
2593
2373
2607
1457
2423
1253
2407
875
934
1158
1884
2165
221
1844
1802
1248
182
1056
1545
2176
1149
2601
2624
1679
897
2660
405
2045
788
2156
1568
1645
1335
2915
83
2336
1118
2384
981
922
393
1773
1090
1974
2139
2281
1119
1478
2508
1470
2579
1258
1344
1144
1247
935
1441
927
1562
303
141
1059
492
1791
998
2807
2077
977
795
1525
1722
2140
832
2796
633
2949
2582
1762
285
3042
680
2646
367
631
1420
836
1597
2709
432
511
151
822
2449
2519
2572
2698
2189
37
2690
174
2231
118
1471
794
1366
761
669
402
1081
1657
1292
880
2086
1044
1920
2836
670
289
533
893
1829
2234
1870
586
587
1702
1433
2794
610
1116
1321
2639
2155
746
1578
2670
940
1898
223
363
1067
1327
1724
2939
2995
1941
892
3069
2919
975
774
306
2682
904
3062
789
1419
297
1962
634
563
1605
1043
741
767
1656
1613
2828
1847
1409
1765
1282
1546
553
1261
1737
1826
299
2880
1589
1615
2135
757
973
1107
2026
886
1604
1370
2103
745
1594
1497
466
1170
1284
0
360
2422
1029
201
2842
901
607
1310
161
1356
1155
91
2793
3017
1989
1854
2539
1343
554
2516
2216
2847
1863
2979
778
1864
2562
1565
184
460
1011
444
827
2780
1038
566
819
2374
471
2732
2394
1710
1035
1707
959
117
1833
1633
2166
1637
280
2297
2792
1315
1057
1202
817
1768
2684
2999
2814
2941
311
938
2361
219
1197
2058
2890
57
942
2411
592
1306
1653
1126
854
583
957
401
2591
2018
322
204
442
2918
2322
1745
1520
116
2866
1878
1423
2235
1869
983
2109
1396
1272
2090
365
323
298
62
2163
3003
1627
1830
3030
539
1856
541
748
2643
2199
2962
2521
2752
890
611
3009
14
2640
626
1994
2925
2978
2233
2711
1917
2127
2861
11
3034
2421
2253
1899
712
1557
275
2198
3014
2102
211
535
2498
1741
85
1688
792
437
2702
885
1371
126
2209
1598
2724
2327
446
440
316
2970
953
2486
2833
1914
2763
1137
1050
1950
1610
1496
2534
1209
811
2695
1689
1359
1007
114
2983
659
1540
1122
476
2706
1404
465
1529
2990
2877
2263
603
1257
1487
2856
1055
2610
1033
914
2565
813
1527
588
2006
996
1786
1079
100
3008
2883
1039
717
2349
2683
2578
2067
702
1168
1062
2606
943
1479
394
318
1297
2913
1611
786
1623
777
2851
1406
760
1333
873
18
2440
2284
612
1402
190
1130
1426
2666
1943
1453
2097
988
1484
2713
2743
1172
1778
166
312
2480
2882
1502
545
2839
2362
672
1798
1992
1217
1782
475
2723
1769
571
1880
1440
1417
749
2405
538
1550
814
1885
3002
2426
2408
41
2527
737
1468
569
1743
931
1389
26
518
837
1251
714
738
2023
595
1647
2753
3066
2648
2910
2381
1171
859
2396
1716
436
1196
1572
1415
1732
1787
2196
1503
1726
2034
1558
106
2371
2204
1896
2016
2736
420
2492
658
834
2439
1025
1946
1516
1709
1013
2418
1388
2621
2598
2123
1820
2007
2184
2971
203
416
2300
1212
585
454
2074
2831
3032
1584
361
52
2208
230
3047
640
1069
2623
1700
909
2615
1131
1521
960
426
933
55
920
63
1447
1112
2946
2558
103
2154
2267
2741
2751
1133
1293
1959
2675
366
2548
729
815
1331
963
755
3053
1894
2628
1779
653
2158
863
2538
1644
2959
2650
1929
1195
608
2801
1412
2314
304
974
2520
3037
2392
2545
2891
1727
2085
2066
769
2324
1147
1690
2056
107
929
2172
1203
562
2864
2705
1105
2218
290
2554
1846
1790
1275
1355
1997
1763
2468
487
664
1853
1430
1312
2237
870
2454
43
804
1932
3057
2981
2739
2764
2580
2561
456
481
1554
1237
36
112
381
1342
168
2707
1063
2317
1300
1106
54
648
1434
347
1828
2224
2229
2951
3050
2410
494
77
1577
1227
1094
1988
2766
1712
2356
2873
990
516
527
711
2082
2046
2812
1754
1305
1324
716
1483
2248
1023
2380
510
1949
1465
387
1437
38
2153
2258
2313
1877
1488
2311
762
78
1664
110
952
1290
1939
213
1672
1969
123
1225
731
1150
881
851
1298
2697
2511
999
1848
413
1982
1127
1179
248
2378
1801
517
519
1481
796
2344
1948
809
1772
2124
1815
2031
1626
730
2186
486
458
2537
1774
2214
552
945
1938
1973
841
2756
2271
1128
281
2041
2011
146
473
354
2879
2286
1680
2769
2496
1775
2980
2679
687
1003
696
2469
358
1582
359
3018
409
1235
964
1082
2924
2183
2510
2334
1462
735
105
2718
1685
2112
2671
835
286
855
1663
1842
2553
447
1270
302
244
1811
1142
2478
1735
179
831
2972
1580
1095
2837
600
3025
1771
1694
482
2657
2266
1972
