118
109
117
99
65
100
119
80
121
107
92
114
90
87
247
124
123
210
69
84
68
221
206
93
102
106
108
253
95
105
125
250
126
239
81
72
255
235
115
122
111
209
197
127
196
66
233
26
198
101
10
77
211
195
252
22
231
30
110
112
201
224
244
76
82
246
5
113
234
230
236
63
104
91
79
229
243
219
54
44
8
232
53
48
97
240
71
52
248
208
50
212
37
18
57
1
242
203
25
89
204
38
86
199
227
29
241
98
200
74
178
251
13
94
136
61
3
174
34
161
220
17
254
27
9
228
205
45
42
51
19
214
11
213
183
32
16
245
41
21
249
14
40
218
35
120
131
36
193
132
151
237
64
55
4
116
172
46
33
138
75
60
238
191
222
180
160
145
153
78
20
135
188
141
96
166
176
56
223
49
58
28
185
162
168
202
134
43
70
164
149
175
462
298
375
284
319
274
260
289
317
379
312
491
506
335
270
492
494
277
269
332
484
498
451
468
337
377
311
300
360
373
286
331
343
307
279
348
490
301
380
294
450
306
504
452
374
475
361
310
309
472
469
264
496
500
471
321
417
341
488
271
453
481
459
342
333
308
493
486
302
368
275
265
369
339
454
262
295
256
370
258
505
257
318
483
299
456
482
509
273
314
293
455
282
429
355
463
392
382
508
460
288
324
385
480
323
272
507
503
367
290
502
511
263
478
362
485
329
315
405
353
322
358
351
325
281
404
336
461
276
422
365
489
470
267
259
438
439
418
330
296
305
354
340
283
326
473
476
285
268
437
328
395
359
266
433
442
345
352
427
378
425
327
464
399
501
474
499
432
316
413
431
495
465
477
387
389
376
430
346
434
303
381
366
320
479
421
291
388
396
424
363
349
727
741
735
750
748
677
752
723
737
764
718
622
766
705
767
763
721
745
715
714
739
699
749
532
689
534
680
575
757
700
522
730
758
738
562
734
667
682
728
760
724
678
544
732
751
577
719
708
516
570
550
692
603
670
545
679
653
528
686
647
543
601
740
753
747
736
591
704
530
637
609
573
756
596
712
672
552
619
635
527
709
729
515
683
731
676
664
560
520
586
555
614
526
588
566
513
659
722
652
578
554
651
641
541
605
519
762
742
649
563
539
598
546
628
663
592
654
549
568
517
593
600
607
512
582
529
537
754
648
616
755
625
531
565
634
561
660
569
523
604
658
583
646
713
703
606
581
518
759
574
594
696
657
548
720
681
551
524
613
698
761
629
587
669
621
638
564
540
557
521
538
684
533
675
631
567
674
618
514
691
556
585
707
559
611
571
542
642
576
615
608
746
