663
1375
3027
1459
2200
3024
137
2756
2773
2041
1018
2761
2063
535
1443
53
2844
1217
1699
329
2338
1591
1757
892
1485
2498
2112
941
1128
2620
2843
1909
1853
1975
2728
2172
1134
621
1493
1035
2947
905
1001
2419
3032
2067
2872
115
2133
1969
344
2401
1010
1703
2274
2007
889
3055
2256
2727
40
595
3062
2732
2246
1246
1553
2929
2956
122
312
2108
683
1623
591
327
1859
1842
1013
3041
1843
1533
1406
1144
2080
895
2487
2201
1812
2663
2858
2621
795
867
1208
1009
1092
2856
559
1620
2100
2180
904
2255
1832
1201
652
2602
711
2542
809
2018
2346
1379
1179
217
1734
1139
151
2877
1500
1959
2109
225
2386
3046
263
246
2372
2880
1334
1640
2077
1697
300
2984
130
2569
2301
736
966
1721
536
1045
884
2161
2058
766
2888
472
1625
1414
1848
3017
2382
1678
684
2392
2175
2696
2436
2692
2320
2323
691
2142
1803
1291
411
2837
2402
703
168
259
2156
2377
3054
794
2252
551
531
2539
1391
2162
1425
2123
1053
1768
1225
1059
200
2931
1579
1142
2666
1120
1941
625
3070
443
2912
1088
819
1062
2923
212
728
3040
60
2139
1132
957
3008
2137
2550
1285
57
1690
2055
724
571
2384
1024
232
806
2329
48
2325
1315
561
1519
299
2052
58
1310
1312
3001
720
2028
1101
2385
20
771
2795
2110
1862
1025
2636
1849
1097
1231
1168
1802
1432
2562
2305
2680
792
2345
171
1017
1446
1098
1567
1419
2211
2793
2846
245
1985
2181
1580
2548
2951
1999
234
2753
1566
1616
1186
222
2309
3011
2254
1654
2887
1617
2778
1877
1560
271
1111
1695
2408
2772
162
1543
1398
1054
1352
1833
782
1785
1016
2268
2513
2310
1102
2471
2991
1079
43
267
799
2272
2600
1562
2241
2758
835
2654
1078
1508
673
1737
995
579
1822
2946
666
1637
2282
1037
2148
146
701
1087
416
333
977
831
2700
1258
1095
248
1691
1167
973
65
980
2624
2095
2626
1746
2532
1154
241
1178
1198
502
1545
2744
902
1947
2736
2759
2270
2785
265
2886
1356
3000
2199
148
2862
1188
303
368
105
228
1107
1126
1905
1740
469
1180
1300
2750
928
1708
2587
272
1532
610
1357
2812
420
1286
1373
2876
2125
2842
508
2066
2823
2985
2243
1473
3029
378
2660
1431
2226
1597
1489
2365
59
2529
619
1774
1039
2679
2212
1641
959
493
413
2358
1669
647
266
2102
685
1385
270
2476
612
1451
2231
184
596
1581
375
1704
2113
1576
1778
338
2691
1940
2710
2605
903
757
657
1084
1250
874
67
1809
437
1247
2002
2594
1339
2076
1043
396
1354
1733
2378
1210
1162
585
1688
340
2364
1089
2850
2896
2922
1002
891
1498
2902
2284
588
402
2627
2609
46
613
2523
339
318
1460
2263
563
1903
1067
1650
2197
2206
769
2132
2092
22
2478
2970
1511
2380
2433
2538
2334
1236
926
1203
2159
2466
1918
1083
2955
2444
3066
317
2980
1060
999
2238
2828
523
1358
1421
1275
2731
2138
369
131
1693
1944
2522
2455
1486
210
2087
2434
1051
250
331
2775
1135
386
1160
195
3065
2668
72
71
1222
13
1627
1011
1976
2019
2115
19
1274
1311
2280
1262
2832
1923
702
686
192
505
3056
135
2738
439
808
2643
1118
2322
763
2629
1972
1355
114
1728
2069
2796
842
1409
718
477
1232
862
1384
947
358
80
1771
1514
2153
169
1539
170
2318
1963
139
1943
2836
844
2838
2005
2848
3031
464
100
419
52
1829
880
2198
853
2457
1213
529
421
2468
1700
2863
1828
2788
922
7
166
1430
428
2442
11
2983
943
1801
3003
700
737
1342
2855
890
2919
274
1129
2371
10
2783
62
95
2644
2281
934
2460
28
908
2628
3043
54
1995
2391
2526
1520
512
743
2053
332
1810
2503
544
495
1797
68
875
471
552
516
830
2070
1961
290
403
851
1447
63
2601
1149
2804
25
2803
2650
1071
2337
1301
2866
2701
1441
81
1442
864
326
2652
2486
2160
1522
1192
388
2311
2673
945
2413
1224
1099
2174
1305
1657
257
1901
2688
2904
1265
555
1249
639
436
3045
1756
2332
2375
1696
273
1601
2576
1674
2737
1407
936
2817
2426
2015
161
1029
2303
2771
855
1445
518
3020
82
216
1874
334
2964
175
2416
2794
1871
1644
1176
1007
1707
9
653
3014
2986
1883
1467
2973
1720
2267
2597
1266
2725
288
1109
1602
2557
391
1187
91
1857
1267
2709
1138
2420
1854
298
1659
1786
2453
2890
1527
1229
1195
651
2202
1821
886
2608
1639
2340
2806
1150
459
1948
620
2484
1882
2293
2489
2481
784
938
827
2167
2454
546
1324
3063
1147
1989
935
2875
490
511
3071
1175
2163
592
2265
698
2191
2517
2954
1435
2733
424
2343
2276
1896
2619
2465
1454
1367
1072
1749
515
914
1919
2819
2740
1612
2283
314
754
560
2314
594
292
335
2221
1808
447
2857
1902
2674
580
687
627
2065
2839
2851
554
414
363
992
2905
2826
1184
818
873
1038
371
2776
2423
1096
3
1437
1588
708
1368
1103
1915
2501
2536
713
1064
524
1714
549
2521
519
1153
759
287
1895
1359
1503
927
863
1332
1307
2809
2347
2952
219
2039
2054
2459
2606
1405
1762
160
2944
534
1376
630
2422
2152
1775
321
2086
2143
878
578
1729
678
468
1440
1501
2633
2646
2631
2545
2049
796
457
2777
1868
1344
1159
467
2417
2808
2491
206
2040
4
87
1378
2537
503
397
102
723
1671
2976
3028
2891
2317
1455
213
1851
1499
2020
249
756
2467
353
1613
1555
1852
193
1287
2451
1100
1900
2249
1164
1173
2799
1676
2781
1645
2508
1027
1117
1003
3059
2350
2207
1577
2232
1872
617
1170
2462
3068
2012
1280
987
2831
2801
2291
1163
1026
1392
55
2369
2814
3037
2824
89
1400
2765
817
116
1974
1715
1472
1804
2763
2068
2354
455
2381
2400
648
261
1866
510
1945
2879
180
8
3015
1793
758
121
1569
2786
1806
179
2739
2622
1326
1199
1327
790
1014
1706
2432
525
2811
747
2610
982
1530
1399
2356
1068
188
2010
3050
1666
2993
940
370
2639
2867
1542
3012
142
2379
735
2253
2073
1005
2359
1682
1777
2435
2089
2662
277
325
840
930
342
1752
1297
173
36
1933
1070
1634
104
15
113
427
1595
2186
2216
2791
2735
1518
2827
145
749
717
2968
1921
2111
2572
77
954
1894
504
2780
562
2360
1434
2021
682
1559
801
1491
2124
1586
1998
1870
3007
3005
2807
2614
1938
1920
1890
430
1931
672
1782
501
2496
1648
923
1145
833
1034
351
2297
253
204
2754
2082
194
1033
147
101
2958
2286
680
446
699
281
2967
2518
2410
2916
31
3036
412
5
2213
570
2881
1904
712
2921
1725
730
2404
2682
2439
765
1325
2752
805
2296
2178
2193
2789
96
1348
2914
635
2625
2974
2552
3047
896
607
2963
2511
1979
2397
309
154
746
374
491
803
0
1788
1960
1433
1946
229
1736
838
2285
2368
2830
435
1836
2135
1015
359
231
2355
1879
2589
834
34
197
1561
1663
1787
1169
1517
605
2635
129
883
2060
785
2820
2366
2071
1571
2452
915
395
2025
3069
1113
2474
2326
448
1811
1572
278
707
1505
376
2061
1243
958
2972
244
384
517
1672
1239
1052
199
406
2932
1165
2767
1863
547
689
84
2792
2494
1924
484
2699
951
23
996
454
768
1497
1021
1061
2638
706
2528
2294
1105
2307
2810
2676
633
2766
906
872
569
1841
347
2715
920
2999
2686
2257
956
1993
2868
1738
1448
1156
506
1670
2533
159
2901
1973
1660
392
1881
2013
1347
1377
725
1622
2228
224
674
587
1665
2483
839
385
978
1624
1193
2852
644
2510
445
1086
2084
1844
1143
1540
1415
1991
2960
2939
848
1864
2918
124
622
543
1194
2543
203
112
755
1000
78
2078
1717
1465
86
2591
1934
1366
2979
597
1049
1374
187
2829
92
2227
2649
2279
1713
3023
2383
2648
1479
1954
1457
405
714
1381
2507
3057
1633
323
223
2509
948
572
832
611
1513
2764
1739
1885
841
2259
306
925
692
2784
2906
970
1980
1799
2121
1316
2612
2217
2033
2210
383
731
3038
422
2482
1929
1428
2424
2278
1535
3030
2547
2703
1141
2098
642
2653
56
2036
2586
2685
2357
1858
1796
2726
858
961
295
1780
1119
125
2724
1475
981
1912
2678
1313
1692
432
787
2560
350
2623
2414
2387
37
2047
1237
1283
3018
1372
1847
1873
2655
2883
608
103
770
1452
1395
868
1397
767
1986
35
1794
2909
815
1630
509
1244
235
811
2264
415
1661
2104
2884
1314
324
1177
2950
354
12
2734
1394
2470
1323
2000
650
2689
2224
2405
2218
1869
556
1050
2164
349
1137
460
233
2101
660
946
1110
2853
2713
1701
2917
1529
2818
548
1207
315
1481
2192
2593
2563
1651
820
1115
2411
2266
1204
2029
807
2363
829
773
1276
2308
1386
1124
576
1294
1516
1705
2006
1781
885
1893
2497
2747
2645
688
1263
311
2535
1732
74
208
3021
2802
2046
1416
45
93
3010
1209
2992
2871
1022
1040
917
1646
296
230
538
1600
2519
1019
2671
2716
2659
2598
2611
1251
2878
924
2670
307
390
1589
2595
2551
1127
1046
1680
2683
705
2225
1621
393
1289
1369
3019
29
2556
2105
1679
2027
997
679
1382
998
3049
2987
1248
1278
2081
1820
2769
337
979
215
800
1990
1196
387
1735
16
167
550
985
2183
553
294
2094
2599
1889
1790
394
1761
2425
240
143
1551
2892
2945
1077
2048
2588
781
1611
1041
18
739
3013
1910
2615
2743
1605
202
1813
453
2195
1463
2170
1330
2705
2957
1722
410
593
214
849
574
2447
2136
780
2672
2247
2179
968
2840
2578
2721
407
478
172
2718
99
616
1815
433
198
2003
2103
971
618
520
750
939
49
2571
1336
2762
1718
157
638
2463
2975
276
2438
2415
94
343
1668
975
1306
871
2146
367
313
2116
514
1185
1057
916
1
1926
118
1121
282
2664
2244
910
2927
2755
360
1422
2421
1290
1090
1484
704
2194
1568
310
719
2016
1370
247
1521
2506
97
1317
2554
255
1593
1988
697
1603
2477
357
1174
1329
2485
1686
601
584
1233
2797
542
302
227
1155
1684
1439
632
1426
398
1827
2684
2933
1731
1281
1548
1609
3067
2544
2298
2516
1438
1245
2520
2998
2694
2079
876
2177
2541
1932
1888
1063
2779
2342
2096
2233
1404
1458
2729
2854
2399
898
1270
2239
1413
164
1965
2493
2407
1048
1792
1594
888
152
603
696
1917
623
1351
423
2114
51
2882
774
2657
2900
789
90
2009
1694
236
615
2525
2616
301
1994
847
2214
1582
1490
942
695
1741
1151
1411
489
2997
2768
1080
330
201
2428
189
1970
322
2223
1093
2237
2370
2834
2074
2122
1687
1887
1606
2592
2072
575
176
1626
1558
1388
1261
1798
1055
1396
2316
1619
3044
2959
2499
2330
2056
2319
481
2403
2585
1615
568
694
1583
1891
1271
2911
1977
117
532
1350
1337
989
1916
1753
1554
2394
599
1791
1487
1235
824
1585
649
1907
752
1240
2126
1556
1987
1320
251
2127
681
2269
1464
602
1997
604
1834
1361
626
2495
1949
1846
141
1754
220
2549
1255
991
2825
1234
417
2475
856
2697
1819
1230
3022
155
976
2051
1698
205
2219
2822
1206
1362
1279
2235
2774
2349
1504
1166
2044
1112
1956
47
83
2014
404
507
1469
2787
664
1536
3039
264
2118
1172
2534
740
2331
1008
1345
2978
2977
482
2490
1649
2706
1760
1653
1773
659
2928
1805
1598
1564
1643
1743
2577
2390
153
2222
1471
857
1477
1590
994
2184
1636
3053
2242
1328
1221
1074
2240
1865
1914
382
1664
1867
487
1631
1719
2641
473
1363
2935
2131
2393
1216
894
2926
893
3004
2011
183
2352
209
1284
577
2714
1191
2064
2388
1273
373
1765
2097
600
2720
772
900
1837
1547
778
929
865
70
843
2154
2302
2603
24
379
1992
984
2001
960
1524
866
788
1131
1512
132
528
1662
140
2651
1550
986
1614
2464
2948
2800
158
1897
1006
918
2075
163
2711
2062
1085
2574
2445
1200
2558
2749
931
498
1747
2258
1075
1831
887
109
3033
2613
2339
1065
1906
1783
181
1380
2429
279
76
1308
2897
50
1032
451
286
1257
136
919
2746
1114
3052
2515
2
2913
2953
1745
640
2196
606
2169
854
356
119
2860
2430
1353
2816
458
2634
1478
441
860
1474
1531
2583
3048
2469
2961
1494
2149
533
69
1091
2760
1190
1795
2971
1116
1930
733
2559
822
2833
2262
2203
1711
810
2190
1094
284
668
1412
1610
2446
3060
845
178
476
1823
2312
1681
1675
2596
285
1814
1875
2722
1825
2841
932
1429
21
2050
238
1004
1860
1122
479
2234
352
3058
1913
2273
483
2119
1418
2328
2899
1295
1769
2220
61
1951
716
2988
2458
444
88
2667
365
804
2581
1365
541
1899
2637
426
2845
762
921
2395
362
2023
2579
1886
962
2849
643
1824
2910
566
