1843
2826
1846
2126
766
1909
2306
1249
2252
1404
2496
2393
768
1912
1994
1544
2671
1137
740
975
2437
881
1029
405
1533
910
188
1614
235
638
1355
205
1720
964
2764
2470
1870
1013
416
1979
669
516
1623
393
1237
2199
1379
32
2210
1034
1664
2540
55
362
193
2352
497
1680
106
959
2420
2689
2987
1316
1836
1342
2854
667
1305
2679
1047
2872
1338
2550
1803
537
1591
1244
2512
421
2868
194
305
356
1418
95
2169
180
2985
328
1834
1756
2492
122
642
2521
2499
2592
880
2662
1361
2068
2389
1845
2123
3040
1788
2556
2514
679
345
1794
1530
2603
2725
1913
985
2732
905
343
2083
822
1162
137
743
710
1528
359
439
2653
1248
2392
365
2955
2677
2322
1301
3002
1763
1167
312
2205
954
2967
2760
1257
849
1539
1809
2064
468
804
2027
1104
2006
1487
767
1827
1491
2613
1315
437
848
1567
316
574
153
2487
2747
449
267
650
1524
2268
504
553
1931
1967
445
480
722
2042
288
2291
624
1330
202
2127
2686
186
1334
1277
2080
2781
1099
819
45
444
2621
1053
999
2081
1075
2300
2347
771
46
912
500
1598
2366
1040
1073
2335
21
2475
892
2576
2143
1032
1668
2417
2155
2619
2865
1829
2139
160
1733
2373
2745
668
2569
2929
57
2954
2599
2830
1452
945
2505
3067
1918
1791
1887
1478
1468
2244
2759
2870
1573
340
3051
89
1552
2768
1210
2629
175
1227
1506
3041
2332
1917
951
158
1919
440
556
1078
2886
1728
2811
781
64
1908
682
2501
2472
1303
701
2937
2666
1752
1939
1665
1322
899
1804
2578
33
2867
60
1386
1978
1392
1251
538
1495
2765
2355
1865
1318
2552
2934
1927
2164
730
110
548
579
2840
2575
1684
2750
2165
1473
2850
2836
2820
2731
938
1559
2940
1460
2746
893
2166
645
98
114
52
1451
1278
2402
443
2340
1077
2459
1769
2324
691
1985
1700
1027
1337
18
1170
2823
662
1323
1163
87
2590
677
2153
2909
2404
931
413
3061
855
554
874
2938
2606
1594
1393
442
1431
433
906
2979
1368
1740
376
1727
2554
371
2851
341
2296
1695
2422
1030
1999
1439
348
336
434
665
3012
979
1157
2502
1557
1407
1742
1328
271
2664
1427
1583
1312
453
101
2506
2041
1757
1536
1699
2773
119
2269
2226
922
373
622
2644
542
568
2748
2100
967
2771
2808
1222
1036
562
66
1811
352
2841
813
2416
1653
867
1348
843
2614
1954
2538
2961
2890
1634
1320
30
803
1565
2564
1477
913
1189
1547
139
2728
2566
1286
1776
2267
898
2532
2188
2443
1112
2345
247
1743
2376
1138
850
204
569
1188
2144
2285
2809
2073
187
2372
2001
1566
2546
955
1042
2879
1115
1489
211
630
2560
1958
2087
161
2524
613
1309
2716
3033
20
2303
786
1761
2338
787
608
2517
853
86
3057
2276
1187
2183
1284
609
1882
447
127
2057
1585
2529
1963
1502
1592
1852
470
2137
2997
92
2297
1844
2281
2648
1825
1295
1198
1216
1213
1738
2583
19
1067
2899
828
1505
2776
385
1805
2178
2701
738
1086
143
742
478
1396
1961
126
567
2016
252
2963
314
2031
1652
1886
1716
44
2257
1789
543
2597
3034
123
40
1683
1522
901
1217
1002
82
663
419
2331
1055
1782
1729
2358
2134
263
460
2132
441
1048
450
1011
1435
1691
2541
335
614
2553
1159
582
1092
1150
42
2241
1837
564
929
458
2994
1509
1260
1394
545
2217
1772
920
2405
888
995
1423
3060
2924
544
1856
984
2190
1897
290
195
2307
130
198
1798
1050
982
2912
1336
1204
2992
648
925
2617
162
627
3052
2533
2040
3066
2339
1341
2921
1731
13
802
1234
1730
2513
133
2958
2500
2308
1239
2008
773
882
1630
1602
432
48
471
1523
2481
820
1046
2767
698
2478
47
2604
251
2179
2131
666
2221
719
575
1156
1472
2154
1496
2633
349
435
2474
1997
1924
224
274
2695
1120
1890
3018
2130
3050
1842
986
590
218
2946
1863
2316
243
2048
1384
1370
1290
747
1219
2925
2697
2025
148
1412
891
1928
1450
1564
2377
1906
1263
261
1878
777
2831
2325
179
1291
2833
1923
2098
1762
3006
3069
381
1010
619
2311
1661
2054
2530
1398
1977
616
641
1310
390
150
177
1190
1608
1294
2119
121
2687
1969
2702
2999
2482
1786
231
357
1628
1402
713
377
464
1713
2248
1508
1194
1893
489
1148
1666
455
1575
467
2013
655
1535
2094
1448
1395
1800
649
256
1945
835
427
2333
1007
3064
1118
1721
2588
927
727
2428
2694
635
2582
91
1369
396
1041
1814
462
2783
145
755
823
1414
1876
1004
242
944
2740
2385
2974
531
814
2327
2174
2941
1039
2907
561
1529
1229
1734
728
1444
2075
142
868
1225
2467
1818
3020
2033
1965
113
1921
1816
1901
2287
1784
1767
2172
2367
565
2910
1417
1663
2047
2657
3042
1984
255
1750
3017
1514
978
1885
1287
237
2085
2089
2522
1275
1069
303
1808
275
2640
1232
1951
2539
1390
917
1192
2262
851
38
1621
331
2318
1467
2803
2656
1490
1133
2457
1089
2772
595
759
810
2192
1605
834
1409
1057
1500
659
2182
2568
2960
1325
2780
1350
1746
1022
2717
56
1408
203
420
644
1376
2534
476
1147
1548
1339
3019
1520
1753
273
2962
2497
993
2607
639
563
1146
1660
2354
292
2755
1258
1872
2998
311
1371
79
924
2860
2623
1024
686
2957
2959
1911
1601
2212
3021
10
1434
2856
430
757
2586
1849
1235
1934
90
2636
1795
1780
2211
1839
1307
1587
1253
452
1085
1183
1532
63
2832
2814
2149
2665
1476
1831
2744
29
1084
1160
629
879
2000
2222
2733
709
720
1627
1037
1542
2714
2464
2312
1433
1971
1152
791
2264
493
2456
602
1766
1410
25
1822
2673
1589
2557
2283
1017
2410
745
1214
1685
486
402
1903
2378
2018
2887
2066
587
1389
184
577
1883
2884
2812
233
2709
190
2163
1429
628
2036
1008
1469
2298
1153
2330
278
1704
1525
2769
297
1868
1538
293
744
2072
2451
2360
1970
2116
1674
1271
1708
2112
918
923
1252
2638
2571
2135
372
1724
942
1391
1968
2654
1302
2815
1981
67
65
1891
2723
2009
3046
399
598
2483
2869
1747
2365
1483
368
1288
384
2525
2926
2573
1345
2491
3011
3039
1168
1202
2970
1005
778
69
870
2982
904
903
1922
367
2465
226
1223
2642
1996
2431
253
653
1125
1347
2952
1279
2848
1247
2356
1732
220
239
2511
827
2299
517
1725
2770
884
1712
1511
477
987
812
1070
2852
2461
1812
1540
1197
2699
2038
2627
700
410
585
552
2049
915
227
514
689
310
830
815
1866
2659
2641
2690
2969
656
355
1357
596
539
1475
869
1719
475
2394
2643
2822
2589
2874
1696
772
1129
508
3029
1806
601
2935
1117
1568
1313
1604
887
2223
784
223
199
946
1373
725
1792
1208
1140
94
2447
519
940
2245
1884
1987
505
398
732
2719
41
295
1380
1124
2230
3003
286
2637
1973
403
388
612
1541
1387
2397
1109
2037
2063
2786
560
1643
1428
3054
1935
2424
678
382
1982
1425
947
536
2943
2488
1655
2028
1900
847
422
636
2917
1230
711
969
600
2594
2915
2838
302
809
249
1280
2668
2039
2966
1056
1273
2056
2159
3031
2386
2369
632
806
3010
1195
1824
2400
2391
1618
2864
1155
350
1456
2414
1938
2559
163
236
2157
1438
2570
2368
836
1989
463
1023
395
541
2660
83
485
2289
1276
173
1256
580
135
2003
201
2255
1346
103
2120
2427
461
2775
2704
1494
322
131
342
2676
581
941
141
1180
977
2971
805
107
3025
2408
1902
132
3000
2065
457
2875
1001
1464
2965
2986
1889
1907
1676
2263
958
2669
1629
3056
2817
2900
2233
2973
2610
1343
606
1184
1905
1021
1930
896
2170
2204
2609
2916
857
1332
2729
2270
270
2348
695
2415
318
264
800
2379
1245
2993
1624
625
1596
2612
2288
277
3028
22
2383
753
1960
2133
315
2797
2118
1191
2129
844
1126
1097
2067
1783
418
108
2782
339
2555
603
3038
1065
1698
2754
2630
503
151
241
3014
1282
2663
2639
1656
754
2616
707
1899
2151
2160
2484
3068
594
1492
661
1359
183
77
2652
2813
2294
2964
1274
617
702
714
2712
1771
956
932
826
934
1169
1267
2002
1401
2403
2600
2485
2231
1484
1715
374
1
2818
2256
404
212
2821
937
2495
1813
1110
2928
673
1449
584
2804
783
2816
675
1631
2700
2185
2897
2580
2908
578
863
2444
894
1959
2888
1447
2273
2920
1833
73
1647
1759
2423
136
1697
1161
309
2026
974
588
2387
154
926
799
793
2374
2898
637
1420
2136
2680
12
1480
2526
1952
1201
1950
2655
124
1400
58
2203
2790
4
80
306
2577
618
1651
1459
156
219
1787
875
2667
2784
1556
3005
507
2219
2646
2343
558
1242
2931
2260
1880
2007
512
2919
983
1588
2793
1497
1068
1416
2336
2240
572
1064
54
3045
2777
2791
234
2105
327
157
1521
2409
2989
1992
1768
997
1461
1832
1382
1826
3065
604
845
1572
1250
1457
518
994
1640
1009
1779
2020
2708
2903
308
2515
952
733
105
2227
1577
2587
1074
2835
1300
3059
2140
1432
2142
916
1649
2824
935
2074
2246
1419
1874
1324
1105
1196
1947
191
2071
2250
1268
2146
1353
2853
3
1991
2326
1929
2649
1711
1351
1600
763
1108
2162
391
1840
792
3071
2711
534
134
2565
1854
1465
1177
1672
313
2411
1543
807
1751
2198
1363
1466
911
1920
1755
2788
39
2370
2196
346
1828
1265
2030
301
380
971
824
864
610
670
1764
2980
2275
2329
1145
509
2181
712
3009
358
818
1166
448
2802
2881
735
715
1998
2819
2842
1667
155
2315
2079
3048
2399
465
1470
1857
790
1264
1254
2323
1144
1059
1607
2545
1367
2866
15
2735
1220
2634
1335
307
761
72
2468
1299
972
81
152
2596
2097
2396
1045
8
873
1705
1293
1777
688
919
1164
1486
51
889
2186
2445
1741
1639
506
138
0
281
674
2439
991
2202
2753
623
487
1142
1403
2235
1980
3022
1925
2449
2317
2176
2265
1576
976
571
2605
1580
1200
589
2624
2858
2019
2749
1090
1562
817
258
1820
2
280
2800
1995
2847
2319
2801
838
3043
1875
451
1860
1026
2471
1739
511
1174
27
936
1641
970
2722
897
6
268
559
1516
2274
1270
1102
1692
1709
76
525
319
1693
2763
425
1914
2111
2320
2543
654
521
1106
387
540
469
265
1298
980
752
1182
495
1775
716
1241
1648
1612
2302
379
2796
1862
2138
115
244
852
1990
2892
533
652
2693
2350
1701
26
1226
692
1012
2507
1940
2698
555
1531
166
2430
1519
1770
1082
2806
1748
2862
2023
2905
2197
240
347
174
523
337
200
1083
2225
167
1554
2978
640
2558
2877
2486
3062
2828
1224
2981
16
1262
2442
1255
576
2602
389
2628
2542
1976
1455
2418
960
2454
1606
459
3030
2239
1424
2849
1060
2390
1571
1015
2855
779
1570
189
2561
407
1569
930
2435
360
2880
2266
1415
2843
2789
323
2121
2010
760
2304
683
961
2124
2249
1319
2292
2620
2651
111
788
1296
1847
334
2730
750
968
3024
2882
2953
2567
769
78
1203
2216
1018
2615
266
2863
2051
1292
2380
436
2757
2703
2738
1281
1172
1058
2440
1949
2752
2584
159
353
2053
2913
2593
1385
1485
1835
981
907
2101
1111
170
415
1061
3004
2508
1426
2598
2224
963
1645
229
1563
1071
1052
1141
2762
2829
1677
354
411
795
872
502
85
2805
1595
1349
2635
2622
1861
841
746
592
764
144
1243
1620
325
1610
551
2942
865
520
885
93
1718
2713
547
2086
2034
1158
1507
1551
146
605
3053
466
1107
1079
2503
298
2305
2055
2846
171
1895
2901
2375
1206
1186
1678
1297
378
2425
2228
2751
2017
1134
1445
1123
304
2618
2346
515
2549
2180
1199
2177
871
429
3026
2878
1119
1702
1560
2046
2096
1441
634
2885
566
185
1962
2432
438
228
2115
2684
1881
472
798
1482
34
165
1671
2284
928
1615
254
846
2069
50
3016
1749
1850
2084
88
2528
1546
1020
1091
221
417
1916
2785
2792
1515
2519
3070
693
2581
2295
2995
726
2015
789
2077
424
125
1744
1399
840
1266
1421
890
2125
172
633
426
2436
2739
570
2991
2371
1100
2214
2536
2407
2209
2466
2344
522
615
2004
1955
176
2141
1578
333
762
2595
2947
2977
2948
1269
1406
758
1211
1636
2810
2208
704
2737
1358
213
862
996
147
409
1915
196
1694
74
1714
2574
332
59
694
1317
1014
1405
2106
2591
621
1526
780
1545
1688
498
2626
1799
2904
2516
2029
3013
2237
1944
344
2658
431
1344
499
2035
724
1773
1975
2261
2871
257
2523
2413
2509
369
1858
1518
1932
364
214
2102
1681
75
2076
222
1838
2807
2727
2975
2253
209
1593
908
2906
1135
1178
1372
250
776
1781
1613
2363
2022
283
1331
2452
1821
2688
99
2939
2896
