67
213
99
115
79
65
125
96
208
90
103
88
211
248
94
119
81
218
70
108
92
227
38
84
10
186
193
82
251
95
69
126
198
254
195
168
15
235
117
196
59
203
2
61
40
182
49
209
113
98
255
222
135
221
100
174
75
214
76
240
5
234
220
252
249
120
16
245
54
202
197
112
66
233
253
74
12
21
56
7
27
178
71
232
41
191
35
123
153
105
8
46
34
23
19
20
33
216
146
62
181
192
142
175
144
207
160
229
215
63
189
158
114
116
51
237
31
149
36
118
50
14
176
124
57
205
78
201
163
83
6
224
194
242
122
127
47
45
55
13
141
44
3
104
157
183
140
238
165
159
30
4
29
43
204
24
22
28
39
97
133
188
173
132
139
172
111
58
77
219
166
171
60
17
162
1
48
156
199
151
180
109
131
11
110
243
26
136
164
190
0
155
296
295
319
315
309
260
271
306
311
354
318
283
302
375
299
287
314
267
290
289
376
298
350
258
272
307
262
264
336
305
288
328
285
367
293
332
378
353
382
442
256
263
286
261
265
341
349
297
352
383
303
347
300
368
447
274
346
360
327
361
365
339
321
338
294
337
304
441
281
374
402
426
355
401
313
434
397
340
435
380
348
320
276
316
292
357
445
425
405
399
282
301
257
387
379
404
400
477
377
439
417
345
436
427
331
384
403
389
444
364
342
268
310
443
393
429
329
395
408
385
440
344
322
430
388
416
420
467
371
273
482
476
323
392
390
312
421
437
373
394
372
431
461
428
446
362
418
473
359
438
432
414
278
502
472
291
280
334
335
277
498
456
433
324
508
497
471
493
406
510
270
450
419
459
488
495
409
470
412
396
483
333
369
491
458
484
468
269
381
464
507
284
675
649
640
692
648
664
535
674
678
701
641
518
657
651
676
679
547
738
562
699
733
686
659
574
666
750
662
540
685
561
697
516
688
555
512
541
680
652
665
553
524
556
711
643
519
554
514
573
646
645
669
668
702
654
548
743
751
551
744
543
700
537
663
731
730
650
536
542
572
703
521
527
756
671
694
740
656
660
590
592
714
706
698
569
682
560
639
517
644
522
552
746
642
661
762
565
528
755
530
515
534
695
595
619
544
677
707
721
566
735
704
723
687
722
598
716
577
570
767
586
708
520
603
558
725
684
734
578
625
673
620
617
612
753
613
593
637
587
757
760
523
614
604
623
765
606
584
710
539
647
630
739
568
672
628
736
758
631
709
636
632
601
582
607
763
621
653
717
615
559
638
670
713
531
690
610
589
633
575
571
576
683
616
635
580
591
629
533
597
583
618
596
