378
131
2188
2646
2246
1931
267
431
2992
2232
127
154
2237
2754
1955
1502
2284
1617
624
1126
1588
1392
3000
1144
1395
1704
2442
733
1247
2639
1700
408
979
1745
1097
1866
955
2994
31
1224
1122
2087
2030
1715
1550
893
548
1648
2231
370
799
2271
2660
1928
907
3008
1198
0
226
1776
1882
2449
9
1670
2929
2689
2700
2291
2595
409
310
1483
809
2174
1220
538
861
401
752
320
133
609
1611
2821
2411
1451
764
882
666
241
721
2241
1923
392
1287
2390
2847
1356
2547
2746
3027
2866
1352
2407
2529
3032
1506
139
689
1389
874
2181
462
500
1318
1957
566
89
1042
1411
1539
3054
1988
920
1114
1839
1373
3041
1848
2086
941
1726
806
2106
10
1935
495
1775
1901
983
1631
1140
1336
1773
1998
1222
2207
2384
1138
1316
710
1150
2107
628
453
2799
1801
798
2260
3046
541
2682
1735
856
776
2296
1637
2353
909
1714
2276
1632
1353
1889
565
761
2841
1993
220
875
452
718
2934
2055
1197
2248
1864
2732
781
2640
149
2163
352
2363
1012
2530
668
584
845
2453
152
2619
1681
1032
1682
2328
2319
702
459
567
54
208
2653
607
903
2713
788
1249
2263
2006
2308
2155
2206
593
1661
653
383
1547
1724
598
3050
99
201
142
2436
1720
2372
2132
2515
1731
2694
974
2657
2424
270
1727
2349
830
2625
238
632
3068
2134
2199
558
2813
2439
1024
1118
3013
554
662
2214
1939
2869
726
1123
1191
814
1947
684
2953
2975
504
612
1104
1579
1730
2280
973
1660
1242
698
754
2137
2495
1690
180
2627
244
84
2666
680
2520
1641
2111
351
602
374
1987
151
2204
1769
2997
2461
1791
2781
1405
498
908
694
2190
81
448
1956
1328
405
2079
178
1854
2094
984
102
843
1409
263
170
2295
2572
3004
2505
1876
1750
2451
1765
1551
2054
2397
2889
539
725
535
1085
2888
512
846
1360
1906
963
1664
2058
1227
2995
2798
1656
1159
1340
2648
2924
934
1698
2066
1668
389
324
227
200
2654
1006
1166
1508
2726
2105
2506
350
1629
2748
503
537
2422
2758
2987
1875
3064
508
1297
1141
108
1028
1218
2954
2661
928
1655
1893
2175
2576
2834
838
410
1630
134
1188
218
942
330
1870
1591
363
2208
2603
596
2868
2473
2062
333
1743
3065
2011
2525
2904
1546
1478
144
1183
742
1262
56
251
2305
1324
686
2685
2793
369
2177
1158
2409
321
2804
124
2196
2186
393
1113
2278
177
2112
728
246
1244
1533
381
659
153
1086
111
2321
2705
5
2907
1973
2612
1065
411
2555
2195
613
2858
1290
876
2883
312
1813
1803
1779
194
2589
2001
47
1649
189
888
741
2803
1004
1396
2235
2958
123
2827
2681
2102
650
1214
2275
2430
1443
318
2927
748
373
2095
1814
1044
213
394
2795
1363
753
1333
590
1694
1919
2802
1829
949
3058
2076
2955
294
2165
1942
517
840
463
837
199
2950
2552
2645
1321
1260
8
2444
1
1243
1981
239
2935
3035
1577
1602
473
801
527
1725
2404
222
1974
2919
771
2381
1819
1397
2794
2446
460
1206
1386
29
2516
2314
729
3010
774
2329
1662
2333
1757
2769
1331
2331
299
101
563
1416
2833
707
1821
564
790
1064
1362
2167
2274
2760
2450
51
2618
1477
2216
2598
2554
335
3066
553
3063
2582
2171
2979
2205
2418
2203
993
496
2135
2812
1320
2406
2007
1149
1256
1258
346
2462
967
1269
140
471
1843
2710
625
3052
805
1609
2545
1802
600
1621
2867
2084
2725
1458
996
849
1922
1139
2507
49
1754
1544
952
2564
762
2894
1713
1372
999
847
519
223
1171
1566
2234
161
1089
577
2064
722
1885
2500
2060
1351
2083
1891
1091
2342
1924
2683
746
1707
1298
248
1292
2836
2492
3014
592
1410
2348
379
621
1761
1380
2570
2051
1201
115
35
2897
2244
583
1117
3062
1204
331
1466
1507
400
2825
1194
27
2540
2200
1005
1976
1523
348
2634
2963
233
2126
755
1978
2896
851
1026
2113
423
1176
334
483
2224
1805
1383
2690
1553
824
269
1457
2823
2731
1644
1264
2122
1633
402
1094
1456
2161
212
2068
1439
2441
1275
2069
792
763
114
2611
455
1832
2818
2168
3051
436
2772
986
867
524
1440
2977
940
720
514
112
594
1840
3036
22
1355
2874
636
349
1783
2081
2808
513
1793
2000
2395
2716
1076
1737
340
2811
1040
2665
476
1003
265
2484
2729
1760
2133
1605
1518
2577
1739
1293
2865
1844
1442
1842
2375
185
2875
3007
1909
1066
1746
523
406
196
1499
1039
384
1479
1254
651
682
1857
2789
1907
2292
326
1945
260
1234
1102
649
1530
2376
1384
328
2191
1552
188
1764
1959
3028
2558
765
2561
730
2656
1052
531
745
1285
2674
827
2743
1850
1047
91
2773
951
533
1306
2189
2108
14
284
1686
2717
97
1569
654
1371
1302
724
556
2432
286
1418
965
1962
1564
3049
2878
2521
1253
11
904
1339
120
2592
2369
1135
2383
2733
2886
1186
643
1121
994
839
319
250
2512
562
2777
1567
2034
2608
648
2093
1833
1822
2447
1896
2735
2675
1696
1878
2548
2140
2762
2884
1268
174
1370
1852
2771
1069
1463
2312
968
926
591
1917
1259
249
303
714
2109
192
2185
1489
631
891
1971
291
2013
1915
2242
1888
2309
2800
118
2829
2917
1168
2752
182
2286
1291
620
1172
1835
1120
1914
998
429
2901
1093
1241
2948
2217
285
789
1014
2711
529
2780
2633
673
183
961
2307
2456
1984
2664
2678
1578
2863
2902
64
2289
2152
683
2613
2730
1175
1892
1574
775
2057
709
700
234
3022
1185
630
2767
2745
2262
1792
279
1450
1075
619
2279
1019
723
271
2220
2097
1699
1626
582
2015
2091
1991
855
1236
1205
1152
1050
2698
1132
1286
1228
1110
1673
1017
576
2973
1219
2938
970
587
958
219
835
1934
2238
225
530
2365
1953
2838
1586
497
195
681
60
2143
2601
2956
768
1377
1996
3059
472
914
2905
2734
2078
1379
1035
1774
1252
2044
1344
1675
3040
2882
2996
315
490
1235
305
1927
1763
1858
1865
1788
1426
148
2423
706
1695
2961
1337
2123
1061
2354
570
2982
211
1758
1900
1216
69
1940
1606
863
1062
2504
736
505
946
2741
2986
3069
479
45
2514
272
862
957
198
1498
2120
2724
525
1946
485
169
1799
2957
308
469
458
289
2229
1836
1886
2668
1036
1944
692
73
2527
2287
433
2988
1683
1874
2435
105
581
1033
1438
2494
1081
1967
2879
2976
2926
1904
1744
1474
2594
2864
2704
2643
1980
2468
995
314
604
2269
1941
1932
300
2472
2293
1824
1369
1561
2616
160
2898
2967
747
2701
1812
399
1492
287
640
2359
2567
1099
2899
2578
1112
268
2686
2070
1952
1300
1056
1444
1391
2437
1105
2077
2117
2783
3001
586
2880
280
2028
1789
2532
2626
2125
511
164
2792
1930
1786
323
1058
186
2413
2790
2002
362
68
572
3034
1796
1245
3016
892
2233
2565
506
585
2951
450
290
1845
2440
90
1910
1527
1332
2041
2993
2043
555
1382
2247
1021
2814
329
1273
382
1010
277
2469
1265
1177
852
1732
26
1449
1164
777
954
1278
2382
1143
440
2839
1295
2796
1734
1013
412
276
1905
217
1160
357
1374
2049
895
2604
2968
2098
2557
665
509
2809
336
2294
832
2764
1472
1348
2697
518
2810
1614
3006
2497
464
235
1482
2252
306
2004
1083
1990
2180
104
2033
2861
304
557
1251
2024
2607
3061
2476
2978
2225
988
1088
360
1847
1329
1608
2534
897
1488
2085
633
797
2355
734
532
929
1823
2210
398
1154
2285
1749
2721
1873
2969
3039
2337
2268
1884
407
2620
137
413
1751
664
2873
57
2129
159
1943
1859
1401
325
1534
1296
2786
943
559
1425
2071
2965
2524
2277
1116
2142
2184
737
1452
997
3019
1347
2990
1231
465
2299
641
1394
1762
414
475
2553
690
1800
2566
815
2632
2020
353
2339
560
766
2962
1977
2040
2036
1057
833
1600
2573
1503
1536
273
2522
2831
688
67
1759
1174
656
2391
1072
2857
646
1167
2290
1082
2146
2128
1627
2427
1189
258
713
1603
1543
307
883
1992
1157
2568
2671
2039
311
2090
1645
816
1037
1419
1702
1520
693
2148
1528
2667
695
1078
1387
52
237
2845
1965
2392
1310
1051
2467
2429
1038
887
2239
2332
1826
2670
445
515
1054
1532
896
2315
810
1464
125
844
3026
1282
1309
385
87
1281
1345
229
1046
923
25
256
2459
1147
2933
966
1985
1966
1982
611
309
2870
1653
1237
2475
1625
2003
1902
2985
366
1148
712
439
2304
2416
100
1756
3031
2635
167
1537
1263
1023
857
2759
507
3037
1768
2325
1381
2301
2306
1787
1330
2431
1170
468
1908
2650
2774
1970
2310
1142
2327
2679
2597
1880
2843
1784
3023
82
1542
2761
1593
1825
2266
622
3024
2343
1325
2983
639
2526
2322
2317
3015
971
588
1657
447
784
1130
795
1155
2026
451
1497
1124
95
1398
404
240
2876
756
1020
422
2387
136
275
2850
927
1596
2859
685
2742
2887
578
1640
1712
1557
1180
678
420
2663
2141
1753
2855
2849
2452
2571
257
489
1599
676
2737
2709
1597
17
338
1510
2509
301
2629
2536
1515
1798
2550
341
547
990
906
2947
1485
1585
2414
2722
2243
339
982
428
15
1357
2344
1851
262
793
2346
1968
901
2538
206
1817
1307
216
2281
2853
842
2059
316
2460
1790
1413
1519
119
92
1895
3044
1846
190
1650
1571
2330
878
2537
1366
2989
2807
1659
2782
1958
1961
758
826
579
1701
2605
487
2739
2371
2166
825
969
361
2560
977
546
1999
75
470
113
655
2230
146
2837
1203
922
1687
1867
435
387
1022
2403
3053
2621
1031
3003
1711
2029
162
661
2119
1516
502
2370
1266
520
2099
2334
2402
1804
1250
658
623
2316
2282
786
12
2398
480
2221
1496
749
1420
501
72
438
2892
2581
536
2518
1634
2523
2157
2063
2756
1948
2145
813
808
2358
2121
181
2922
1200
1554
2551
2999
77
2585
2563
1109
894
2840
2136
2851
2159
2644
2680
2974
2862
50
1341
2872
2695
1475
442
24
1830
2676
2116
2622
1133
1983
2374
2396
1590
2037
735
1163
521
2014
1469
2946
467
3029
2559
2251
2511
1074
126
924
1493
103
2410
2100
2591
2323
474
1986
2770
1230
65
2749
1997
2149
2264
2
917
1248
853
2256
818
931
283
770
2931
3011
2848
2615
18
1549
1181
817
880
1221
2336
1811
1624
2503
2826
2046
157
2541
461
1346
1881
1431
1573
444
751
2417
2088
2118
1693
1703
2542
1338
740
890
494
372
1165
2227
2599
2785
2153
854
143
1009
1349
542
1853
1350
3071
823
1048
2984
1607
980
1899
1501
1304
902
2768
122
1911
2178
2347
2750
1305
2042
193
2401
38
418
172
2707
540
2949
129
2649
42
1045
2499
1073
2914
491
1964
1545
1246
727
2288
2651
1212
2624
2388
1407
615
3043
2584
207
302
288
79
70
2820
2008
1202
2300
1568
1723
264
738
1563
2638
2080
1471
2915
1652
1592
597
2486
1938
1718
696
165
1232
1995
168
2784
1239
804
1080
2065
1211
708
773
2641
933
2909
48
1334
2684
2209
1782
528
2089
2871
822
2067
1651
2479
1335
3017
3056
985
608
1415
1274
1755
486
395
2908
1326
1667
1837
2169
1196
1584
1575
1841
1879
3048
2501
163
1628
1404
375
1308
2228
16
1473
1522
1589
1610
2249
2727
1207
166
354
2703
23
2147
1018
2164
2763
2115
1869
2367
2182
759
1740
2270
1481
905
652
1809
2939
158
2574
2959
2443
2480
1068
3055
2162
1199
944
1913
782
866
589
1748
859
1729
2110
2936
989
802
278
255
2482
638
2156
1277
2012
1368
1303
197
365
2179
2966
1111
2470
2669
2688
2728
691
948
2787
2223
1079
2445
1556
2490
932
1299
19
292
138
1806
1960
1616
1509
1358
1343
34
2045
2399
1933
2895
484
236
1208
711
2338
21
1647
3009
32
916
1115
1288
3038
1535
1898
1565
2817
215
947
935
2766
437
637
783
2311
2788
2673
2073
432
1706
2394
545
1417
1717
1209
364
811
2433
2194
569
368
1490
1289
549
2535
1136
573
1151
1043
1378
2483
2513
2056
1182
616
544
61
1161
261
2719
2366
2324
1709
987
1692
2488
1101
2466
1807
2261
3060
121
3012
224
2426
910
266
1820
358
415
950
2025
2930
1921
1301
2393
202
1427
2017
778
2832
1421
297
2240
110
1897
731
2318
53
1601
1676
2471
274
2662
2031
1612
1272
1710
2498
2628
2474
33
1063
1771
2539
1433
2981
1708
1890
1883
3020
2779
1877
2172
1267
2352
1559
1638
899
791
2736
1441
2757
2183
2699
2642
41
2715
2481
2778
313
7
779
1815
2791
2600
884
1283
150
739
699
1100
187
2074
1570
2696
1860
2502
1785
2455
2341
2602
2970
834
2138
1926
1128
426
1095
1462
147
732
1618
1525
2920
2693
1721
2226
2815
964
626
2010
2273
772
1969
