51
20
82
243
9
64
48
8
209
49
2
81
62
125
24
109
212
115
141
221
17
66
189
224
104
11
73
241
89
217
7
220
152
122
136
98
77
240
4
254
244
93
12
249
27
248
90
120
106
56
237
117
61
71
65
101
34
5
47
110
112
107
23
21
123
63
14
94
113
140
111
213
214
59
226
100
234
68
80
44
96
78
236
40
87
79
154
211
230
173
105
210
160
55
198
86
26
195
108
137
84
43
116
3
215
15
76
147
39
156
6
103
54
92
32
158
203
124
199
118
38
162
235
232
204
231
194
255
50
153
129
114
74
1
253
28
233
127
91
46
97
193
191
205
19
171
13
150
219
22
30
18
196
179
186
247
25
95
132
225
102
188
130
170
190
53
16
163
183
138
208
45
229
206
175
88
245
202
67
155
176
33
128
126
178
41
133
184
200
0
239
250
323
376
370
360
342
362
320
372
322
368
329
340
347
343
321
369
351
324
328
326
363
378
349
316
338
325
359
379
367
365
336
333
375
332
341
292
357
345
356
364
380
334
327
284
309
371
337
339
361
377
330
331
355
291
346
353
258
486
383
354
287
498
315
473
352
311
350
279
465
306
348
271
289
469
262
507
282
312
273
274
260
295
263
303
310
286
504
476
313
495
471
503
366
293
301
459
453
494
455
373
505
509
448
267
490
496
475
451
460
506
298
314
283
300
297
480
472
280
374
302
483
281
288
264
269
511
474
508
493
468
261
308
272
299
420
478
268
461
294
482
257
492
429
317
456
265
499
491
502
304
417
256
344
387
422
464
319
277
270
450
481
307
485
454
463
487
305
500
424
405
358
399
386
296
290
462
385
441
266
419
416
501
435
443
470
444
389
412
510
436
497
447
665
646
741
547
683
701
687
696
656
727
641
657
686
649
679
644
538
703
519
559
728
552
716
680
658
740
660
671
700
763
666
558
719
767
555
668
675
659
698
751
518
697
694
710
674
689
648
564
642
692
743
758
571
647
528
669
705
695
678
643
650
718
762
567
565
759
682
755
670
533
708
750
677
661
522
754
640
516
529
540
563
663
573
526
667
724
546
515
690
753
688
711
673
693
539
525
651
721
702
542
541
765
534
672
726
735
576
712
766
717
549
520
633
722
544
742
517
734
597
745
676
720
764
548
584
730
664
729
632
574
662
631
715
554
713
637
733
527
593
575
543
532
537
530
639
614
550
707
761
739
566
536
513
617
748
704
749
561
691
653
591
588
587
523
581
605
752
756
562
744
583
746
731
601
569
627
553
654
635
582
625
652
630
535
747
599
655
551
636
760
623
723
