2399
1839
2229
559
1583
81
2909
2108
1196
2000
2896
2533
1720
2851
488
2050
1974
715
2507
310
1947
1128
1057
2911
761
208
817
1142
117
1040
1994
434
439
718
2634
1847
131
292
1466
1465
1745
2384
2007
1080
2403
619
2667
1145
737
2190
1042
1267
974
175
1300
1089
1132
2659
2255
293
409
2116
855
82
2435
37
0
2553
2268
266
1338
1012
1383
1633
2333
1781
1893
345
2742
2755
1272
2967
1643
689
2051
1356
2613
1694
2790
121
1061
1296
828
2109
1134
335
1403
2741
91
263
813
975
2771
1513
2235
814
2910
1224
1791
1805
981
3031
2940
2715
2853
1063
2167
2157
2395
844
2248
1209
2355
1978
142
1450
1337
1170
1961
1496
1946
443
181
709
1289
2464
819
1676
2125
474
1815
2299
2006
1541
425
796
2147
2309
673
1812
2448
361
756
1983
2456
1192
1912
2437
740
2625
229
3053
883
1642
161
1704
2159
1551
2276
759
2935
630
2907
2472
870
132
1053
2508
1313
113
867
766
2070
2782
140
972
2155
1656
639
302
2076
2199
2379
877
1759
1335
1241
1200
1372
1005
2703
1341
607
1516
713
94
1143
1800
190
1398
297
643
2762
501
527
1274
2479
3019
424
76
1256
2067
1836
1131
934
5
2908
1908
3033
990
2405
2340
2649
932
226
2365
89
1780
1879
2554
2890
2876
933
404
1703
2139
2153
195
2874
769
287
2284
917
544
2835
298
2991
1165
1509
2648
499
243
1001
2675
452
1174
616
20
810
741
719
138
1019
1163
2175
3063
2283
373
714
1250
384
1449
2258
1246
2083
2228
1141
303
1149
1074
1391
2237
1736
1783
2629
1639
1198
2192
1933
825
2960
449
1197
2834
2688
1538
1686
2410
1776
260
1521
1724
1773
1779
23
977
598
2564
1899
1711
1970
548
2671
1004
118
2304
207
508
1295
1661
2026
1276
1138
2861
1528
2503
1917
1392
1592
1503
752
1103
189
1775
1833
1554
415
2407
1619
2981
1477
2658
232
1020
2017
942
2517
448
261
2840
537
924
197
2933
1651
2766
1060
2466
2902
2311
2752
1951
269
2063
521
290
129
2779
2090
2287
576
2080
1758
720
2201
2452
149
257
2385
846
2404
1698
892
2111
1659
1155
3030
641
2301
2677
1028
2001
2114
2763
1112
1270
2857
554
1725
531
1898
108
2039
2682
481
2919
3039
1609
652
2487
1271
1987
2814
2696
2679
540
2412
625
203
2264
1939
1437
1997
1023
623
456
2947
227
1792
2460
1481
2306
256
2950
2691
2783
1624
579
1880
1848
622
2029
2791
102
2754
2532
1305
1171
285
1359
2588
522
2598
225
2860
993
1067
664
1834
2780
510
2331
2511
758
282
2603
2915
2014
120
1884
40
1754
2079
2241
273
1153
2169
1647
3051
1101
2618
1219
2242
2197
847
1268
55
1539
2187
1242
691
1320
459
2297
764
2813
1572
2425
1533
1625
1959
2290
2163
2038
1718
1442
191
1405
872
1700
1455
1726
1549
2280
680
2279
1485
1929
2393
2180
505
340
585
556
326
2058
2869
442
1120
1843
1252
69
3044
336
1865
1795
699
265
1348
2599
1981
2743
2727
757
2645
1273
2525
85
2353
533
927
2069
961
621
1821
1532
1175
811
1037
447
1636
2744
815
1201
2341
1706
1699
2041
1189
304
2638
24
2884
516
1742
2881
3071
1743
77
1059
612
1738
889
3066
2799
2627
2707
1228
1434
945
110
259
1202
2577
1263
2420
1286
1308
311
2094
812
2827
1869
350
1162
1238
2213
1582
1952
1172
2370
955
1571
1747
1389
136
2668
2402
560
2100
193
659
1126
2849
1416
515
2889
539
2375
2432
676
3020
2480
2031
1765
1927
2823
696
1282
1423
798
2527
1381
401
524
2467
1262
2075
231
1260
2282
2759
1116
3023
2196
931
755
2794
572
2995
1055
2690
2761
1849
603
1160
2710
8
1052
1941
2520
3058
564
837
1934
2440
1904
95
2632
2371
21
882
2057
1878
919
2064
1087
477
126
2838
2552
918
797
2173
1361
563
2916
2850
2557
1199
461
1823
1784
2635
1733
2336
2269
1164
1346
270
884
2572
2686
1324
2211
372
1960
2885
2351
41
2233
2595
2095
1859
726
482
528
48
2676
672
1093
34
1615
985
1158
2604
2455
385
951
1118
1021
1124
2833
1953
1829
2098
1802
2726
3068
431
1458
1283
1422
806
1928
2005
908
939
2220
338
789
833
1350
1459
2566
73
378
2913
1803
2219
1187
168
1417
1598
675
2366
1373
2934
2816
1963
704
688
1760
2745
170
2546
803
1310
1049
1542
1708
2809
2002
2951
2802
111
2537
1537
64
2870
2936
2706
1178
694
493
1567
79
2368
320
2223
959
909
1604
684
2089
2656
1105
2725
1956
1985
1343
1264
2555
793
2501
1194
1910
1529
2203
1079
2712
2215
1830
1279
2451
2205
1025
1365
1653
2381
1851
1674
1221
546
762
1382
2750
1669
122
513
1096
1000
2858
1608
1955
1355
962
332
347
2898
2430
1873
1648
1925
1918
1075
1818
2123
891
1339
2360
2438
2128
1431
703
663
581
1644
2416
444
2137
1317
1046
910
1923
1106
211
2143
383
1038
1580
771
1318
3064
921
2382
1798
1920
2903
3002
1769
1188
1010
2492
1394
2711
1600
1574
366
2329
1230
820
2565
172
1680
2623
2166
2170
313
489
2060
514
1478
749
2144
3008
1033
1864
2643
2151
1385
1127
1511
2717
1091
1332
1603
2117
2254
153
2930
308
397
3
1526
2929
1185
242
143
3032
2589
2608
2150
2797
98
851
2655
1454
1545
1921
1894
158
2785
101
753
2678
2120
765
1444
2174
2272
2346
2694
1384
414
2165
1298
1181
2801
212
2652
1495
2146
1594
503
614
876
2035
1942
1543
1749
635
2193
2441
2728
1709
1421
1064
71
1041
2129
1701
2062
1589
1690
1621
2107
2616
2065
1492
2457
1072
2210
2097
708
3016
1807
683
849
1393
59
1066
804
960
1460
2747
624
124
1281
751
551
3067
1840
1957
1871
2208
2077
2473
2871
2689
2256
2345
854
1386
912
2938
1092
588
1696
1654
186
1655
2601
1086
2310
980
272
1681
2753
2561
1717
1748
2298
681
826
1531
1293
1556
58
436
3043
241
3007
2443
2246
1266
339
2540
602
2519
2424
1663
484
2548
1975
274
1251
620
2074
62
500
1261
166
730
1885
648
2044
1082
1376
2162
2378
594
2391
1136
376
2897
2243
2756
2925
821
946
2666
300
2484
1186
739
843
1315
1806
2093
3057
1597
1581
179
1436
698
2459
1451
2389
1069
1547
1325
754
1415
2999
2099
2839
525
2749
2976
1404
2239
827
1649
1740
2206
1177
1536
1932
2141
2025
1702
188
432
1828
1470
353
2335
2891
1587
430
1559
831
2156
1307
2016
2446
359
1184
2957
476
2966
458
2202
1347
375
760
1853
2580
1778
1483
2364
2521
2888
566
2305
29
1691
599
2349
1804
1814
898
535
2354
780
2769
2490
1218
1424
1522
2160
2489
2584
479
2293
915
2735
1036
1954
1047
57
2807
2053
1094
2524
2942
717
423
1236
2644
970
2924
687
162
799
2560
830
2664
1693
1578
3047
840
1222
1670
2367
30
885
1502
928
2539
1534
419
1945
144
251
529
2059
2922
1657
2265
868
1280
1527
213
2954
2227
2348
1943
165
2408
2358
802
2326
523
2805
738
1497
63
236
538
743
941
2357
768
150
134
3056
43
2848
460
157
1573
276
2812
2263
2977
471
2149
2337
99
1678
645
1234
453
823
880
2294
2732
700
615
686
651
776
410
2998
2289
1739
2879
1535
1216
1520
3025
1710
562
1868
1808
1866
1569
1863
2904
2428
1425
1027
2500
2442
2699
1278
351
2775
545
2529
1168
116
899
1034
1077
441
561
2894
1980
2968
2124
1588
2530
283
1244
135
2127
1856
107
2023
2158
470
787
2302
60
1085
1645
2796
480
853
790
767
567
174
1966
750
1400
210
2004
106
490
732
381
1427
2621
2646
2542
657
469
2312
1326
487
2257
1206
2377
1750
2119
38
1563
2260
727
2499
2267
96
15
2597
1500
589
2985
1115
1058
1098
936
773
2161
17
2953
1364
2212
2622
1860
2880
2245
3065
1525
1892
3003
1277
2579
127
277
289
1579
2636
2650
1443
1602
171
3014
159
678
291
288
1883
2528
995
2731
348
692
2392
3026
2570
2330
2471
1035
1819
940
2224
1323
1735
466
534
413
100
75
1822
1593
2723
1550
2687
1468
1999
275
1406
2778
2700
253
2250
2949
947
2222
565
2808
1546
1909
2641
1992
427
894
2624
1993
923
835
2185
742
2398
1476
2551
467
816
958
610
370
1388
542
2101
408
2011
2863
1159
1285
1576
244
321
196
392
1448
2918
2236
2372
1438
1882
859
1817
1900
666
1472
67
1607
988
2729
1180
1930
2376
9
1763
2320
2590
2615
512
1487
552
2071
1269
152
2932
398
2544
2453
1139
1290
920
2605
334
506
2923
1612
2461
2917
1682
219
2708
956
1886
574
2510
2214
1378
2231
1068
530
1377
1011
214
1002
711
1616
583
1721
2901
1148
569
2611
669
2485
10
3038
795
2003
1857
185
2825
2969
386
25
2204
2758
631
2831
2040
2522
281
1854
1169
1205
770
3021
992
736
1130
1729
2972
2920
2186
2811
864
2792
2328
1666
19
911
1762
1716
2387
2538
1379
2961
818
1223
2194
3018
1191
137
3061
343
1231
1015
2454
2810
807
2189
2593
2249
464
1369
1488
2693
2541
2948
1193
634
2032
1719
1620
2633
2439
1352
1480
2092
1671
748
922
2414
869
878
1217
1962
2585
146
1705
705
595
1255
1461
1672
649
1629
2982
328
2543
2837
3062
1017
2447
1677
682
1292
322
613
155
486
68
2556
3069
834
391
1102
2504
1396
1766
2009
2661
2200
2558
2086
2486
2494
2458
2319
2971
879
233
2669
1176
1968
312
2474
723
2534
2110
2829
902
861
2631
2793
2221
2937
1971
953
438
1874
268
2684
2091
2431
1813
900
1835
2118
1440
2573
1353
1114
2281
2033
1233
2630
97
267
87
318
637
734
3024
1498
2571
1083
2815
667
557
2651
1816
2640
2427
3070
1354
1107
2465
3036
3035
2506
973
230
2804
2765
66
2291
1517
51
2841
221
1243
838
88
2066
2842
2514
1439
1771
636
573
2612
2718
178
1432
1916
2422
1099
976
1195
2701
123
668
731
417
1409
1239
901
1469
2477
2639
1056
2867
1630
31
1220
2720
1998
577
2592
496
2419
2844
1125
822
198
1097
1237
677
674
2619
7
1358
235
2900
1688
2122
1100
2776
2843
2980
1687
2429
390
2990
2984
379
1855
3009
204
331
570
873
584
1008
35
2394
2820
445
1304
906
2734
1888
28
258
3005
1564
2609
2181
735
2515
2078
1078
1299
2481
2315
1157
1692
836
2578
2877
728
642
133
2986
2104
706
90
1675
92
1722
744
2873
1154
2993
2046
330
1877
2628
1890
1964
1504
763
1294
1679
216
2433
721
2037
1512
2321
2182
989
1757
571
50
2962
1949
2177
395
1617
536
1429
2
1039
403
1464
1150
2327
435
1575
450
1505
382
1695
2931
128
1737
553
2105
2369
800
2594
218
1030
890
402
1306
468
455
555
1210
2274
1302
2545
2926
65
2383
2295
278
2225
2188
863
1248
1794
1110
782
1232
660
866
848
1287
1117
2523
254
1599
2030
2862
1245
446
2906
54
1777
323
653
3049
2112
1940
1084
1665
1761
1426
1501
2426
154
2672
1924
1507
1360
647
1490
2737
2217
2409
1370
296
1627
2692
264
2179
356
4
926
2498
582
693
1161
1076
180
1301
1491
367
1825
994
772
1227
2637
399
1349
2374
125
1314
929
2363
905
1133
1328
1043
112
609
156
916
3006
14
809
881
1937
2596
2047
114
1044
1026
1351
3054
2781
3050
1728
2992
1446
778
2536
1586
1820
1
405
2417
784
2401
2642
2581
606
1935
1123
83
856
86
1208
2061
494
2130
2275
1827
280
695
1494
991
1584
74
601
2072
733
1363
1297
1632
2413
1646
665
1683
2964
1419
1931
2152
2996
2042
2463
1922
2958
785
1727
1265
944
632
996
2096
380
629
1623
1557
1523
1650
2821
2087
1140
2462
1203
341
1996
3013
558
2324
1303
2495
1113
492
2483
1782
183
862
2013
1390
1965
1462
1566
1832
2868
1606
966
2575
1108
1288
2148
791
2721
2273
1903
1895
1284
463
2988
2373
1881
1887
2356
1334
930
690
2400
1441
1948
1552
1756
314
394
2084
2176
907
2665
1291
774
2607
841
1018
729
747
1003
192
2082
1561
1664
148
2285
502
679
3012
2846
950
1989
1179
1634
1746
2787
2502
420
3001
716
70
2952
1950
2397
412
2390
1182
2563
1447
968
2663
2714
1111
710
2738
1861
1741
78
1889
1329
2709
2764
2491
1410
105
2338
2818
2423
1433
2318
324
2978
26
3017
2262
1088
2198
3052
1508
56
1990
2939
925
2965
1486
1764
627
72
2022
541
1452
1081
1249
3029
593
600
2680
2826
365
1331
2657
199
857
1967
418
416
1568
2020
1474
2569
2323
2757
1995
1515
725
2994
1862
1257
1919
982
2386
145
451
670
2308
2259
362
1510
1345
1896
2653
215
2469
520
223
1986
2722
