2103
2062
297
1723
2846
2678
3045
794
1152
1662
2371
205
2189
870
1688
505
1525
1197
2675
1880
2465
2487
326
2007
662
734
1913
975
228
912
1835
2336
2772
2523
280
978
443
2898
1413
1484
2031
1605
2824
2753
767
1016
220
1585
2924
2616
2548
2706
923
3004
2575
1553
783
2887
825
1138
694
962
1753
229
227
1915
1402
160
59
2204
1013
1338
85
2022
1536
1041
1038
2806
2224
2828
153
1526
293
1866
972
956
55
2291
2400
1383
1420
2166
363
245
2672
2387
181
1847
2091
1834
2662
2537
451
908
2701
2223
2667
2230
971
2975
76
2733
428
2666
1812
418
77
2067
401
2821
2962
3053
826
949
1533
1183
918
2728
2178
793
1155
2048
1027
1128
761
1791
1185
2660
1459
1434
1114
1134
2686
2739
2551
1235
2005
322
986
1699
2319
1746
468
1853
2860
2322
1081
1956
372
1655
1408
2618
1796
1818
1562
1701
194
1597
221
1163
2913
1019
2564
2608
1715
1087
259
848
548
476
171
3019
2797
2138
2574
603
1951
339
3016
1988
332
1724
31
183
1264
210
209
895
187
2075
388
1841
298
2338
1961
1422
2622
2327
2402
2131
2634
2474
1256
1176
1407
1798
389
1641
122
1451
2834
2136
2086
640
1905
926
1261
288
374
1487
710
1469
1498
2707
768
127
1627
858
2500
2719
226
1539
2380
1262
393
1208
933
2636
2205
854
2793
957
2378
28
1705
397
1895
2674
446
1021
763
3000
2420
1716
2154
1744
786
2820
1167
25
2454
277
690
2532
1118
2466
983
1006
1855
2699
2609
2063
1341
1923
292
3055
733
1349
233
2280
928
2226
1049
2888
2552
658
1075
3044
1289
2213
1358
2153
382
2642
302
356
1110
2391
2509
516
1440
1929
285
2981
1759
2583
116
704
1133
3040
2206
693
1361
2763
2198
247
225
66
1094
1967
1541
61
769
627
2035
1096
1837
1202
1820
441
1970
2693
491
2270
1112
427
1889
110
2300
2148
2245
2344
629
1436
143
1159
1565
2236
2253
1249
2923
596
2059
1147
2876
2909
1360
2926
2665
682
1306
2074
2399
295
2110
1278
114
575
1221
884
130
113
2460
1675
2117
2906
1106
2001
2601
2381
1082
157
323
1948
479
2556
3024
311
1008
2277
824
420
2177
753
882
1101
2708
2259
2804
2762
2958
1944
2281
1774
590
284
1575
1993
1055
892
1825
1548
1232
737
305
1610
994
2777
1429
2115
1506
2364
90
2194
222
692
727
2398
2691
2020
2907
176
258
1314
2082
910
982
2271
2817
1480
1475
1873
1938
2512
1182
784
1996
988
2450
837
2422
1381
3041
743
2875
1529
106
897
390
1243
984
2116
78
997
728
2294
2393
2385
1844
1921
2467
2554
1415
2456
2927
386
1838
422
1156
135
2038
1722
866
2717
1310
3061
1740
2320
2871
579
2956
1258
2073
496
818
360
124
2124
939
703
2602
9
1489
2653
1667
2342
1137
342
2531
2569
1327
235
3005
1852
2715
2334
1586
652
1351
1786
1611
190
68
1479
2216
1897
1569
587
851
580
2264
2659
200
1296
1650
1959
838
472
1803
2992
89
2351
2347
2425
1144
628
974
2090
2099
1545
1097
3021
3043
2823
2572
1281
62
1901
2714
2990
1060
1322
1405
208
2953
2085
2185
2355
2623
2643
2930
2965
2374
1300
1906
73
2744
2458
2042
1685
527
1088
697
2742
1785
913
535
676
91
663
765
1142
92
2633
2641
807
1104
2463
3057
2061
655
2268
1337
2106
23
1404
2774
49
2027
224
732
2229
550
1017
2123
2771
2870
3026
820
581
1563
1867
2914
2282
696
2036
2011
2234
107
1777
149
1255
777
2787
835
607
717
2541
1633
1180
1784
1411
1507
494
702
525
1076
2065
2196
1078
1201
1171
22
860
1738
215
2107
128
29
2263
621
968
1153
2384
2167
2835
2883
1600
2630
269
2292
2024
545
2111
514
1942
2848
1468
1160
2251
115
815
2595
1273
1886
3054
586
1121
1465
1962
459
438
1560
2578
2694
1447
30
105
1764
328
2475
1590
2985
605
1559
1902
1734
1900
43
584
1783
484
2571
2553
1544
1050
1881
2579
2492
2361
1642
1704
675
2805
250
262
683
1395
1248
2489
801
862
2690
1293
2765
1678
1997
2559
2187
2713
534
1037
2401
1907
1691
1370
1884
1981
2722
75
2041
1601
1198
357
2362
1288
1014
842
691
2436
1269
2515
751
238
488
925
2732
1397
2233
651
1969
1894
1936
1186
937
3058
2646
471
2781
139
1126
686
2305
2812
1804
1324
1891
67
2244
327
1549
907
2444
606
1799
1805
2225
2603
1659
423
1995
2543
271
2053
1505
955
827
432
294
1213
635
1425
922
821
513
189
1909
276
1521
2858
2861
63
134
166
700
331
764
664
1840
385
2108
2837
927
2976
1164
1250
3002
902
179
2057
64
1875
2249
2100
2341
1418
1251
2255
776
1696
533
2418
13
1260
2916
1763
1537
2256
1819
2518
1639
1210
871
248
738
731
2977
2712
1157
2118
79
1403
1698
2511
2880
885
1493
2370
1464
368
729
467
2484
448
2395
1815
2210
1122
2584
2652
804
766
2190
2396
1694
1287
1161
1510
2296
178
214
3003
2028
2696
1085
625
1849
352
2983
2957
2587
436
1987
392
1983
2192
726
1068
1955
1066
2220
2330
1745
2419
2077
2307
2791
2405
3023
859
158
1371
404
1846
1259
1614
3063
1023
2879
1491
1456
2615
1330
1445
845
1842
639
577
1466
2080
1116
1024
1695
2250
2333
2482
2079
1710
2658
1922
504
1829
199
2528
1302
195
1836
2586
560
3071
2767
2525
805
1830
896
104
1257
1203
1339
3065
457
0
2379
1542
940
2581
1461
2573
1222
286
1276
1980
1623
959
1028
2664
1770
591
724
990
2490
554
1883
1113
2350
2851
1059
474
252
847
588
1272
1162
454
40
718
2621
646
2252
1788
1410
2784
2211
1323
87
1831
202
709
2897
1728
905
162
236
1808
898
2627
1540
942
39
980
705
2974
2844
481
2822
359
1366
1304
426
2790
2758
80
2473
1668
383
778
2640
935
353
376
672
2323
1084
191
1478
2260
1004
1140
172
1174
2122
2283
2895
2863
998
2878
198
1015
970
1612
759
1035
1946
2126
2502
2775
950
542
2087
2971
500
1630
819
2818
86
2698
1139
1132
1862
760
1911
2921
2442
167
119
1692
1005
1046
839
1352
2766
678
1
582
1318
2008
207
891
2576
3069
2611
1091
1813
1518
1864
1463
780
219
775
475
18
685
2037
1141
2310
2650
2313
1421
904
2852
1771
2567
2455
2738
2397
1067
561
1572
1952
616
595
1896
888
2684
1546
1719
1488
944
1707
54
796
1426
840
2705
747
81
3064
196
2356
2097
1947
966
2947
1079
1074
108
159
264
914
632
931
1439
2222
2562
964
806
2329
1665
3038
915
680
934
2066
419
2550
2807
2449
289
2789
2139
1331
180
2520
3007
1428
2746
1587
1143
340
1860
2025
585
1754
1336
546
2853
2088
310
1047
2590
2266
1172
1364
1616
1282
2680
880
2813
701
2593
1974
380
1477
1032
2850
1872
3001
38
2589
1673
1602
482
2195
2497
281
558
1284
1224
2534
415
2868
3050
1772
987
1758
1736
556
1708
1409
444
2242
2614
1446
2076
611
506
1711
2171
1634
2328
699
2202
601
1044
2964
1376
1654
2849
1367
1398
2597
1898
2200
2689
463
1125
829
1793
344
520
465
41
1432
156
1568
1295
1072
2471
539
1760
2404
2050
2996
60
1826
1709
1839
1621
2918
1945
2434
2017
1957
2030
3020
1626
1609
1935
2052
347
1220
425
273
2084
1762
2679
2723
320
435
1579
2159
2984
684
945
1441
1303
1865
1219
2303
623
1742
3022
2369
1930
2513
713
1672
1674
615
1419
1737
715
3051
771
1379
2967
336
2428
3036
1267
1437
2383
2218
177
1369
231
1664
111
2184
2010
995
2760
2736
2392
1344
1567
1354
890
813
168
719
456
2982
1564
447
1992
521
1111
2892
1064
1953
192
2588
2352
1486
644
1979
1179
583
163
2535
2046
2170
1233
2299
1635
598
2021
1362
2720
1523
2274
544
2238
169
1146
239
2412
1795
1989
1438
2453
2904
2604
94
1731
2607
782
2845
2257
1960
809
2237
612
1928
1976
1749
3046
1098
223
1589
58
1700
1869
1148
1325
473
785
144
2905
604
2505
1062
1036
2152
272
2339
201
431
2891
1857
2800
1861
1031
1020
411
1640
4
1150
2577
1832
1145
112
429
1810
1727
461
1086
2175
57
489
2724
495
3048
1109
1870
811
2488
941
2232
1876
1680
2183
2137
689
876
2496
462
2423
1877
1199
350
1460
2491
1809
2922
2700
2494
1092
803
405
1851
1481
2146
2203
889
1878
2441
2389
2013
1515
2580
1910
2903
394
3008
450
1868
953
2959
1240
1817
1750
2882
2721
2193
2495
2663
1274
1217
1631
930
2503
2228
797
563
698
1517
417
917
2873
1940
2530
2933
1223
300
2829
1904
2481
1030
2949
526
2741
707
486
511
850
999
2212
2326
2669
2966
2654
1681
270
490
1225
1532
1363
800
301
671
255
1588
234
1115
3059
1290
1686
1057
3
2644
1108
1291
2764
1334
253
2373
2625
2157
992
501
991
1550
617
37
1977
1001
1965
129
2426
2427
2416
642
1811
856
445
20
1714
2598
712
567
529
1268
375
758
750
1578
2529
1236
1452
1346
2747
1925
197
1653
349
1547
147
1340
1637
2538
16
1424
2928
1204
2199
2549
2470
398
2039
1181
391
814
1285
1406
317
2979
1380
1833
1949
924
123
3032
1591
626
2247
32
919
330
2565
509
1573
2240
1192
1297
243
483
981
265
65
2311
2308
1474
1043
2950
84
540
437
755
822
1920
2317
781
148
2298
53
2407
47
174
1263
1151
1747
2150
656
1472
1773
1767
2952
1752
649
2542
21
1649
499
2346
267
74
1333
2278
2591
318
836
1228
852
1039
355
2836
947
2896
2872
1739
661
2448
1384
789
2023
1305
291
2009
3012
2963
1954
688
993
2755
1607
1761
1209
2810
1123
920
528
1501
1972
2743
2968
757
403
2158
1388
2894
619
1748
2149
985
1090
564
1345
2798
2991
1703
1083
2854
1985
1582
893
2161
396
334
2794
2273
1158
1131
1519
170
2592
1033
3014
2716
1400
936
592
874
3042
1557
531
2476
901
2243
2241
242
2302
366
1448
2485
714
56
381
2376
669
34
2877
161
1393
2536
1514
2761
2359
182
2969
1858
1313
1594
1950
557
2051
816
1583
2068
1939
853
1871
2191
498
2155
1482
1365
1385
1193
1535
362
2638
1326
83
1656
251
1061
2649
42
1119
946
2935
2125
1924
1443
333
1191
855
2993
883
1971
1584
1396
1823
1378
2819
100
787
3034
2182
1801
1455
756
319
1874
2596
1999
3025
2702
2055
779
1343
2430
681
1528
523
2815
424
1000
963
2637
384
1317
537
578
722
1782
1328
257
2246
2779
421
1963
2377
3067
2709
2403
321
1934
2414
1912
841
1045
1427
1677
2058
1430
2999
1566
1189
2677
1414
2332
872
1504
1787
1500
1231
1483
2908
1619
146
1797
1168
1555
1218
969
206
2582
518
2452
2988
532
480
1279
1577
2101
1766
1458
2349
2071
1968
2290
218
979
2279
1516
2163
2889
1211
2306
2325
989
1984
899
11
470
1277
1580
1245
2778
1638
961
1070
2682
1029
1117
1095
832
1056
2917
2335
2186
740
1647
2606
1755
3037
2188
145
674
1622
2132
2945
361
2018
1732
2516
2002
2217
2510
2911
1689
1576
2415
515
2160
792
2089
1509
2647
1670
2094
2748
2472
15
455
868
2745
2457
1353
1442
487
1178
2432
440
17
2337
2527
1073
2890
565
2056
861
1135
1022
643
951
602
1551
1244
2318
530
1620
2114
283
742
1717
879
1854
1127
204
3039
260
2757
2096
1294
720
103
1966
2469
1450
185
478
2102
2506
2272
1227
1879
2064
1077
2287
2555
2703
2507
2661
687
864
2912
1319
624
175
622
216
2994
1453
2304
1843
1433
387
2493
1252
1467
2388
2016
2865
2972
240
2145
1613
2504
1386
2729
2521
641
645
1800
1848
408
2803
1312
2083
1100
341
2995
3060
631
739
706
2526
2740
131
711
695
2612
1885
1003
1850
2558
1321
1002
3033
2164
2413
3028
2941
314
241
1776
1522
1089
2411
573
877
2987
2839
325
1054
1356
1781
2617
1721
3027
1751
1530
2937
469
1238
2673
1558
741
1780
746
1931
1726
345
249
439
749
3031
2078
335
2838
493
2104
2620
2276
1617
2692
1538
2169
716
1502
1636
2811
2033
2446
2275
736
938
365
1207
1899
132
14
101
2749
2239
1859
1120
1435
1676
2214
2121
552
1473
2231
492
2113
2129
659
519
2639
2297
1099
1933
2862
1790
774
1048
1212
2408
186
2357
303
2726
2354
2382
1821
752
1503
1918
538
2093
830
1932
2874
650
413
173
232
2438
2561
1513
2915
1495
1490
1471
282
117
1040
1596
1592
2655
2668
1065
2135
1657
594
754
2081
1604
1283
2605
1652
569
600
553
3013
2179
2026
137
1280
442
2372
668
1599
2047
2443
1671
571
2424
613
965
1828
1496
7
1431
2461
211
589
2841
2034
