102
79
101
75
105
69
100
87
67
88
107
73
125
104
112
80
116
103
81
118
123
15
72
71
6
84
96
90
85
61
21
82
106
109
58
62
94
117
65
0
13
114
36
92
121
137
93
119
12
5
113
53
172
74
41
30
33
86
95
60
38
22
37
64
27
45
26
142
31
70
97
2
34
7
42
91
89
20
177
124
170
57
76
236
16
120
163
157
140
63
147
49
205
48
129
133
56
4
10
204
11
54
111
46
139
222
143
19
68
126
50
3
115
146
156
209
166
206
99
200
168
197
183
160
59
18
237
253
255
39
110
14
78
47
245
213
162
230
128
40
184
169
208
251
132
136
179
181
191
238
173
247
144
226
246
161
194
66
217
218
23
195
25
232
150
176
29
152
225
43
227
244
180
154
249
239
211
44
193
165
215
131
202
145
185
241
178
234
188
212
214
201
406
288
354
313
428
270
444
261
410
259
385
304
422
398
368
276
344
403
424
343
433
284
282
329
265
391
331
325
408
440
316
341
272
262
441
409
438
353
436
386
421
281
442
447
499
339
336
268
427
363
418
271
274
277
395
260
273
393
423
412
482
337
407
301
445
297
358
307
488
396
417
402
426
372
502
256
352
413
431
470
351
266
443
299
382
267
308
384
374
362
461
322
278
475
275
450
367
394
287
342
258
349
456
379
377
340
364
338
429
483
290
347
400
323
371
434
327
411
309
365
498
324
373
294
481
432
286
312
321
479
466
280
468
330
505
359
315
380
300
311
419
310
320
366
430
302
334
511
389
472
381
484
469
376
487
348
387
333
346
356
415
317
446
494
509
503
506
285
496
296
401
319
361
476
451
289
357
375
480
306
491
392
474
360
279
460
383
508
490
485
507
467
530
640
679
658
531
680
553
703
699
554
660
669
661
544
565
547
676
662
570
543
701
519
647
686
704
566
697
533
663
747
694
681
638
671
696
667
558
631
682
652
687
568
675
690
560
692
739
552
691
548
538
648
605
651
737
545
758
688
721
608
573
627
678
514
665
539
525
766
557
576
655
537
534
711
659
604
715
695
705
684
683
706
732
601
724
609
521
629
603
572
540
535
520
564
625
664
529
738
657
653
518
517
546
719
528
536
729
717
561
562
582
755
622
614
708
674
615
619
689
633
589
709
764
611
677
643
522
767
594
642
734
644
516
559
524
735
656
563
639
746
685
748
710
670
756
598
555
588
673
742
523
745
736
569
612
578
571
596
646
723
515
617
751
712
618
532
526
749
728
752
741
698
626
579
591
549
672
761
750
733
586
590
606
632
753
765
668
744
623
740
641
693
