67
65
99
119
115
90
96
213
208
125
84
103
211
79
88
218
193
251
70
248
126
82
38
94
195
235
117
81
198
59
2
10
108
95
15
69
254
75
222
98
227
123
168
71
66
245
196
113
220
61
186
21
41
76
105
16
209
54
153
40
135
100
221
8
74
49
34
214
118
56
35
234
255
203
192
182
233
178
253
202
112
240
92
249
232
5
20
174
46
197
7
216
191
146
224
252
27
116
19
127
189
83
51
160
33
205
23
242
78
62
215
201
13
176
175
36
63
229
142
237
124
4
55
77
44
133
64
163
104
57
12
50
158
144
114
122
47
194
3
97
30
14
207
6
120
181
31
238
183
29
45
111
39
157
140
149
28
58
22
43
24
17
60
159
164
171
156
165
173
11
141
139
1
199
48
42
166
0
204
219
26
172
136
110
132
151
180
72
148
188
190
155
296
295
319
260
306
271
315
302
309
375
299
298
283
354
267
307
258
288
287
376
290
318
272
262
311
264
293
289
350
256
336
328
383
382
305
332
261
353
286
367
349
347
285
303
263
314
341
297
378
352
265
368
276
327
447
300
294
442
361
337
365
441
321
374
346
360
274
338
313
281
316
304
320
355
380
339
426
445
402
340
357
443
301
399
405
397
436
345
348
257
425
477
400
417
435
434
427
387
404
384
379
440
377
331
429
292
439
385
342
467
444
393
430
401
395
389
344
364
322
273
420
268
329
390
408
476
403
482
359
418
323
416
310
282
392
431
373
437
372
362
278
432
473
280
428
421
312
388
502
471
472
371
394
461
324
459
446
334
277
497
291
498
438
468
456
414
464
419
335
483
450
381
488
396
409
433
458
493
510
495
406
508
412
470
269
491
423
333
270
386
369
484
675
640
649
664
692
648
547
678
535
679
651
674
518
574
657
641
676
662
666
733
686
541
569
699
562
738
750
516
561
519
659
701
669
540
685
697
665
555
646
512
680
553
743
524
652
711
556
645
554
514
702
548
688
643
751
668
730
573
654
551
572
542
543
536
521
700
744
650
527
663
694
731
756
660
740
671
517
534
619
565
642
590
706
522
544
639
703
656
677
552
566
714
520
644
661
682
698
762
707
560
722
704
595
755
598
592
695
723
528
735
558
530
746
570
603
687
721
617
587
612
757
578
620
637
725
716
673
765
515
630
753
593
604
684
734
708
767
632
577
647
625
586
758
537
710
584
523
606
568
736
559
615
631
621
601
539
610
760
638
739
623
709
571
607
613
531
670
576
582
628
589
591
717
636
616
672
690
614
763
713
608
585
629
575
609
596
594
580
618
583
633
567
