948
1676
742
2004
806
1391
2095
698
1326
812
1667
2357
3064
2256
1819
1233
561
2992
1353
2206
846
480
1785
727
1911
3063
679
1921
2479
1784
580
864
1813
249
2333
1511
1435
2116
956
408
2352
577
1590
2360
3027
2799
1804
357
1532
2162
2289
86
2556
2386
2071
1570
2319
668
375
2523
1684
1477
2055
872
1640
1000
1549
619
2858
2599
654
1504
526
1585
2755
336
27
157
1027
2448
1533
639
1513
559
2619
1734
2700
932
1867
2876
723
1201
2806
1246
1718
2692
916
551
1860
1141
356
72
40
1857
2033
936
1531
25
2886
1579
2340
1222
2002
1151
1448
2487
2414
2029
1066
1146
2182
2134
1563
1796
521
2404
1243
1753
2475
7
2094
529
1129
2597
238
119
2853
378
2823
2568
2908
167
803
808
2400
1518
1900
2961
628
2528
1231
1036
2225
1980
1180
801
2509
2945
2931
1450
153
2243
1319
138
1862
1691
784
2549
1165
2084
64
186
1600
1541
2846
1501
1076
2295
2120
637
2187
642
2731
1723
1607
2943
629
2532
1648
2024
1077
173
2247
2587
2884
842
2676
1602
2301
1369
2518
2472
49
2778
3058
1695
489
1181
565
1198
2926
3038
2902
144
869
713
1160
1379
2817
1625
2030
941
479
2068
2874
296
2244
1421
520
632
1522
751
2019
1489
2654
89
2092
1236
3
733
665
1508
127
2573
1010
2462
2382
2065
816
1587
2602
1364
499
646
441
2292
2298
1022
706
1108
410
1061
1705
993
1668
2911
2872
686
888
417
325
1534
985
171
389
274
443
1818
1891
1309
1571
250
1699
2169
1134
1662
353
1374
2240
1873
621
2727
2583
861
2008
2567
2953
951
2788
1744
1086
1975
871
2885
2581
1422
1893
1767
512
596
3012
1958
205
333
3026
472
2212
1655
549
1636
2998
2672
785
484
1424
1345
329
2264
98
1686
2631
2149
1725
2550
1951
1395
1031
576
1109
651
2308
2168
2014
2430
2005
570
370
718
3043
1339
1876
2346
1444
2200
694
2164
351
2928
2450
1019
2761
807
197
2270
1493
2445
1703
685
488
1177
564
1469
136
22
1937
661
1380
2725
1807
721
1976
2215
2296
279
196
908
858
1085
1979
2855
2815
2236
376
2620
148
1189
1153
1074
165
2323
2246
1931
2745
1490
1915
1849
1934
2207
1729
1629
2177
76
2028
2125
2888
69
1995
1619
1749
1030
90
779
2223
439
1125
2417
958
2841
330
2686
81
468
937
17
160
1021
1731
2101
2500
1114
1528
2211
3007
2262
2494
224
1635
944
2997
67
2048
862
1210
2818
2464
2904
1474
2566
1285
2993
1683
1942
655
419
2283
334
395
2535
630
924
2152
1120
364
2061
237
411
158
874
1586
2629
172
2420
2106
976
2689
2773
2659
2096
1564
2822
1416
2219
2175
1087
1544
1851
96
1260
438
2658
599
2651
130
1783
845
2944
373
856
147
2622
3070
2829
513
2114
2958
309
2388
2368
972
2838
404
95
227
2644
1216
2406
2398
2276
2213
324
235
2254
1603
1073
16
1390
2409
379
2865
2268
707
1567
1814
2205
2750
388
2987
3024
1649
1262
1241
1781
2351
343
2210
840
676
2603
2107
2859
374
1401
42
705
818
1229
2203
2133
1041
429
493
1865
1542
1132
2505
1889
217
1821
267
1822
2432
2862
1162
949
582
1843
19
722
2195
245
1634
1682
1953
284
1193
3055
800
3061
1425
968
1708
1509
558
1660
1188
1553
756
337
1143
1302
2614
495
699
2637
2749
2341
1363
678
2825
169
2964
2976
2633
724
2370
2746
2668
2638
799
1429
754
867
455
1215
427
1957
2797
780
2261
2471
899
1080
3005
546
305
1317
1135
2328
2282
1777
2777
23
294
578
2147
783
3013
860
690
1089
2355
2108
1413
1742
2499
1966
1736
293
802
2526
12
1224
1986
2696
2144
260
2857
1566
1092
2616
1698
1461
2202
1758
1524
3033
3065
386
636
1173
1104
2594
135
1048
1886
2721
2265
766
3004
1887
1480
1855
1242
2280
2733
2559
129
1016
979
2798
34
292
276
1581
2481
1621
2897
2171
2497
2595
2772
1616
2734
500
1661
2010
946
1652
1384
1599
1963
498
2816
866
101
1922
771
763
1499
1799
1110
1307
1641
980
1639
385
1414
1336
2973
1377
1535
1250
137
176
540
2482
2634
2339
2551
320
2529
1776
2947
947
452
1208
1291
2473
2115
4
849
2937
2413
2338
1687
1042
824
1183
1601
1808
398
602
2965
1407
2613
266
1214
1506
3049
406
3028
2729
390
900
710
1256
898
2699
662
310
1255
2774
1113
720
772
2043
2347
2490
231
2661
1733
2785
709
2387
1537
2969
2742
663
1617
2991
1383
1875
1265
2079
1923
590
2359
246
1881
1850
1631
2988
1338
1890
1574
1220
102
1100
2325
1588
1573
1213
2305
47
978
2922
1967
2694
1812
1595
301
1797
910
1277
2830
433
1329
614
2541
1078
1286
1883
1228
2365
2940
1232
2950
1053
581
1840
967
134
1174
2435
1670
2025
342
1912
1706
2744
1955
2852
1278
2854
2278
2493
868
2887
765
159
604
3046
2530
2369
2015
2525
2415
210
2933
2687
448
1551
1017
1669
1961
1519
2060
2844
313
2221
2845
987
907
2073
2192
1325
704
59
1987
1332
2489
109
1913
1367
193
1386
2531
1996
1928
212
263
843
1304
1693
2412
418
1001
2170
2564
180
384
2878
915
1650
523
1313
1357
1452
2128
2447
960
132
156
1
2982
104
2321
200
3023
2403
1906
764
253
1834
2259
2257
1320
434
225
1156
65
1620
1919
504
515
830
2791
693
178
2318
2708
1457
1328
574
131
2255
848
188
1738
155
875
773
2303
2800
3015
1239
1884
2524
2373
934
2843
2407
1492
221
2593
1006
1825
1253
2165
2607
239
1844
1158
1056
1149
405
2176
182
2425
1679
2423
1248
2624
2660
1545
83
2045
788
2915
2384
1568
1119
897
2508
1773
1645
1118
1791
981
1090
1478
922
1441
1802
1335
2336
1059
2579
2601
2281
141
2139
393
1974
492
2077
1470
2807
832
998
1420
2582
935
1247
2796
1562
1344
2646
680
1722
927
303
2156
1144
633
2949
1471
1258
2709
795
977
631
1525
836
285
511
1597
1762
940
1724
174
1116
151
794
432
1366
1081
1419
37
822
610
2572
1870
367
1327
2189
2690
1578
2449
563
774
2836
402
670
3062
2698
1829
587
1737
669
3042
2670
1615
2519
1433
1920
2140
1292
586
289
741
2995
767
223
118
2231
761
1044
880
1565
306
1941
2234
789
1702
3069
1321
2794
1898
1847
1962
1826
1409
904
363
533
886
2919
2086
1594
2639
892
757
1657
893
975
1613
634
1605
1067
2939
973
2155
2828
1589
2682
746
2880
1656
1282
1310
297
1011
299
1610
1854
161
1043
2539
1155
1765
2135
1604
553
1170
2374
942
2793
745
2842
0
566
219
2103
1029
1710
1370
1356
2732
2026
901
471
466
1343
1057
1546
2516
1637
2422
184
460
1864
1833
2562
360
91
1989
2394
311
116
1707
778
2890
201
1035
854
1261
1315
2918
837
280
583
2814
2847
1869
2235
1197
1038
1107
2166
819
3017
1863
57
2684
607
2866
1633
554
1830
2780
444
204
938
442
1627
539
1768
2322
401
2702
592
3030
2233
1856
541
2711
1272
2297
1202
14
2361
957
2962
62
2978
2999
211
2979
1520
2109
748
2643
1917
1653
2941
817
322
2349
996
1688
2102
1423
827
2792
959
2752
11
2058
2127
1306
1396
1137
1406
2411
2199
1497
2983
712
3009
117
953
323
1527
2006
2421
2925
611
476
446
2018
792
3003
1126
2209
1284
2970
298
85
1745
885
2833
1899
2695
1557
275
365
1417
1598
1062
2498
811
2521
518
2591
1786
626
1209
440
2198
2877
1878
1647
1994
890
813
465
535
983
2959
2640
1122
2851
603
1007
2163
2861
1741
1484
2565
2253
437
1055
100
2610
786
1496
943
41
114
777
1950
2724
1333
1540
1689
1033
2486
316
659
1196
1529
1168
2883
612
1297
1769
815
1404
2990
2713
3034
1359
2440
2554
2263
2913
1943
760
1079
3014
1172
1611
2090
2327
318
416
312
1039
2578
702
1778
1402
1371
3066
1502
2123
1453
2856
146
1468
914
672
1487
1623
2426
18
456
2408
2204
2763
190
1479
1217
1415
2284
2480
436
1716
963
1112
2097
1732
1516
2764
2666
2598
1050
3032
203
1743
1389
749
988
2534
2196
717
394
1558
1257
1312
653
1896
2314
2492
1251
2650
585
2405
2067
2706
2082
1440
1914
2184
2723
475
1298
2615
2831
2362
103
1171
2628
1700
571
931
2218
3002
1690
569
2648
737
26
873
2267
1130
814
1779
1787
2381
1225
538
106
2606
2743
1946
2839
909
1782
2300
3053
2439
510
1503
933
1212
1426
361
2751
1798
2891
1133
1727
2548
2971
1025
2741
107
1959
2371
1880
1801
2910
2074
63
714
1521
1483
2527
595
2418
1820
420
859
486
166
1147
2558
1577
2324
1842
2034
516
112
1447
2860
1131
1584
1988
1948
545
1929
1300
608
834
304
2882
1894
2538
716
1069
1331
2154
2468
1013
2007
588
1712
1554
1726
1853
2873
290
2675
1672
2224
870
1572
1992
1709
1355
929
2153
2392
863
1973
2396
2981
2016
2520
769
3047
1003
755
1846
168
1388
664
990
55
302
2056
2023
2158
762
2066
494
1195
1434
2237
366
52
2864
999
1412
562
1293
1644
974
77
1275
2454
658
358
265
1437
527
1203
1997
2317
1932
2801
804
2753
2313
2410
2356
2229
1771
2951
1462
1227
920
2946
738
1105
3008
1106
126
2041
78
1949
1430
481
1550
1465
2758
426
2112
2812
835
2736
1885
1237
1023
2621
2511
1664
3057
881
54
1094
3050
648
2208
1877
359
1127
2496
851
2766
1063
2718
2739
286
2879
1790
731
43
2707
735
2271
1815
519
2344
2580
123
1969
1324
729
2186
2031
1179
1206
970
2545
696
381
2623
2895
1828
2201
711
1774
230
213
1626
1775
952
2980
1580
1685
487
354
1488
517
2124
2286
1082
110
2510
2011
2311
2756
1763
945
2474
1748
841
244
2046
1481
482
2972
2679
2561
2258
552
1848
447
2671
1270
2563
2705
409
1972
2310
2216
600
961
2391
1305
3019
454
2924
2266
1892
2697
2399
36
2966
1680
2783
2380
1735
1263
1128
1663
687
1289
2769
1103
1694
809
2537
3018
2049
839
2683
2437
844
413
248
1811
2469
2575
1582
2478
281
796
2307
820
179
2442
1938
2906
473
1515
2975
1548
2085
458
2183
1772
2848
966
24
1008
1047
308
1982
831
2052
1939
2334
719
2113
1403
913
1342
1142
1681
2837
2242
2553
2172
2217
2012
2626
606
3071
855
202
1445
2688
1832
1334
347
1093
730
93
1117
2062
1365
1150
1375
2923
2717
319
2585
1065
3037
3025
142
1909
387
400
1005
1935
1015
105
2657
2249
2248
2935
2111
1944
567
2251
1770
20
2984
1235
2533
964
2868
739
2250
2652
1330
1290
38
1754
2453
1792
278
2835
560
1346
2765
644
9
1378
1467
758
2427
2775
1569
1609
584
1526
2214
992
331
703
423
1299
536
683
348
2424
295
198
1965
1993
1977
326
640
2789
2232
1095
728
3035
2477
508
548
700
1719
1606
1924
1872
2867
726
995
2840
1704
2378
1671
528
776
1491
2188
462
75
1764
617
1711
514
1500
971
1102
2451
695
10
1523
1475
2022
1507
3040
185
1757
525
2390
3031
928
2770
1446
327
2577
2180
2665
1428
506
1612
1004
1984
768
349
666
2393
1999
2376
950
688
2543
1040
1121
490
1936
115
1879
2150
1852
399
3006
2178
29
3056
877
307
1349
13
2920
2909
497
895
2625
2279
397
955
1054
1358
1393
1677
1981
1730
2647
254
891
66
2555
2673
369
2720
122
1766
1084
2636
1012
645
2013
2136
2501
2503
1751
236
2364
215
1642
273
1372
2316
1400
2
1805
283
1630
781
2942
1397
2197
1618
1539
1124
477
1910
2870
2434
2142
1761
2309
2786
1859
2544
1460
2088
649
1575
3036
2042
1348
1902
74
1794
259
1268
1398
1438
2927
905
1382
2117
2064
2691
2560
2921
2160
383
232
431
2143
753
1505
345
2001
1882
847
2760
1075
1271
1002
332
414
2504
2536
2907
2989
2167
192
2294
2986
2009
850
1072
2141
1596
2456
1659
2093
673
1901
2032
483
1154
407
2912
1244
2954
2667
68
677
1458
2685
930
382
2466
355
2952
1871
2570
1341
1473
1223
2714
689
1091
2377
424
396
1583
2488
1245
3041
2674
989
557
1824
1795
120
1956
2315
1376
2960
1866
833
1032
2132
2642
3051
1316
412
2337
1269
1163
2146
2345
902
335
2787
256
797
1028
2994
2916
84
2917
1514
2081
300
2148
2027
2588
1287
261
2089
692
80
635
150
2003
2020
1835
71
509
2293
453
2460
1908
2035
2726
1138
1841
2932
1990
2863
2220
821
2802
1221
94
1874
1169
2762
222
46
593
2901
474
1517
1323
1354
121
1638
352
1191
269
878
1410
1405
380
2571
825
1666
287
391
229
1925
1037
1161
1279
2275
1071
823
181
3001
2021
240
2222
715
2291
882
461
939
