224
221
215
24
154
237
205
198
33
172
10
46
232
152
15
216
203
252
135
249
247
187
134
201
170
223
65
35
95
208
251
179
73
81
181
220
248
150
128
185
157
143
245
180
7
132
108
210
38
246
62
129
44
59
126
244
253
80
85
125
196
118
229
53
225
240
136
131
167
233
160
137
189
29
183
50
32
176
52
138
115
226
218
47
158
191
242
66
145
243
140
12
250
239
88
171
96
39
211
254
193
6
142
214
67
105
169
98
21
60
123
155
228
166
159
83
192
188
184
18
90
69
235
20
194
230
84
147
1
31
199
72
16
255
100
241
153
102
121
111
173
106
27
119
175
133
11
124
63
231
36
227
195
57
206
130
162
190
77
122
234
3
116
104
86
49
139
40
99
141
200
87
164
168
156
89
74
58
41
78
82
197
9
45
75
146
148
91
174
120
0
70
404
391
434
394
390
406
311
407
388
442
422
444
405
264
414
415
400
431
409
408
447
502
402
427
397
416
483
466
396
410
432
325
387
271
411
428
418
398
423
492
440
366
304
503
369
364
462
316
499
472
438
439
437
328
425
474
487
401
421
341
436
386
446
310
370
380
454
336
281
291
385
482
458
445
510
443
460
435
395
372
509
330
461
331
392
426
505
329
471
413
378
494
305
379
449
475
459
430
424
307
344
360
368
337
338
420
256
358
393
265
467
362
501
451
352
453
320
399
260
403
481
268
488
470
469
361
257
384
507
345
349
452
468
327
296
374
323
371
464
496
376
456
267
353
495
262
497
441
489
382
343
326
490
450
347
480
493
486
455
286
321
282
367
324
473
350
279
356
355
498
287
309
504
373
261
312
346
308
381
335
332
348
301
340
357
290
354
333
295
479
363
508
560
541
650
564
530
555
517
562
667
534
658
532
544
563
646
653
514
536
684
692
680
662
512
546
525
565
524
529
557
551
651
665
531
681
702
740
538
553
547
527
572
693
548
676
575
664
679
554
736
571
634
520
720
764
632
672
766
628
533
719
677
519
678
518
574
561
604
516
727
522
627
750
580
643
694
668
559
618
594
558
605
729
738
566
615
724
535
673
523
610
675
567
608
540
674
655
683
607
659
521
569
721
718
633
685
635
705
652
714
695
725
595
645
648
614
612
697
586
737
581
663
570
637
707
696
701
621
657
735
577
598
689
687
549
730
661
754
728
709
743
700
542
545
597
757
630
690
759
682
641
722
515
585
699
639
691
631
708
550
642
744
733
686
619
568
573
671
732
601
623
590
600
666
745
753
528
654
644
747
726
670
640
748
603
579
723
763
751
625
717
602
526
