2858
2048
2080
2604
1084
430
2441
2479
3069
1555
1002
2377
703
79
1604
1389
574
2463
1079
1714
2492
968
2505
1796
587
1741
49
1809
639
2687
862
429
1926
2554
2457
2031
1155
266
1598
1816
1057
811
1131
2745
2621
240
2618
52
1262
880
1385
1651
3034
2462
2578
9
1379
303
2039
2517
1009
2696
488
1369
446
2161
2996
960
2372
3018
1305
1792
455
1495
387
685
615
1631
157
1899
2573
2704
915
2563
641
1010
2263
2691
2719
2969
1752
2223
2102
1777
2650
2946
2530
2987
3036
1852
349
2425
2356
2581
671
2129
1497
913
2384
1679
42
1189
584
1546
386
1856
1855
1732
472
385
1938
2936
826
218
873
1368
2954
98
2960
1067
1433
538
1444
2034
2020
1518
1406
544
3032
643
2863
19
160
2625
2660
1183
2212
2171
2014
785
879
471
1547
2072
1787
2544
1088
2468
549
3051
1820
3015
414
2043
1011
1162
1244
543
2007
2098
360
480
1989
1246
2641
2431
914
1301
559
707
925
1298
2435
530
2402
1802
1850
1376
547
758
636
1774
1996
2533
745
1898
2443
712
1077
179
1828
2905
2211
2669
2381
912
814
2961
1019
687
2445
1745
1336
498
1036
272
1209
2052
2456
1725
2293
874
2759
1013
1581
566
1937
1224
2392
150
911
1364
2720
2361
363
1959
2106
2520
2206
2562
848
172
1705
2157
1650
2686
1332
923
676
1307
13
2422
2628
1980
2365
1868
1922
847
743
2483
1889
1428
1008
482
2579
1163
1192
2736
1744
1817
2385
2082
825
987
1129
2398
1628
1366
2774
1087
2366
2464
709
529
1931
2632
1253
2117
833
2407
839
312
732
1521
763
808
2378
1979
1923
2899
419
72
20
1394
1814
95
1492
2388
548
1661
1473
184
1893
273
2234
1118
1810
466
1728
2810
2353
533
1584
176
2518
2286
964
456
1409
748
2271
1024
1795
2682
351
1033
1673
1001
2861
356
2929
647
86
1199
2600
521
2857
936
268
1596
1023
795
955
2606
2511
2282
1878
524
1351
1213
2700
867
230
619
2844
1831
1502
1286
1665
2373
2948
2801
824
1454
992
980
359
922
1668
598
1265
222
3068
1671
2010
1149
1007
1525
97
2998
2596
1788
1263
1751
1487
2459
1829
2760
1395
3012
1618
1479
1050
1480
1729
1154
152
2382
2828
1574
1762
459
441
1436
1271
2644
1533
205
506
1041
569
3045
1882
2808
762
135
933
2787
206
3011
760
1141
123
1663
2693
1295
432
1388
898
316
817
1984
2571
1350
2273
470
1178
1764
2387
2537
1476
660
984
2421
2640
244
1402
2917
926
457
958
1543
2165
1967
2409
2901
1256
1299
1739
2870
3000
2508
2707
2110
294
1119
1031
2346
59
1760
2404
975
2040
151
451
114
1839
1912
258
706
1093
112
2645
2595
2500
829
2750
669
283
1644
2274
588
1823
979
2049
1775
1948
1457
1721
232
1569
2156
1359
944
3062
366
1159
1372
1953
2250
1683
886
700
1498
337
607
1055
2376
2631
909
2207
711
1086
2310
1065
2200
229
1167
3039
2985
1134
2986
2202
2612
304
439
1706
1708
1273
2083
3066
744
2251
1410
536
1536
2903
740
855
2180
0
1613
1808
1164
2071
2092
1716
1017
1377
1028
843
1509
561
2238
1304
3023
2629
2723
2064
306
2319
1561
1211
2770
950
819
2488
1541
2176
1177
2601
90
2494
2548
618
596
2516
1757
590
2504
128
2503
1411
1758
2782
1347
2132
934
2509
2364
16
204
609
1439
1670
1915
2143
475
1283
1939
491
2881
2833
801
1355
1819
2665
2247
520
1308
1703
2710
1027
1884
2019
110
2668
2989
231
731
1874
2703
1222
124
2322
1463
2765
668
1537
1998
2725
502
1240
1917
853
2166
1423
1688
1144
1353
2656
2535
1165
479
802
2716
262
2926
857
2692
1430
1030
2003
2521
1090
1441
1560
1135
1704
2277
1060
1553
1532
1519
2542
210
2158
1844
1837
1562
1789
2097
2070
1921
809
783
774
1929
2063
2670
2281
144
577
1194
21
698
2199
3020
1864
2415
1365
1452
2756
2241
846
2355
1974
1666
1743
3061
2133
1133
153
120
842
2297
1578
2142
2597
2702
2461
2005
2742
563
2758
986
3057
394
2938
1779
860
1398
2474
103
1466
2886
978
1132
166
2146
2566
374
947
1324
1356
2906
6
28
134
2882
2194
2336
243
1268
1046
1933
1935
600
1269
1978
2024
1594
164
1870
1405
2643
2021
981
1586
1848
976
1040
118
67
3049
1176
2547
1354
408
1186
2992
1689
391
1877
591
560
2794
937
3019
1417
1096
1603
2448
3027
2252
168
1918
1456
1139
813
929
2001
1416
3021
325
580
1401
2550
1038
1908
1362
2188
605
1225
2974
2549
612
677
3033
1381
1750
2300
1756
426
2290
192
54
1311
2865
989
416
1517
3024
2075
810
2688
1472
2416
702
198
2466
2768
2706
757
36
537
718
2131
2222
2497
2818
2266
276
454
186
1958
1636
2451
1798
894
771
403
2588
2592
197
1288
1709
715
887
3026
407
1654
2178
2893
1818
1994
77
411
3
1094
497
1
675
713
399
2737
1254
2078
1037
1768
2153
2709
3002
2699
2311
127
571
2979
57
681
2993
2683
1723
528
1512
2559
2744
2198
1418
2747
938
2919
1681
358
2574
73
11
106
661
1669
1229
1585
2766
881
2867
2875
1599
1300
633
2056
1965
2104
270
1160
693
1042
616
1320
2900
238
1170
1572
2546
99
816
1501
1109
2295
1791
2012
2830
2487
2570
597
2357
1290
1610
2792
1020
1012
2255
1158
919
256
973
361
2995
1920
575
12
1897
746
37
452
2949
1962
3060
196
1969
985
1711
573
2661
216
89
211
1847
2928
2303
180
1103
1361
1520
393
169
1449
1427
1367
248
3047
47
759
2315
2189
1835
1241
271
1107
708
1522
188
2496
2862
1508
483
807
635
1121
2230
2972
1763
1952
2580
2902
864
939
2037
1083
878
2217
582
1140
1667
2890
1530
284
2367
1446
2455
1280
1511
2094
2185
2419
2978
1342
2344
1489
1422
1429
689
2883
305
1338
565
2201
194
2170
2850
850
2089
1592
2712
679
2383
1685
1622
2590
634
1477
333
1122
2278
1125
1563
1000
875
137
189
2074
1625
2439
2235
2213
87
1970
2139
277
954
1645
2103
889
431
686
2109
1913
343
1513
76
348
1873
2717
585
2259
2947
567
2434
2775
568
352
871
173
3001
1680
1925
318
2804
1583
199
1147
313
2340
1432
2068
722
1715
274
1407
1826
2495
383
2187
2329
2107
2342
1230
1481
203
2033
2193
2783
143
3040
2179
1500
74
138
1770
2795
3009
2915
1797
892
1317
1735
967
1690
2708
1331
440
1056
2124
447
1642
941
1384
652
806
1128
1358
2168
2009
1990
2613
1653
2545
247
651
680
1720
2733
531
2400
901
2484
1098
2076
942
438
1313
1657
994
412
2332
365
2214
927
1907
2791
2701
1719
1782
1047
741
132
460
2659
434
523
1857
2226
478
1274
578
1373
2420
1257
849
863
784
1740
729
5
307
2359
527
2285
183
971
1264
2911
510
1335
2576
2785
2502
1748
2313
2784
219
4
2215
443
611
2599
2191
223
1478
1152
699
1951
1557
1054
2261
2320
1190
2622
146
329
859
111
861
655
1992
2860
603
1284
631
1494
820
463
2814
338
1471
2679
2738
2354
2164
638
3053
845
436
2620
237
2152
1801
1767
1382
2182
2822
2321
3008
1506
2800
1328
3007
1652
1615
2639
3013
1458
2116
1558
1345
2000
2793
1883
1597
2921
2411
487
2715
514
2112
2395
212
1570
139
908
2232
764
177
2927
330
1888
1270
2637
1910
1790
420
1960
154
2649
1901
1380
1591
1397
2567
474
1696
2732
2824
1633
1236
2203
94
1281
791
1113
2741
2216
2065
342
384
1684
234
27
2393
40
830
737
32
2864
324
417
2307
1621
1025
1483
2610
630
29
646
156
1619
2121
2560
2781
1593
2680
2638
7
80
545
444
2350
1646
1803
370
3059
1527
136
2835
1180
1911
804
786
2695
869
1106
1906
409
572
2291
239
1092
1111
720
2763
725
2478
2734
2073
2294
2880
961
854
1435
1091
1843
1488
2988
1322
1971
1309
1550
2997
704
921
2761
2959
1822
522
1275
2676
10
462
1333
147
435
726
100
2436
2480
734
948
2081
1089
115
736
1014
777
2458
1975
107
464
2540
382
1352
1228
465
55
1420
723
2358
2918
1602
2681
2853
1731
2177
2916
2776
1712
2229
56
2069
1879
2245
2976
1156
3065
782
2289
2227
1880
208
1718
2718
275
897
1425
1707
1312
1634
999
1973
267
2208
252
1130
949
2127
841
2249
2666
1503
3029
2836
2657
1232
2490
882
468
1095
2190
1514
1564
2454
2370
1310
428
1747
1184
1168
1237
1374
2352
2032
719
787
1323
1738
1531
2125
2940
1403
959
555
2305
507
2236
1291
752
589
2475
904
1859
378
15
1208
1349
1285
467
2755
2183
367
469
2729
1182
564
66
2575
1662
64
2908
1674
1576
1034
1607
1556
792
46
2879
1701
721
991
2476
1730
579
250
181
1845
2447
2869
1589
1188
321
1243
983
1022
1412
1404
2389
149
1776
2730
2242
226
2872
2123
2971
2652
953
2306
33
2955
1203
1210
2842
2607
3006
2401
1003
3042
461
3054
1464
3031
2977
614
1392
1891
838
298
2552
670
2328
1110
448
2746
2964
988
558
552
797
1127
594
1778
1885
2748
835
2485
1048
969
2786
2671
3071
2796
883
2221
397
2105
2418
442
1073
427
1493
828
2084
2114
368
449
289
69
1800
2410
102
1112
308
866
2874
2771
637
2525
1248
3055
2041
2839
1258
2813
2424
1081
2017
1993
41
280
398
2609
601
2672
500
1548
50
2022
2339
2663
214
1259
1440
453
1235
2195
1608
610
1862
2956
1876
254
1755
1146
2240
822
2029
260
311
1754
1193
606
1097
2589
793
2045
2878
200
2423
217
993
3014
2318
388
309
1736
2642
620
1824
2877
2558
1639
1116
182
2047
2396
1064
621
750
129
539
2811
3046
2299
2066
1267
1535
2651
264
1549
26
2950
2957
1871
1174
3010
1746
1641
1717
2764
1059
418
44
58
790
1018
1846
2852
940
71
2482
1573
2169
1638
2108
288
2196
1287
2246
1781
2055
285
2059
2767
2243
799
2044
1051
1330
962
2931
339
65
1858
2837
551
1115
885
1860
2984
2623
2834
2351
2287
918
2539
290
2181
165
604
2633
310
1658
2731
2258
1834
148
63
2120
3038
1765
1191
43
155
2812
1944
2541
1565
1675
1982
233
2
627
2805
2636
1999
622
2280
1069
396
2831
682
570
2077
1632
279
84
2030
657
2534
2904
346
101
550
998
2473
1251
1238
2348
1577
946
1626
2871
1516
629
1590
2914
2204
2175
1727
2501
2934
2023
2603
2654
2583
24
928
2968
372
2369
1656
1292
1552
2634
963
34
1914
1058
1101
493
1957
1534
917
666
375
1571
1490
117
3044
2269
776
2635
2524
1387
2646
2091
2806
2895
485
2519
2140
1157
2743
1861
1303
334
1217
2913
891
893
690
2722
556
1015
1869
473
916
1378
259
557
1341
355
332
377
542
906
2414
422
85
2254
1510
133
1340
202
1148
423
1682
2854
772
1771
1434
2046
1649
1071
642
2141
2769
1250
1062
2279
716
2380
754
2561
562
496
1166
1894
2090
738
2536
625
2100
2721
2843
775
2889
532
1294
2963
121
187
2386
3004
341
30
486
484
1233
1947
1643
818
673
2057
122
525
142
1542
1997
1212
654
2885
2128
2390
225
2568
2624
516
2753
2314
1221
2267
2446
1451
75
553
1085
2053
1399
2846
2008
323
2897
1126
932
2675
2832
2115
477
3022
215
3005
1234
2149
2827
119
1895
2167
1833
1216
733
3063
3070
1664
1223
2591
1049
1375
2809
126
1151
1455
1692
648
1985
326
1227
2011
710
2648
2275
694
2585
22
2337
1605
299
490
2148
2062
540
899
2099
905
2798
2028
263
1881
2260
755
1811
1769
2004
1468
1991
2909
1289
336
1266
1890
1415
1902
2587
2111
2941
2740
769
1836
2626
2689
2664
1053
1838
1904
1326
2154
1282
125
2018
1660
2617
617
1201
331
1863
659
840
1699
2677
2907
2780
1612
505
2531
1467
1672
1226
1360
1726
1200
2855
492
1231
163
1102
91
696
1026
663
1004
2667
1694
2036
1942
327
2728
2027
2174
2735
2564
2173
509
658
1465
141
2276
392
852
1867
421
705
766
450
837
1016
1981
2912
884
1737
1905
2122
109
576
1504
742
1371
1032
2467
2932
1219
2935
297
3035
2991
379
353
876
2371
749
2627
1204
2079
2951
2256
1181
2678
1794
401
1761
249
445
1334
789
2067
779
1616
1784
1853
1566
2962
113
31
278
504
2887
1849
888
1710
1983
2460
2283
656
2920
2898
1524
1475
515
2220
2296
2924
1120
1900
1806
834
2331
335
2489
170
253
2452
1617
2205
595
2953
664
2529
1713
2615
1063
2134
2061
2884
583
221
495
1296
1153
345
1526
1538
1078
1438
872
1072
827
773
2514
2939
753
2197
1143
1955
1005
2042
2308
175
81
2013
1297
526
373
692
2965
269
1928
1630
