2131
1913
1413
2234
2831
3051
625
3018
2504
1323
73
2540
944
1069
3061
784
1572
1975
2067
2348
203
2036
563
2421
1773
2536
311
2391
2059
2468
1348
613
369
1002
1731
2916
227
539
2274
2703
2652
1195
373
1293
495
26
1760
2729
489
946
61
756
1967
1163
1097
2800
1678
91
2578
2280
2052
138
1112
2787
2918
297
1055
793
1223
1155
949
2441
511
1717
1064
1603
97
1332
988
2583
2884
2427
591
890
248
445
1868
2448
745
2172
1655
2758
907
1732
199
210
1034
2658
268
217
570
788
898
2315
394
938
1322
218
654
2606
740
2595
1387
3062
2088
219
2838
124
2024
1822
2399
1152
1110
1676
3027
1933
187
2310
151
1987
902
1986
2868
501
2113
556
2140
128
1626
89
2413
1983
397
2812
516
1489
1281
481
2509
2628
2925
119
680
2273
2339
925
432
1070
1149
1848
302
1422
1204
1147
2943
1922
1318
826
201
1928
719
2953
2001
2674
1265
1282
1176
894
1012
709
1140
150
2432
1883
2522
1385
772
267
2795
1940
1862
1805
31
2803
1362
2919
1291
416
2985
1121
893
1556
1056
1336
2689
3006
2930
1604
1852
2207
230
2888
407
66
929
1210
1122
206
851
2852
2834
732
157
2653
2127
519
2235
1832
909
965
1305
3039
450
2899
1510
2508
2979
2506
524
30
1271
622
2630
2827
769
2045
2296
378
2933
2171
2774
2762
184
655
2936
620
2989
840
2415
959
650
691
1026
435
1501
1702
1910
204
2075
1431
2861
1892
2909
933
2264
126
560
651
950
1640
681
1802
541
1829
1397
2035
1495
1216
2321
2302
759
504
1669
992
886
2152
1276
1722
1021
1120
1699
2167
1096
1474
646
2376
1313
1600
2043
281
358
2747
195
2634
1465
194
1879
2323
960
363
615
1333
1904
120
1
1016
1029
443
726
2704
1370
2334
1306
2700
1560
746
2538
604
1373
2146
775
3055
2259
2370
2349
2283
2042
1590
1104
2695
2308
3067
3041
3034
332
2462
1654
257
1554
2846
1721
152
773
1266
326
2623
1071
2668
2957
1593
945
2767
117
3014
1915
514
2952
2198
1340
1766
2426
597
1177
1157
1390
1931
176
2901
1311
715
345
876
2061
2920
1043
2667
159
2710
1347
1628
2343
2659
1440
2872
1092
1972
770
2480
2231
2062
2843
1788
1343
564
2390
2165
1024
2789
2654
226
448
993
1327
2147
920
2740
1596
1119
1215
2627
392
2586
977
1610
2287
1705
2056
1914
1428
2347
469
42
1964
80
1217
1330
678
1407
2555
2829
2177
1143
96
2109
543
1780
1847
1396
427
1344
2190
2806
730
2225
251
1929
1785
533
1094
168
2129
1817
785
1946
1584
2871
181
1269
598
2931
2969
2732
1135
1700
2958
1309
600
2998
1479
736
2282
2116
2671
412
612
2446
995
470
2686
343
2170
1378
262
1325
2126
154
1498
1633
2505
2728
423
1439
707
2125
1241
2923
2722
1666
21
554
71
1446
48
2910
254
2964
989
402
2020
384
733
2133
836
672
2367
188
822
2527
2772
498
831
351
2377
81
148
2692
2569
1399
1995
2261
1664
3009
640
1209
6
923
2809
2340
2053
619
638
1490
1183
1985
430
2804
1141
2180
1025
633
1346
2098
2611
1006
1007
534
1934
2808
3030
856
2677
2993
1608
506
2290
1629
1673
1257
304
2383
2194
1044
2074
238
1353
377
1570
512
630
1159
1412
2263
1550
2661
2619
1951
847
3000
1022
2096
1395
1685
2515
2121
1656
1827
1620
166
2999
1518
2743
1742
1247
2841
488
753
1974
2229
749
1787
661
1992
482
2361
2356
1443
2665
2378
2169
1191
211
593
1058
422
2454
2345
2535
2974
1911
1917
1846
2944
78
114
2330
1698
2161
2457
1693
1855
200
1799
1759
2038
1902
521
319
84
2745
2922
360
607
1857
1054
1134
196
2524
3070
146
1771
1321
1475
1416
1035
1716
1947
205
1050
1320
2271
1859
2971
1153
2322
1386
1031
396
702
1434
700
1659
1684
490
2752
1990
417
2142
1821
79
1997
2026
3001
1154
1994
1747
579
1349
2756
497
2562
2994
2353
1740
1955
1710
2978
2221
3032
0
2788
1839
2143
365
93
2814
1959
2206
1509
1394
2503
841
2447
2886
2499
725
900
958
1236
2780
1980
131
1769
1563
1836
3024
2021
760
173
2672
1588
1415
2473
553
1106
668
708
527
1299
329
2108
2718
2701
2579
1795
2824
460
305
987
1575
92
2320
247
1523
787
2903
2566
348
2011
356
1850
420
1020
1315
1424
1515
3
2859
56
1953
2768
698
2713
2571
147
2714
835
2344
149
2438
2811
2080
768
981
125
2232
2137
2003
2195
107
3012
2479
2000
801
1423
2081
1826
29
1229
2355
2428
2614
1232
3002
459
447
1751
2242
2379
531
2636
1272
2189
1095
1477
2669
910
2897
2144
1542
2153
969
1565
627
1250
2528
1048
1744
2104
2938
2485
216
2657
88
616
1300
3020
2563
2858
2134
2791
1875
1051
250
697
3028
1433
132
1833
1806
2268
518
2456
371
2411
924
2117
1046
2705
2070
478
2216
867
2676
2139
694
2500
804
1552
2647
1764
3059
182
308
458
763
2517
186
790
1555
2168
2835
1101
693
491
473
313
1663
2640
2601
271
2531
1562
1707
2644
2765
1003
1748
1651
1918
2350
2763
1508
2277
1767
1539
1170
2443
2929
755
1252
817
49
2214
2917
1634
1225
2230
912
2906
24
747
673
827
961
2209
873
476
1137
1867
1294
637
2546
2393
823
1233
2419
284
398
2369
1066
1004
1853
1042
819
2856
2082
1239
58
2410
644
2819
306
1803
1937
2592
2433
2514
28
2079
2797
1637
1726
2425
2683
2386
380
2331
2319
2288
930
1527
1939
2100
1145
1627
1574
116
2048
2187
1811
3057
2179
2820
2491
1297
1497
574
2948
1237
2087
1100
213
1594
1568
2176
38
1893
1688
1255
2777
44
399
1737
868
134
1487
608
1587
688
1001
2265
1854
1919
1464
1342
1652
544
2233
1248
618
1144
1719
590
985
2281
441
1683
2526
496
568
237
2284
843
428
2185
413
1889
1127
46
142
2260
2488
1196
1706
1142
515
1194
1444
2248
1739
1998
1519
2442
344
834
1784
669
1981
1363
1231
357
2991
892
2947
1039
1234
2269
636
72
2537
2764
2549
1711
1427
2932
3054
897
517
846
948
1896
1073
202
156
1156
2598
2934
2642
2573
409
1790
2587
1220
1888
1364
634
2717
341
2900
2014
433
2857
623
998
3044
809
19
656
895
480
2650
2580
1840
2255
879
1162
2631
1804
1414
1000
2091
8
1345
573
2015
2463
2218
824
3016
431
1973
1599
1275
631
1912
1679
2365
244
2373
774
2837
1457
474
486
523
696
1638
63
1549
452
2076
703
2163
1165
1761
94
2501
1469
3064
2328
682
2352
2044
855
903
973
2913
1483
2778
1689
2276
2582
1082
3033
1772
2567
648
2773
2414
1205
40
68
1442
32
229
189
449
686
2005
2312
390
2802
1227
572
2821
2539
274
2887
2250
301
338
624
1566
339
639
1471
2449
1517
382
503
457
2051
1647
888
957
731
734
2646
1743
1403
2219
1117
1809
2915
2725
1107
1455
74
2183
2523
2682
1014
1639
1449
3031
3038
1303
1813
1906
999
1406
20
1131
2727
1356
1916
1245
569
320
1187
1401
2543
1292
312
2060
522
1010
408
567
2149
2553
307
1819
1499
2267
1148
471
444
1686
1874
605
2395
2304
293
2518
170
1511
2822
1866
2987
487
175
791
317
1084
258
2138
2970
1402
979
2716
2860
328
411
2911
1808
994
2513
1642
1451
766
842
231
1835
706
1794
2813
2337
1493
462
256
1956
1670
1966
2420
695
2317
2364
1160
1041
1729
1151
2013
2699
1621
1067
3040
825
2784
1307
95
2136
1128
972
2873
475
614
1816
353
1887
561
1736
2982
592
1807
2363
2638
2016
2351
34
269
1015
3043
537
139
802
2396
1625
1745
863
5
347
1090
1977
282
2629
158
584
1996
718
2058
456
322
891
674
1018
1203
2196
996
991
122
1691
1877
103
1124
463
252
1580
1753
99
86
658
2577
955
426
2184
1335
2733
1530
1775
1027
1661
1770
336
303
438
1746
209
3058
1522
1982
1632
589
2162
2341
939
510
54
635
1059
3017
1383
2208
1361
603
2467
1284
1534
722
2404
2521
2006
190
1561
1765
1289
1536
1886
713
2258
2422
2431
169
3066
611
2866
2855
1376
813
797
310
2150
1324
1755
1782
414
23
2581
2384
2458
1503
2107
2761
3049
37
2602
1380
1528
2357
1296
968
1432
1635
2742
2497
3048
276
492
3005
2301
1657
2262
577
1715
1408
896
2617
1174
1697
2406
1885
2554
530
548
2680
767
2031
1643
1828
2027
185
2723
2099
1818
1314
566
65
2760
2068
11
1703
2966
2065
1494
1108
87
100
2781
2475
2590
2254
263
502
366
2403
121
113
2452
174
2182
546
1837
1957
2664
1219
183
33
792
55
1238
2502
2973
1019
1548
2342
2368
578
178
2160
2698
2093
2439
1445
2033
2362
1502
2257
3042
1725
832
808
2954
1504
359
2112
2191
941
1486
2693
2057
1564
1211
550
1856
330
2004
294
1113
602
418
3069
2387
2992
2589
1831
1958
936
436
2893
2385
292
395
796
2962
1800
1368
1920
2558
2338
2047
9
964
2956
2212
1478
1158
1622
860
315
1268
2690
1825
2560
2486
118
1863
583
2977
676
899
699
1872
782
2894
1505
361
1525
2904
671
2935
2482
712
1812
2876
1926
331
1949
2039
2575
2064
372
1430
387
2557
684
1230
1169
2656
805
990
2237
1944
2905
259
1193
2730
1382
2166
110
2130
177
2881
2997
1213
1880
1017
1075
2203
2392
25
2423
1506
1481
861
2541
778
1696
1735
1462
2697
2785
984
2696
2902
1824
2186
1125
1008
800
1583
1326
777
2648
1870
1198
1614
112
2295
821
2493
18
2613
2853
2685
2712
1496
875
665
1197
2599
130
35
212
323
921
2596
2850
3036
2374
1733
2534
2706
2240
724
1774
986
854
2950
1308
2707
2625
2469
240
386
1273
2188
1251
1466
2939
287
1030
2407
1646
662
967
2007
864
1087
545
2095
913
2115
710
2815
1118
2519
1680
664
1105
2568
2199
803
750
2753
2316
13
1456
2289
2552
1579
2572
2864
140
2072
1109
728
1304
1243
1400
1690
2008
36
85
2155
1074
403
1283
1942
601
2793
2318
1409
1404
1038
2988
1695
1328
2604
2453
1507
2272
1619
1057
2585
1598
916
298
2459
953
2870
2472
2375
350
272
1905
951
1436
2200
1061
1226
1009
223
1595
59
952
1558
1366
2278
499
1533
3023
246
2807
2645
242
1712
15
1820
1379
1098
714
1535
2968
2635
2192
2238
1674
1053
2285
1352
997
1384
57
467
2854
1786
1776
2618
1758
108
2940
1458
966
2478
1876
2041
2279
2735
906
1713
2980
1172
2996
364
2622
2223
1388
2105
2256
2437
2211
2660
3021
3029
1871
2193
3050
2890
2770
2069
362
389
978
2848
2084
1115
1778
1267
2251
575
711
327
1898
2823
400
720
820
67
1547
2019
2300
609
2724
1492
704
239
536
1072
1601
1675
374
346
2055
971
629
324
1609
1567
162
1962
2481
1513
2145
2748
811
41
253
1011
1150
2158
379
645
2610
2159
2632
947
1312
16
780
889
2867
1047
141
1274
2329
235
2691
716
1897
2034
848
762
1175
1754
241
1081
621
1544
2883
1514
667
64
845
3053
1290
1377
2030
2476
1089
1653
3071
3015
520
2326
1553
1941
643
1838
2245
758
871
3035
2078
2794
1692
2246
1419
1672
2955
727
1864
595
2389
976
1317
1613
129
927
3045
2615
1214
2028
3056
2529
340
926
1411
300
1878
388
1139
2119
2882
1704
815
2739
1374
2092
2694
2637
1360
1631
542
765
2779
1468
2025
1365
2851
1618
2945
70
812
877
2825
1228
143
1207
1576
2398
2132
222
172
391
1521
2649
1815
1578
314
2106
859
3013
3010
1470
2471
2291
2862
2205
679
3004
7
2880
1741
508
705
2297
647
2751
2086
145
1793
857
2487
484
2731
744
1270
1369
786
626
1189
1013
2561
1945
799
1551
535
2757
2965
2995
1858
421
2673
2210
1908
943
2309
1298
922
983
1005
334
1032
2869
2603
2178
192
1171
1724
2865
135
1777
1873
153
2360
410
2173
571
1612
1078
935
2110
215
1611
1586
1467
839
75
937
2405
1943
12
1900
368
2798
2986
1930
1091
1630
2863
807
2336
133
1677
914
333
2224
2643
367
286
2174
663
2293
1882
1259
1903
1624
2746
2049
2054
509
1358
1756
3003
1173
1891
2908
974
1242
415
2022
1138
1244
1278
862
1060
2465
233
406
1258
837
1062
552
1961
47
2451
1023
2401
2734
2576
1452
1520
2844
2151
2726
1823
1901
779
214
376
1280
1750
2040
2101
2688
1810
580
1319
290
1077
1254
280
2898
2118
687
1571
2382
1660
2303
1884
2556
1541
1615
236
1337
1526
266
1049
265
1783
1830
2429
2633
500
2325
2275
1667
1714
1185
2489
461
2213
1907
385
2477
1240
102
2305
352
505
2124
2366
2372
370
3065
3037
1602
401
551
2511
1126
2766
2651
2394
