139
143
154
130
178
168
150
155
146
108
8
179
153
160
145
149
180
141
58
191
96
159
175
50
148
188
144
123
52
111
157
177
129
87
132
72
116
128
165
107
103
61
109
31
46
26
19
95
4
105
68
89
119
51
32
134
91
24
163
39
115
30
54
41
110
125
10
104
133
38
49
94
114
162
170
66
185
120
127
122
22
184
80
9
101
190
18
3
28
136
121
164
88
100
74
76
59
11
135
97
138
152
78
43
15
47
79
65
187
71
92
239
113
12
37
221
172
182
1
45
147
2
81
35
60
225
137
75
63
70
85
253
102
5
234
7
242
112
124
117
67
25
189
193
201
23
86
106
83
27
206
197
223
216
240
254
21
16
244
173
36
245
207
209
252
98
69
238
82
243
56
53
33
212
202
186
229
40
235
233
219
220
57
84
55
215
196
204
167
211
195
158
312
369
321
353
328
372
339
259
376
383
346
340
336
344
295
337
271
331
318
355
280
364
362
374
378
302
333
306
323
352
359
330
288
276
334
287
320
263
305
285
311
335
379
294
269
367
319
286
351
278
266
303
332
257
327
381
300
258
370
310
377
262
264
308
298
279
325
462
343
329
268
474
313
483
479
380
267
471
505
493
366
293
342
304
458
348
281
502
309
506
345
503
499
492
482
438
272
317
470
472
360
498
459
456
508
453
457
480
488
464
467
451
475
500
486
382
489
469
460
478
504
409
450
347
466
490
455
270
501
496
461
275
265
507
497
511
301
393
350
292
509
307
443
428
395
371
454
297
403
481
406
299
396
477
452
368
314
324
476
260
495
407
468
463
416
417
487
437
510
296
442
448
465
420
413
484
397
365
261
431
277
384
386
494
256
388
373
435
338
283
485
449
624
639
629
634
601
612
592
620
594
618
582
590
637
614
591
627
625
606
589
619
632
587
617
621
647
631
677
660
581
600
658
616
584
604
645
701
577
630
684
649
715
683
705
610
689
635
597
698
644
650
593
622
598
664
595
673
608
646
679
676
748
613
603
762
703
605
693
626
655
754
707
665
609
710
767
736
742
648
666
724
718
734
758
722
586
709
763
699
643
738
714
735
607
766
725
678
713
674
682
578
585
750
704
753
675
638
712
654
730
663
691
752
579
765
708
566
686
723
732
533
596
671
720
652
611
656
694
695
583
755
726
733
711
756
731
692
516
670
719
702
542
764
662
761
706
521
615
569
669
524
659
744
544
741
759
599
557
549
760
743
721
739
757
519
740
653
538
728
571
745
554
697
534
515
623
751
570
560
529
512
575
558
568
573
668
536
576
540
685
562
641
545
