69
77
73
112
92
81
123
68
116
122
80
78
124
71
117
113
110
84
100
108
95
105
74
104
120
101
126
79
70
254
233
224
247
93
252
192
85
88
66
253
87
228
212
246
240
209
239
238
194
236
207
222
226
107
214
231
249
204
72
242
234
220
218
221
201
251
225
98
102
75
205
227
215
230
217
127
213
90
223
250
76
232
241
125
64
94
244
193
197
109
199
202
119
235
229
99
198
255
208
67
86
216
118
121
203
237
200
210
38
243
65
96
16
83
179
160
103
111
191
196
89
82
151
248
176
106
149
114
31
195
58
153
178
20
156
147
157
2
143
140
144
136
5
166
49
128
0
173
186
182
97
139
161
177
146
155
190
189
131
188
183
163
168
141
158
187
165
28
167
130
50
59
185
164
184
56
175
21
171
138
8
39
1
132
9
17
34
150
46
24
170
172
438
413
296
331
308
442
282
385
375
386
428
381
410
427
295
262
343
346
317
440
314
345
357
421
265
366
306
415
360
394
285
323
426
371
310
261
338
256
436
289
324
400
266
377
372
284
358
392
359
411
292
363
328
349
259
404
348
389
420
474
430
268
332
347
309
333
433
267
409
287
272
369
269
407
305
344
401
387
281
312
370
431
447
320
468
304
443
278
362
302
398
406
483
334
419
321
319
498
318
399
257
280
449
276
275
429
405
258
376
503
437
382
460
464
497
300
301
457
373
466
506
353
322
286
313
422
367
380
368
326
486
499
378
379
439
482
501
271
452
351
390
342
288
340
484
435
465
489
396
445
491
391
450
356
355
510
508
388
414
481
330
505
393
441
325
412
337
509
279
477
461
480
485
341
432
417
469
339
454
418
507
335
299
467
459
364
494
446
424
453
270
488
745
724
737
743
767
760
765
721
742
764
758
716
756
739
714
715
729
761
749
740
759
722
744
755
746
710
734
728
751
754
525
708
554
567
516
558
541
730
530
546
705
555
550
552
565
517
526
572
575
523
536
539
693
532
531
574
750
563
515
736
569
763
748
577
521
665
547
537
585
766
630
518
551
686
679
549
542
762
673
680
732
725
681
570
695
628
562
618
603
632
561
701
571
627
622
612
535
667
533
649
671
682
670
633
573
674
609
543
611
678
522
513
613
676
582
616
713
654
690
702
669
668
568
625
593
691
620
666
604
641
545
683
588
617
698
640
592
635
700
675
598
718
653
643
687
579
689
560
586
583
597
601
591
602
614
548
610
599
646
580
703
645
685
596
684
576
656
527
581
553
606
624
608
757
600
590
647
658
735
528
605
639
688
524
637
699
634
662
559
623
607
578
