1937
2463
979
2112
790
1871
2022
622
2612
1120
445
359
2372
1954
2115
1473
1132
486
2354
2107
2047
1401
2591
96
904
986
661
2142
1641
2725
2976
1154
2734
3
2181
1838
128
2707
822
2537
49
2706
1417
2198
394
688
918
2082
2867
2398
1085
1990
1666
2459
397
2033
2571
1438
50
44
1969
2175
966
1398
1868
2414
2309
345
88
495
1874
1309
2416
2312
1659
223
570
2860
59
2807
2941
1076
3004
2601
2492
2879
1059
1214
704
2818
105
180
307
1269
2462
2754
1960
2336
24
183
1919
3003
1010
931
2738
396
2657
1841
1210
1623
2325
404
1175
1264
695
1985
2542
1444
1437
1949
925
3029
1986
2908
17
154
142
1964
2027
2090
1944
2502
1881
1725
1135
1440
226
2503
960
510
2516
1241
2987
2126
2495
792
1542
2307
1538
1192
2117
930
1799
315
1178
2049
2276
181
174
1883
1449
2773
1684
2672
1360
1197
67
1916
937
73
1763
2527
1263
382
2085
1369
1948
1622
25
1626
1950
1619
3049
789
1719
1165
160
644
1642
2261
2077
2380
888
138
2980
932
109
207
1380
2124
1098
715
2938
3008
2808
2949
43
1593
2092
1434
2933
3036
1776
1060
2457
317
169
2424
732
241
2575
2965
2765
1280
2431
98
2413
2486
480
710
1726
1863
1253
304
1714
365
1335
1817
1144
344
722
1847
1333
3002
2519
1166
336
1777
975
227
634
2419
677
2072
2744
1370
2627
2421
1149
30
1454
1624
1858
1024
1268
1665
2838
2213
2501
620
323
72
1173
2174
2467
0
1113
2880
1894
1961
76
2205
2166
2517
2391
1140
1472
3070
993
2131
499
1376
893
1042
959
2447
2338
2509
1282
863
2656
2966
913
2038
184
422
914
1510
311
427
2596
651
2881
2684
22
2786
1994
389
962
1209
55
725
3018
3035
1588
1540
1261
466
2248
2952
1273
1224
1502
500
1896
1004
1652
1939
1539
2573
2817
906
2284
475
1583
1134
216
233
498
591
1318
1928
2223
534
1029
846
202
2485
2917
1250
2210
1925
2081
821
2187
1408
667
501
1003
2588
2084
2224
1486
459
923
166
2415
1366
1740
2567
173
811
1361
419
2555
473
110
1485
1873
314
796
844
1851
691
2996
1548
384
2849
1878
2058
581
541
2568
956
2389
2869
1699
1187
1093
369
2196
2264
1604
593
2690
1929
1260
1737
1028
1865
2164
1221
2103
941
1348
1732
42
1599
3014
1689
92
807
319
106
1416
1141
1092
1674
2432
625
2074
599
1104
1470
518
2736
1200
2969
772
2553
555
2318
399
1031
657
441
164
2678
1745
1515
2654
1012
2562
1590
1084
786
1821
2902
430
2176
2871
414
2383
1765
126
1870
3020
490
1781
309
2605
1658
1616
1481
354
2162
87
2017
816
549
2405
751
1126
1846
2342
325
2912
660
333
2775
684
2456
1892
1829
240
851
579
1605
778
976
2242
659
649
2487
553
1420
1956
880
1738
2693
2226
1
583
1245
646
273
1271
2863
1329
1323
635
953
299
2716
1143
284
1008
556
2360
876
2222
58
552
619
632
2531
935
1072
3032
1918
1995
1879
1476
266
368
2600
2292
1968
1895
2772
2662
1615
978
2732
3022
1163
2278
1702
26
1955
1579
2335
1377
2476
228
2696
1676
513
1690
782
2048
2055
642
2538
1018
2235
2114
1761
1331
833
2951
894
1778
1568
7
2370
12
254
2858
2061
1759
2395
248
1602
1452
2385
2993
393
919
2510
1357
1394
639
462
1825
571
2249
948
107
1017
1026
2642
2469
472
1718
1978
416
2358
1558
1371
2056
1259
2874
1064
1079
837
1685
1314
2769
1886
192
2828
2157
2184
1265
1142
1480
2748
2369
1721
721
506
451
982
653
2665
35
2582
1976
1739
2701
2638
1531
2439
185
235
327
2841
2034
2637
698
980
3044
1563
2526
433
243
1458
318
557
2603
1936
1800
259
1565
2825
300
1867
112
1493
446
2500
2330
1844
2983
1030
1644
1450
701
1982
503
1206
2080
675
1550
2697
2423
1774
218
1597
2669
1564
2625
770
39
1062
1350
2042
1430
236
1566
737
2044
763
84
658
3069
1767
884
1002
2756
193
2120
1717
1310
1284
1900
2106
992
1545
1125
171
949
827
1441
2505
1019
1569
2464
1033
1941
2214
2244
2801
1087
1543
550
1598
2168
2803
2865
2935
54
409
1205
957
1651
3040
713
2649
1456
2878
2011
2683
1692
1355
78
2097
2382
595
2305
102
130
2695
2019
2806
456
669
1195
892
507
2069
56
681
1448
101
526
1118
2199
900
2557
1687
1529
2454
2075
580
1352
460
2466
1678
623
2954
2899
2343
2870
306
1237
2543
1705
3037
310
2004
542
2461
1686
136
2108
2751
1621
1117
829
2521
1640
2020
759
253
757
3067
2959
1044
1935
664
714
83
1288
1620
1979
1097
1390
2144
2705
1638
152
2071
1517
1744
3010
1107
1083
1959
1716
2991
2013
1337
1669
2823
815
2572
64
1909
2377
1479
1293
2579
870
1294
2783
2182
1385
2450
529
1607
1764
648
1806
2105
1287
2375
2357
2930
1439
1239
161
2659
1266
2352
2032
2275
2936
196
2331
952
1984
2812
2735
2728
2203
1750
682
2329
1275
2179
739
1855
586
2216
1281
244
2963
66
538
364
3034
2723
2245
2584
2900
2599
1664
2172
2689
1453
1514
143
85
163
2387
1455
536
485
2086
1610
2583
1061
1648
1650
1681
2851
1755
1204
779
2926
2577
425
1414
225
1289
708
2322
342
356
835
1347
1528
805
994
417
505
252
522
1246
363
2815
347
2561
1754
890
843
663
2180
232
576
2101
1383
1038
247
443
11
2563
3015
820
2003
3006
343
933
1672
2713
2346
981
434
2717
991
997
1070
2355
1505
2306
355
470
1914
1856
1595
528
2821
2246
155
1691
2171
1336
1849
1917
596
2220
3011
1016
1349
2692
3048
2259
1344
1753
1553
1099
1238
2163
2267
2898
673
2366
2099
2955
3013
2315
1179
1801
2057
559
729
1810
496
1124
2037
1509
2177
2523
2891
1584
928
2156
1176
2702
463
839
1365
261
1014
2265
1816
1818
287
2493
686
2451
1391
3031
784
1442
2073
1728
2422
520
1236
2143
2745
1065
108
1988
607
2565
685
1965
1614
2875
2850
1358
358
2417
129
65
45
2167
1876
621
221
2942
656
1375
1278
600
756
1223
629
2778
2560
1045
2314
1155
2283
2515
224
1047
197
2923
1731
2617
8
1556
3050
2795
2831
71
2614
2371
744
2470
1524
1158
1174
210
1637
2520
1207
1290
1108
2065
2287
2764
2836
28
1698
2940
934
139
958
954
1007
2895
2977
947
910
2578
1904
940
1890
1181
1657
1301
638
170
2365
402
795
246
302
298
2623
679
504
988
1655
2299
2868
2840
1122
1791
2676
189
2436
1404
645
1423
2197
2024
736
1308
2016
920
3065
1734
1872
1958
628
2420
1710
1327
1075
540
2341
606
2921
274
3043
2884
2475
712
1326
636
2113
2356
2932
1663
2392
383
1532
1188
1600
2211
1712
824
1332
2455
1304
2947
2444
762
2141
1836
2859
1422
438
132
3045
32
2699
2934
2514
1907
1068
574
411
1572
2819
2979
1254
23
1225
974
2408
1606
921
1489
1425
1279
2664
1783
465
1562
2855
578
848
9
2896
1351
1353
2140
79
2512
1905
1508
172
1926
308
398
2525
845
588
1526
3019
2839
2137
148
2634
1196
2675
1067
1267
2453
37
1319
114
1121
2658
220
2777
2632
1842
2910
2915
1123
794
2320
1991
2928
2998
1561
2149
1649
3060
412
654
781
996
1580
2041
852
2030
2007
1503
1860
2901
1933
746
1997
1575
2006
1772
386
1071
2920
205
1963
2667
2403
482
878
367
2215
2913
1054
1811
2270
2727
961
123
2730
3030
2708
488
1180
967
2076
1923
2621
444
1251
1608
889
2471
1629
2564
1240
775
1286
360
1218
1973
1613
1796
706
1729
377
2433
1069
1013
1230
514
2779
2975
1037
2688
89
1656
449
861
1570
2116
1645
270
1574
2945
2386
2886
924
769
2445
115
1789
1005
469
2257
1381
2785
944
2799
418
1496
2988
2128
886
560
2873
2630
767
2362
1910
1618
2002
1837
594
1722
565
201
1023
372
258
378
1334
2792
2641
1857
764
2394
879
2437
1700
2344
2062
1211
990
1315
1498
575
2788
854
2334
2243
80
2443
2943
34
2513
2427
487
1447
2310
1701
413
965
429
1571
2348
2944
3025
1913
2173
1695
587
2610
755
178
862
826
2449
1193
2489
2889
902
150
1182
1611
2814
1826
2448
2864
351
2712
1578
951
2193
2906
1006
2544
566
2268
1036
1920
2905
453
655
1171
847
809
36
950
1382
52
1103
1970
537
2529
2339
1999
2237
238
1730
2298
450
349
2673
265
282
2715
1306
237
381
2802
2790
836
146
860
2218
2130
694
2410
330
18
2390
867
63
2549
1089
491
709
1189
341
1484
2709
624
1544
16
2964
989
2620
1234
1128
797
3021
908
90
1167
2146
2374
2939
2021
2536
61
1249
1675
279
702
2524
521
1461
452
749
1819
2997
569
723
1291
68
2950
1208
289
1198
1146
1298
1735
2095
693
3027
2532
1330
2231
2592
1427
1213
242
799
2798
2757
2132
1751
1035
780
3068
3055
2359
2165
895
2010
2473
1704
1451
1736
1824
2674
903
1632
2971
51
2956
2266
1487
177
1395
864
1136
1056
373
2263
1971
1511
2446
2820
2088
548
718
2552
2626
711
1231
2948
493
2051
436
1523
803
391
1946
405
2711
3028
2508
251
2530
2593
1386
2518
1908
1617
2587
276
375
735
2958
448
2845
2856
1114
1654
2483
2185
2479
1465
2541
2294
740
1633
492
1399
2660
2985
2511
1186
206
1931
2843
167
2586
616
1151
209
1102
175
901
1513
313
2046
2376
2604
2494
147
3061
1625
2093
2404
1362
2119
1915
2491
1877
1272
1082
875
524
881
1258
1164
14
2749
832
2123
320
1073
2847
1303
2217
2929
1088
334
741
1101
2750
3042
4
2805
768
2300
1328
945
2651
2643
1039
877
40
2861
535
2350
2040
2888
2984
1256
1555
2611
1671
151
464
891
2650
2986
3039
1609
1074
1110
2946
95
1589
3063
1058
2465
1050
1311
1494
1242
804
665
1457
2285
1215
2201
2138
1646
1639
1184
1771
1581
1512
215
1316
1127
2230
2835
2262
1148
1546
165
2703
410
1219
717
471
1530
1190
47
2001
2145
212
512
134
758
2534
256
609
1131
1415
2319
1647
773
972
964
20
1129
1055
2893
1474
727
117
415
2918
1500
1048
1340
2324
1302
3017
1139
1809
2570
392
2631
2613
2498
362
2111
316
27
662
1133
1388
3046
1981
613
1339
643
104
1889
1586
1797
423
1445
2026
1490
2687
1506
1627
1992
765
57
432
1094
2655
2636
987
539
1066
231
86
2700
1743
1880
637
502
927
2668
77
533
1921
2430
1297
1902
406
647
2846
421
707
2729
1534
2434
573
2618
3016
2367
2321
2833
1034
866
2066
2682
1177
1587
324
81
346
285
1773
1537
2221
2271
1507
1688
357
1711
750
1862
2313
2606
813
1945
564
2400
2876
734
2364
1477
2885
1746
283
1592
946
1156
1803
841
278
1096
2150
753
476
1384
668
455
2089
2148
2153
700
2907
1392
1989
1052
2937
1596
2273
1757
2990
1898
122
2308
1788
124
774
730
1752
1832
6
697
1952
731
2054
2121
771
2152
754
633
1792
823
2718
1232
2961
1887
2852
1951
2122
626
1374
29
3026
1794
703
403
322
2388
1987
871
1805
2685
1015
1397
1116
896
199
2159
1185
971
2326
1875
2133
1573
3023
2981
532
19
158
2704
517
457
1296
2743
1585
689
1901
2067
938
926
2079
219
2477
2737
1393
1419
568
3009
2925
340
2091
1520
74
2240
912
2060
1459
2647
998
1996
1885
692
1227
213
1635
1057
2317
1405
1041
447
666
1222
2295
1790
2484
2844
2763
214
38
2797
577
2474
1495
2104
1043
1436
1775
2301
1201
531
1080
2747
1643
62
2924
825
2780
338
2787
2238
3051
331
2293
819
2225
2460
321
2970
874
2063
332
272
859
674
1840
1724
868
2337
1828
400
1612
1119
1938
1522
905
543
371
2158
1815
230
1324
530
2545
1111
1051
461
601
1460
2909
2759
2721
1535
2333
1433
1785
1320
454
2957
385
2014
1421
3053
2533
2064
1758
111
21
200
838
2661
2043
407
897
1446
2813
127
1000
597
370
1027
250
2327
1594
1464
680
2409
119
2252
269
2581
1852
2239
783
724
1715
515
995
733
2109
2228
2761
788
2680
1953
3052
337
3033
2254
2190
53
33
1162
2183
176
1845
2872
2640
2974
2507
1009
2139
1138
203
831
1813
760
2804
2129
785
2125
149
551
1373
1342
2029
2208
2877
1795
2087
1469
229
1292
699
585
2931
842
3007
439
153
1077
1378
2490
2894
190
137
118
234
747
1974
2791
1742
671
858
211
1980
157
2615
2646
1021
1212
257
2967
728
869
2624
1270
558
2633
91
2671
387
428
1975
2381
955
2036
840
1591
1934
2384
1747
1462
195
31
255
3012
494
1869
1216
745
1305
125
1653
1827
1501
817
2681
802
1217
1359
776
