1325
2699
2971
2525
1013
2813
2572
2312
2357
2064
2350
867
1981
330
104
1701
720
556
1903
1424
37
2204
89
1798
2063
2003
1491
724
2697
54
1496
285
865
775
1099
1670
2496
2324
2411
164
2319
2858
3019
670
2946
2810
2608
287
1607
1115
2131
1882
1528
732
491
562
29
693
1914
1402
134
1342
2862
209
2293
677
333
1736
492
2826
1334
1964
2069
2811
1282
2610
2098
2152
218
1429
1147
1238
2000
2213
2259
654
994
50
118
2134
892
1881
1971
462
348
1511
1647
2890
2908
2385
2576
2294
1526
760
2667
130
1818
973
1802
1399
1270
1497
2651
2746
25
2273
1189
1899
2468
2637
2631
1214
2870
1864
667
669
1324
1704
2058
561
466
1210
28
1725
175
2665
1556
2941
1597
2460
2877
1976
1401
2445
2253
1004
480
165
2430
2303
2829
2840
2395
392
2491
3054
1741
153
719
2560
1197
2245
1011
1457
429
197
1503
704
754
1771
2128
2441
2556
1057
920
1803
159
1082
1603
627
8
1233
1027
435
1481
2807
2417
206
819
1370
543
696
2354
1726
1845
946
599
2205
1922
1301
1826
295
1435
2345
1527
1568
2615
2118
1283
2785
860
1918
2457
2129
31
991
2803
1131
2481
1809
2185
656
163
820
1642
2288
2365
1031
252
2346
436
3049
2283
2378
2620
2978
786
674
2562
1244
1433
1958
1079
1533
1235
1272
251
905
621
1929
1498
999
2566
2172
129
1949
2574
2133
2582
1245
390
766
1459
281
649
487
904
2256
749
810
317
442
272
891
2895
625
1754
549
1773
1830
2607
2286
2537
1786
2190
157
509
2937
1451
885
2211
2841
831
145
682
2261
2103
2158
1443
877
2670
817
825
2443
2944
523
314
1796
564
2597
602
2333
1100
1766
894
2920
355
1887
2737
666
1184
2795
1728
513
1315
1516
864
703
169
1932
1657
911
1852
318
2624
802
463
1919
2340
2313
294
2910
1415
87
538
98
2936
283
2726
2454
1005
1925
2361
424
2291
263
598
2337
4
1746
1199
1362
1905
1937
544
1152
1990
2167
921
834
2462
2987
1762
1953
645
2508
1558
2474
1535
1294
2953
1939
2304
377
1921
1237
2219
2180
1955
1505
366
7
610
20
937
353
747
234
1679
637
1644
2408
3039
2579
2899
2437
559
1902
718
967
1636
1587
1863
963
1831
2719
400
2804
2221
1815
615
1615
2962
166
1108
2868
1329
1783
388
1118
266
2891
1687
1908
1103
1185
1190
2140
697
2229
903
2077
2683
2959
2154
3053
2002
916
1828
1176
808
1461
432
117
2173
1081
852
1508
745
978
1967
844
1620
815
1221
1172
1416
1842
3011
433
1062
2856
2370
1552
793
289
2947
2671
3023
1504
981
291
1242
1224
1119
1777
1286
2599
1956
758
781
309
1123
1843
1035
907
508
530
507
2332
984
1776
3035
2875
2416
410
1236
2306
344
2968
1489
1344
196
689
503
3002
467
213
1417
1911
1026
1454
2529
2447
14
568
662
681
1263
485
1302
545
1130
2307
2564
1293
1266
2955
77
2206
2619
1174
1963
1768
1879
1008
590
882
3014
2644
631
764
2078
204
694
248
2007
2906
1742
743
398
917
2771
569
705
1652
267
514
2352
1345
2377
2476
660
2343
100
1920
478
1794
76
2643
2210
321
2794
270
2681
2178
1012
103
2394
2688
2602
620
2071
532
511
998
177
730
379
3064
143
2044
2845
1149
528
284
2265
2677
149
85
1499
2203
2857
2874
2200
759
271
2013
2035
1193
542
1477
1279
840
158
2931
1838
423
1760
1002
1989
1893
2403
2009
1360
2401
502
2734
1376
205
1410
1382
2039
233
750
2483
884
2176
81
156
2254
455
1229
762
623
1567
2375
198
2696
1106
1593
2741
2760
1473
2861
2349
2397
2742
1775
1216
113
1849
1365
2952
792
171
2482
207
1037
274
2080
1655
990
2323
1804
403
2744
1617
1947
2497
1975
1479
1711
2621
230
1095
176
446
2393
728
2264
2935
1550
49
216
1625
1730
2147
2951
2988
43
930
454
574
797
1510
1659
1618
1566
1040
2581
824
1438
2837
2720
572
1519
2627
2309
3018
593
782
2993
363
437
954
1203
2027
261
338
227
2750
617
935
3062
848
850
2464
2660
1534
1055
1600
1898
2287
1359
2214
1813
895
2652
1727
350
686
1538
448
2236
761
1168
476
224
1609
375
2691
2735
335
1536
2448
2446
322
1110
1178
727
2761
2842
2553
1372
1840
2018
106
3010
258
1434
237
2081
402
2743
1128
155
2580
1006
1265
1267
2442
1444
1529
249
1114
2130
2638
2188
607
1896
1677
479
1749
1046
2260
370
952
1688
2596
1638
3026
2827
2145
1934
2461
2569
1191
1490
35
1904
579
2731
2238
1198
1530
2032
1484
1396
1284
1924
1218
2218
1933
725
1144
1269
1686
1544
709
3012
1017
1071
2450
2915
2037
1590
1297
67
512
2191
1532
1645
1987
2087
1998
2092
1948
522
408
212
389
2661
1750
1562
1303
18
2426
1752
1346
452
2843
965
2618
2094
3029
591
2777
2368
986
68
685
2192
628
1418
3040
115
2065
347
2790
71
2342
1060
1950
664
1388
434
2792
1995
1580
415
26
2398
3063
1792
1385
1812
3052
385
2531
1348
2339
30
61
756
1439
1322
1088
131
2928
2372
1492
1910
152
2358
1019
969
1468
183
2270
1669
1872
1665
2945
1866
184
1047
119
1973
2709
13
2833
269
1800
1127
1373
2712
665
3003
1598
2956
2600
2528
3066
3067
2302
1087
2479
3000
2745
40
482
595
2846
789
2762
1865
832
489
2555
1839
1769
1570
2617
253
1835
753
900
776
1167
1105
807
1931
327
587
2990
1732
2456
2694
1371
799
2382
2376
765
99
368
2072
2753
1462
2511
2298
949
194
2477
2765
888
2075
323
44
1014
1194
453
1683
2755
1328
1204
102
1698
2181
387
1080
2503
2465
1680
2721
178
2756
2257
1941
1999
926
603
298
2467
1170
107
533
1846
2517
1706
342
977
2453
3071
803
2796
912
1381
826
280
60
3043
2023
1052
1211
1542
1032
560
1318
1561
116
2434
1793
36
2723
1563
739
1870
1772
1432
950
2921
2532
2227
1596
2800
1066
529
1790
1227
1823
421
872
1940
2042
2348
899
2577
188
2885
1213
868
2664
2040
2171
2613
1697
2400
483
3059
1520
638
3016
2402
1209
1723
3041
125
1361
1942
1133
886
1158
948
2179
94
1744
1553
2237
1705
1377
2979
1591
238
1602
2244
136
2728
2451
2123
341
554
1756
1138
306
401
2156
1159
422
1065
2223
828
2471
2249
823
1406
1201
1180
122
460
536
2330
201
2341
459
1959
1230
1292
1820
2220
1056
821
2148
1836
768
974
46
1330
2404
1089
1447
3033
1917
932
305
901
450
613
2801
2049
2645
1781
475
2888
2246
2161
957
1064
791
1225
830
242
606
976
1471
1994
2702
2263
1314
2513
2595
2666
2976
1076
586
1656
2575
769
1304
601
629
162
1722
396
186
584
939
2592
2314
2994
273
2568
1719
731
2942
979
2558
2269
2274
1041
3009
2182
1690
1048
1992
1206
84
2980
2573
1061
2255
2570
1442
1132
1296
1436
2526
1531
835
161
2251
1364
1788
960
1074
635
1628
2866
1164
1487
3055
2585
1547
2536
2934
93
1743
140
1384
878
1217
2912
2425
2423
2997
1051
535
1837
2452
431
2406
3070
1093
245
1653
1816
2421
302
1252
2999
2884
2547
2076
707
1860
1146
414
741
2318
784
2521
1616
539
2321
519
2958
172
2774
1280
361
795
262
1572
923
2583
2136
2897
473
217
1709
397
2601
2073
2090
409
737
1559
956
2325
2366
2859
1983
1667
2207
735
2290
111
1588
2127
567
2996
32
1782
2335
2919
1460
42
2301
277
1877
870
1483
464
2815
1375
2038
471
2632
570
192
1702
2198
174
108
1883
2708
2678
833
871
801
3058
2043
1351
23
367
1555
2512
226
395
1277
2012
1946
1703
1799
2818
1126
1354
3057
1394
1906
2119
2169
2066
2170
407
940
2053
2222
2137
3050
2289
1321
640
1739
2784
944
2766
1021
2431
1166
494
2535
933
179
2322
2834
2814
1807
2656
2469
2738
919
2932
931
742
531
2166
2091
1332
740
1391
2359
2799
1317
1650
2711
2544
1059
2540
771
2788
2122
1543
2415
1448
1541
902
2235
1515
910
354
1145
2798
1731
1262
2305
1779
146
293
1116
2329
1745
445
2252
2740
1713
456
250
1521
1758
2175
1020
297
2614
2561
1841
2642
2938
2439
2707
1101
2493
3024
2825
2698
1604
1000
2364
331
372
2067
2125
1576
1716
2096
941
851
1423
1747
193
2074
2704
1363
419
2654
890
2239
1729
254
525
2243
2820
972
329
1411
324
2524
2504
2991
1420
1658
2505
132
2068
1200
307
1554
173
1421
2507
2520
2541
2725
1982
1884
256
2444
945
1707
439
847
2420
651
2344
449
2052
2389
1007
1825
908
896
1965
1336
1888
573
1851
2855
1403
2095
1422
668
2101
796
1121
1927
2164
2851
41
288
1734
1968
964
2894
2057
2929
3045
189
1129
1654
2821
2882
2565
490
1407
2830
1885
2878
2311
343
1943
1264
827
9
2489
1523
736
88
614
1821
1643
2965
2831
2088
1053
1548
404
219
881
376
733
2279
504
836
497
1945
2791
2748
2110
1029
678
22
2224
1001
2266
359
1646
2773
1935
2770
182
2676
2132
380
1419
729
461
2824
2549
1488
1923
1219
2405
2028
2747
2963
596
1579
2427
2633
1368
2478
308
2510
2108
2622
1763
575
1610
2673
2392
1585
2675
1640
2806
1889
2871
1622
811
714
2903
2650
2495
2567
2623
1648
1930
2295
484
243
95
1412
1765
208
547
1817
320
24
2109
137
1094
2216
1192
1034
726
2
518
114
982
1936
1247
2559
1509
1289
2854
2242
78
1287
1392
2494
1335
1984
1437
1571
857
240
845
1486
2850
64
968
2484
1341
1770
843
1449
2880
812
2056
2916
1273
2950
710
1151
1202
701
2609
2883
1111
1393
1767
144
2900
541
2690
474
774
577
1755
1072
1966
2543
721
1310
2271
2879
6
1857
2757
2896
2907
2195
2989
814
2924
1862
27
1819
2898
1058
2629
1675
2334
2187
399
2641
2552
1241
52
2718
55
1039
1112
2892
1715
3022
849
2972
2802
1718
1876
1557
653
1431
496
897
2428
644
2326
887
687
2778
373
783
2356
2429
2106
1426
2501
779
1069
1475
34
1153
3034
1343
1797
1574
225
2139
2729
2939
722
2026
942
1502
1102
1298
232
312
1524
2449
120
2315
38
1028
1154
2943
2499
2714
1148
2626
1355
2758
21
495
2873
1352
19
2876
2310
128
1316
970
2048
2635
534
1631
2093
133
1078
1880
2387
123
2539
996
1784
1092
1259
69
222
2099
2327
1295
632
2143
1243
842
526
1915
2551
1050
1599
259
1276
1493
2917
706
2083
2086
1589
405
2640
2949
2669
943
2527
3030
1668
265
2914
2768
592
1500
1177
33
751
1476
2926
2089
147
339
683
2336
866
1445
1022
3046
39
3004
947
2351
2412
2485
1954
1717
346
597
2787
1036
2144
1349
2209
170
2232
1806
349
2338
1856
647
2500
2985
1678
1859
787
231
1440
79
70
1278
2889
609
1660
889
1666
914
1737
2228
708
1353
127
2174
618
2011
2998
1033
1740
2019
959
2367
794
2634
780
1261
12
352
563
1778
1480
135
1858
517
643
2407
1764
1518
356
2418
1386
3065
2202
672
1405
2381
2360
934
53
1150
1098
1494
985
2668
1226
2554
633
1630
337
340
2102
3056
486
2969
1306
65
2225
203
1938
1895
2194
3036
1539
2922
1378
600
1613
804
2432
2163
1250
1024
430
411
2674
1573
1016
1467
1974
393
2736
2248
1691
2396
1125
2208
1627
472
2029
2233
1400
2923
458
611
1928
2097
630
5
1196
1015
746
498
1565
1042
2486
2201
1085
2523
195
148
1582
788
879
1805
3025
191
101
1891
1634
1248
2217
869
74
2150
1581
2927
247
2193
334
2679
2542
154
2886
246
980
91
82
2730
1408
2459
1753
1107
2782
1664
1944
2300
2250
1867
2776
2685
1357
2603
279
2977
328
548
790
469
521
1674
3021
296
1962
211
139
2157
2612
1441
1337
381
1916
1886
658
1068
2516
1569
2594
2705
2215
858
481
365
2455
1522
3005
1972
1187
1010
362
1834
1913
2836
1595
510
2153
1623
142
300
2183
2588
313
2100
540
1672
1281
1366
1063
1748
239
2299
2584
1586
2363
2165
2751
1637
2386
1086
2616
3069
255
499
2732
1215
2769
2278
1641
1274
1142
2860
1611
2663
1621
2625
1162
1848
822
1023
109
443
2805
1379
874
1240
992
2280
374
451
2138
2168
2593
1578
2050
1676
1700
3017
1117
2930
15
594
757
515
66
1163
1993
1291
1822
2655
417
2414
63
717
2686
244
425
311
1639
1689
371
800
2419
282
1182
62
1140
357
565
1077
700
391
1850
1537
1605
345
2490
3061
2812
2488
1430
1309
1025
2781
1663
1387
1323
1326
634
2281
553
80
3060
2151
1260
2054
2410
2518
394
2212
2954
770
1629
2695
2124
2522
1044
2112
679
336
2628
2016
2509
922
2433
953
2020
1246
1340
