567
551
660
700
368
200
595
467
46
727
74
670
532
282
633
740
702
67
465
150
2
3
357
38
668
527
413
655
483
758
562
511
474
579
495
36
512
448
319
155
384
571
618
439
157
96
243
94
506
217
407
703
41
463
360
601
535
137
765
686
731
518
307
253
609
559
280
203
79
521
548
45
685
75
317
408
300
138
26
277
193
534
760
583
676
457
120
500
247
678
305
385
61
684
477
325
329
295
470
711
677
318
638
199
119
113
254
389
720
258
411
164
575
454
620
755
729
70
331
353
241
640
23
278
613
649
410
420
202
730
623
221
358
20
242
356
76
212
392
340
72
196
122
88
189
309
296
151
624
556
103
9
549
617
437
544
537
246
745
626
663
77
116
156
530
112
339
698
509
651
639
432
265
252
391
232
130
344
436
539
707
658
656
661
490
10
161
591
269
709
24
452
675
370
58
416
667
637
57
634
647
365
718
680
127
566
494
610
205
697
558
433
93
520
491
352
708
673
554
725
499
400
39
644
40
95
301
53
183
239
214
417
533
764
110
546
238
458
484
174
175
580
523
43
388
84
326
348
466
28
310
586
148
44
445
341
42
276
213
653
724
717
220
376
134
625
456
674
540
423
735
650
516
713
426
27
234
498
710
228
143
418
49
337
111
343
501
569
425
687
550
215
641
492
648
669
255
224
115
21
261
751
627
292
375
616
514
139
447
101
68
582
187
327
701
738
611
64
659
508
354
399
386
489
728
695
240
427
346
85
581
504
412
218
387
188
453
419
422
109
351
91
308
560
683
382
86
557
395
444
478
390
342
693
415
568
6
524
124
4
692
78
182
267
584
753
460
513
488
503
172
15
366
283
442
604
600
652
12
25
141
13
216
572
628
723
37
441
260
266
100
7
0
142
87
750
510
734
531
222
158
204
606
451
726
191
181
744
406
125
561
31
538
227
696
446
570
288
17
461
398
362
71
184
89
565
404
636
529
18
59
706
136
612
290
522
424
397
763
440
311
328
429
564
743
414
719
33
464
291
197
330
502
754
133
320
377
665
55
168
170
543
374
315
479
605
316
722
468
654
664
118
480
481
694
286
602
54
244
194
596
230
135
732
588
545
223
739
688
48
645
705
350
746
248
642
555
114
737
259
403
643
578
589
211
56
497
742
632
30
140
293
690
272
381
682
165
608
712
593
313
704
167
476
482
129
577
302
361
231
553
207
335
104
528
736
574
163
364
691
281
285
306
190
603
402
486
178
323
469
82
80
65
666
208
66
14
383
106
179
373
438
378
507
505
757
107
629
536
615
443
585
475
298
275
367
