20
249
241
4
48
160
11
14
141
56
8
39
5
9
51
47
221
34
209
79
63
24
62
243
217
200
212
23
97
254
40
253
198
204
27
1
100
18
220
45
55
208
93
118
13
71
35
226
113
44
50
115
123
211
103
255
162
64
247
232
233
173
122
90
2
60
177
101
210
32
6
49
61
28
3
59
188
86
129
179
53
202
244
26
91
107
98
10
213
73
125
78
203
237
66
214
30
68
16
17
224
77
41
248
0
193
65
194
223
124
89
120
133
25
43
7
36
114
136
163
156
240
22
81
189
109
132
112
215
231
108
87
180
94
130
15
167
242
158
104
168
46
111
29
182
227
196
152
116
84
155
229
54
171
117
19
205
102
206
110
149
74
140
234
127
38
76
106
21
92
82
184
131
236
175
199
80
235
126
159
95
105
201
67
252
225
72
153
88
157
150
186
368
322
340
320
376
329
360
378
359
372
342
362
370
328
341
379
323
331
371
363
321
336
339
347
375
351
324
383
326
365
343
337
303
348
325
352
306
349
367
315
364
330
356
373
377
361
258
327
334
332
357
346
471
498
333
271
309
295
313
263
338
461
311
345
291
369
260
262
374
316
465
486
289
504
380
312
350
261
473
506
353
366
495
284
279
355
305
354
269
304
314
507
282
272
286
267
273
274
297
448
283
264
287
310
281
494
463
503
301
476
298
308
453
391
490
429
492
257
290
317
474
292
455
299
469
302
288
459
475
265
496
420
422
344
441
487
450
444
307
505
268
296
256
319
509
460
387
277
456
293
491
385
399
499
280
445
417
480
266
419
472
500
392
300
358
294
485
468
405
416
462
511
409
270
425
502
508
497
482
493
483
454
386
478
470
464
457
451
413
440
408
443
687
671
683
701
555
741
686
641
740
650
719
665
696
680
735
692
547
546
538
694
648
575
698
558
728
656
727
666
716
647
700
533
564
661
767
643
690
751
763
655
571
534
657
519
720
689
697
567
678
518
672
670
743
517
522
753
755
539
673
658
542
703
649
659
688
565
552
717
652
642
721
675
668
729
710
554
540
669
573
708
574
722
627
693
660
724
653
646
614
644
766
526
663
530
566
559
520
695
528
537
599
682
525
712
707
679
563
633
543
702
764
705
515
730
548
532
674
754
617
639
544
662
549
583
748
761
584
715
529
588
664
756
630
742
513
726
512
576
516
581
676
640
667
585
631
750
739
613
677
553
718
597
714
593
523
711
760
762
654
691
594
612
733
723
738
744
595
541
709
749
746
582
577
570
704
734
536
608
731
632
629
514
758
752
623
638
535
557
605
610
560
651
