31
27
51
10
12
38
32
2
52
54
62
208
24
20
9
21
47
0
218
11
236
53
196
40
227
26
177
255
16
186
173
59
44
135
34
162
237
15
134
6
28
60
164
212
250
131
211
148
4
234
241
205
35
129
152
199
151
128
158
239
169
183
136
203
209
23
229
202
18
248
190
253
167
247
56
244
1
147
214
184
133
225
233
8
230
166
216
22
174
254
217
242
153
157
49
69
188
149
141
57
182
143
132
213
180
246
172
231
139
138
215
156
179
226
171
221
191
91
197
73
98
223
235
37
185
245
39
222
58
65
29
13
192
249
228
130
145
122
189
150
165
206
168
104
137
232
243
176
198
85
78
100
142
204
86
106
80
107
71
97
121
77
17
240
94
102
210
70
161
238
89
146
84
99
83
75
195
111
67
64
159
126
19
175
90
117
110
103
123
118
42
45
374
356
317
340
331
358
309
382
292
320
355
303
319
335
401
306
271
282
295
285
286
343
351
354
283
360
300
304
281
289
364
269
308
256
307
275
352
278
383
261
399
350
380
430
438
284
412
312
367
425
325
305
270
403
406
258
279
262
441
368
294
318
329
359
280
272
273
337
276
277
365
296
313
274
299
267
347
327
345
302
405
439
410
263
428
445
265
326
291
431
414
290
310
402
268
429
336
435
259
397
338
315
421
301
378
288
444
424
389
266
416
413
379
417
443
324
442
341
509
499
386
433
427
376
311
322
260
344
330
361
372
264
333
346
511
298
437
407
297
409
474
370
469
420
332
314
475
371
373
316
491
339
489
457
505
257
493
348
393
411
479
362
342
287
492
349
483
510
450
470
381
440
390
465
482
418
498
464
387
487
363
467
461
504
486
494
471
480
388
448
449
453
518
544
563
529
532
512
568
526
517
553
562
559
566
561
666
523
595
612
545
519
708
596
537
548
546
687
684
646
551
756
575
635
632
641
557
514
576
602
674
739
528
707
590
613
592
650
724
754
660
536
713
589
716
629
709
516
680
651
675
667
737
738
722
642
572
535
700
734
659
721
695
638
608
645
731
644
591
631
725
748
677
718
547
682
765
649
611
606
763
761
584
534
702
694
759
656
717
733
746
661
762
749
743
671
764
652
747
539
581
704
580
689
678
643
567
736
751
758
726
614
599
670
634
654
628
703
618
705
735
681
640
755
742
701
730
744
753
648
543
685
752
524
610
729
564
714
668
673
672
723
533
558
525
609
706
710
692
527
745
593
697
693
679
655
715
669
699
621
585
604
657
637
560
711
683
658
639
574
540
571
617
741
767
554
696
750
521
586
620
538
633
636
