118
109
65
210
100
99
107
119
117
124
80
235
121
92
81
221
90
247
87
114
206
84
126
102
105
123
125
252
108
95
69
68
196
93
111
231
239
106
72
250
209
197
195
246
115
10
224
66
253
233
211
198
30
127
122
22
230
112
236
255
234
82
5
54
113
110
8
26
77
201
242
101
71
240
232
63
229
79
243
1
53
18
244
38
3
25
219
241
248
97
104
228
76
29
89
204
98
91
57
203
44
251
52
14
212
199
86
94
27
45
48
200
37
13
34
227
136
220
174
50
17
41
74
205
36
178
208
218
161
249
222
33
193
9
75
254
61
245
145
132
42
213
28
116
120
135
21
32
16
11
160
51
238
55
4
180
149
35
151
64
78
138
46
60
166
183
19
154
237
188
214
172
153
40
191
49
96
165
162
20
156
176
7
169
141
130
131
164
58
202
150
12
298
462
274
260
289
284
270
317
312
491
492
311
300
506
484
337
319
375
379
451
498
377
302
294
332
264
307
257
348
475
286
314
306
450
452
279
504
488
500
494
490
369
269
335
265
282
293
301
380
343
509
277
315
309
373
271
273
296
482
496
354
367
256
258
493
295
331
374
275
481
263
459
469
361
333
352
486
453
339
468
454
483
463
290
318
299
455
342
341
385
288
456
505
345
365
471
438
276
308
507
442
392
262
329
368
417
480
511
281
310
502
478
472
470
324
429
508
437
272
325
355
358
503
460
351
268
322
370
259
382
405
432
328
323
381
476
485
353
305
477
473
362
501
316
285
350
283
489
474
404
321
330
267
499
495
461
366
399
395
466
425
479
336
360
396
340
418
465
402
430
433
439
431
378
408
422
387
376
427
389
347
266
363
398
359
327
303
444
394
326
434
436
727
764
735
723
741
752
763
532
677
748
714
737
767
719
575
749
738
705
747
721
745
718
708
739
750
570
736
758
730
760
715
689
534
682
577
544
679
550
680
700
728
516
699
734
667
724
757
622
549
562
522
543
573
766
692
704
756
528
653
517
527
600
515
712
526
732
601
520
555
591
751
619
552
686
678
709
722
683
512
729
563
647
753
637
592
529
545
652
566
670
742
554
596
609
541
578
740
649
641
664
759
654
659
628
560
603
731
663
762
561
568
598
586
672
519
614
651
635
593
530
582
660
513
604
605
574
625
546
754
594
565
548
646
523
531
606
616
648
713
581
755
564
676
518
524
634
537
588
761
583
539
557
514
657
567
535
674
556
569
571
521
613
626
629
681
706
698
551
733
642
631
658
691
707
655
576
662
703
587
621
547
559
542
710
669
579
540
638
615
538
696
618
