378
2646
131
2246
1955
1392
2188
1617
431
310
2231
733
2087
1395
1931
1126
2284
2994
127
1247
1715
1866
267
955
2754
1220
154
893
1144
2271
1588
3000
1502
566
2030
2660
2442
799
1704
907
1352
1611
1483
2929
2174
721
408
2237
1318
2449
2799
2639
979
409
31
1700
874
2595
1648
1097
3008
1776
1882
1773
2689
2746
882
89
2821
370
1670
1224
0
1122
2847
1356
2411
9
609
2505
764
809
2241
548
241
624
781
2077
1287
689
3027
1928
320
401
2866
538
2232
806
2291
2529
2547
2992
139
1923
752
2700
1353
2407
2181
941
3041
1222
462
500
1848
920
1988
2106
133
1935
666
1411
565
1042
1775
1031
845
1389
632
1198
2390
152
1373
1140
1726
392
2515
1451
456
1632
1745
3046
2196
220
1901
1114
593
1839
2086
2298
318
2384
226
1336
142
558
1141
2424
2207
2841
201
495
498
710
2190
1801
1998
2807
1506
541
983
776
599
221
102
1537
1631
1138
718
1012
2453
856
189
148
1993
2058
798
909
227
2055
3032
2805
330
567
861
584
484
2069
2248
2353
653
453
2305
614
2619
1769
1784
830
400
2713
2038
1150
535
1405
1637
2933
668
2137
2732
1906
3054
1032
1803
590
603
2328
687
2997
1197
2214
2208
1065
1971
2653
2654
1714
3013
459
908
604
2545
2682
1316
352
612
1533
725
1074
2995
1079
2439
862
2364
2906
1550
1554
1720
1249
2975
2520
790
2572
321
10
974
2889
1166
1864
2206
611
1381
2648
384
389
2640
773
114
1681
1583
402
1380
2242
761
134
2603
996
875
1528
2372
1545
1788
846
600
1253
801
628
1660
686
1957
824
753
1269
2618
2581
1123
2199
1113
2530
275
383
680
1917
290
2953
1085
2657
2187
272
111
2582
1333
2612
3064
1449
789
504
1978
1822
2907
149
1503
2280
1981
2134
1099
503
270
403
2780
1553
386
3068
2274
394
118
1854
1216
2996
1641
2422
2793
903
1508
2337
650
2883
682
1440
2132
2834
2043
1707
2760
1829
351
3004
398
1793
2044
1889
631
3006
2203
1207
84
244
1458
2812
1374
1698
2924
1296
2329
690
2884
1539
1457
1655
2555
448
2278
2122
2062
1974
2064
2376
1730
2827
2919
539
2269
1579
2963
194
2163
2558
1104
2025
2068
1033
2461
411
487
54
2076
517
5
1206
1260
1401
1466
2874
2041
534
1262
1339
2478
2276
2155
239
537
410
2105
562
238
2525
219
741
71
1566
698
2705
1183
654
1791
1956
694
1254
2111
349
151
1939
1372
857
2506
1727
1478
185
2430
1984
1118
180
2611
286
2451
29
22
2296
2804
2275
1135
2715
246
2349
2873
1171
582
598
2758
2552
2348
840
1606
2731
765
1668
754
902
1852
2811
1552
188
970
1746
1662
83
2896
350
1102
1
1044
2161
2642
1546
2527
2685
2957
2697
1329
928
3022
99
2645
1321
2927
2813
2661
101
2450
2007
1256
215
508
177
1112
1130
1242
1645
1845
1338
984
918
417
2331
1561
847
153
289
2011
2133
852
729
587
463
792
3052
1797
1075
263
1498
1176
2833
170
934
1089
2233
2235
2089
2397
326
2686
1724
2868
442
1547
2625
205
1850
1557
1149
1629
952
223
583
1600
2683
681
1456
471
814
1463
2176
190
2955
2495
393
195
1509
112
2079
2798
1627
42
458
724
35
2095
335
1876
3050
1818
213
279
2820
1872
2054
251
1300
3070
1642
596
2244
2107
2617
1609
2435
2167
1452
2524
2136
1442
2888
1091
579
1326
2726
527
2114
197
577
1409
1875
613
1445
1439
2003
2060
2426
2177
1499
768
490
196
1298
2200
1947
1273
2851
163
1191
1743
563
2404
514
1443
250
1621
1119
648
1194
1027
838
374
553
2571
2974
2066
2912
391
602
494
26
1649
2476
2413
2559
1006
473
1893
470
738
1174
1413
1891
1204
1944
581
763
722
2090
849
2074
2627
1832
876
1292
1927
1265
1973
2123
2186
1658
136
2375
2734
2286
1577
2553
804
1933
1524
2462
369
835
1696
935
2729
2724
2886
747
2472
1690
144
1996
429
2897
1961
3039
1946
2312
2663
56
951
1243
12
1479
156
636
643
2783
640
268
1105
115
3051
709
2882
1754
1303
3016
1682
1384
2850
1188
1360
1843
1117
265
2316
2628
1214
45
2249
2751
2112
1569
2065
108
2815
2295
284
1934
588
697
312
1646
2046
625
513
2735
1991
1225
1158
2354
1181
2880
292
2570
2519
942
338
2012
242
2802
2446
1028
1694
554
1157
2262
81
2935
771
800
1324
1093
2094
1880
2330
2452
51
436
851
1792
585
505
2049
1888
334
3062
455
2573
496
399
2665
1787
1857
2522
467
2115
2479
1416
1259
1355
2166
2020
1697
424
1040
891
1809
2675
1713
2465
2565
19
1071
1348
810
1386
192
1530
762
1317
1396
523
2333
2845
1507
2634
299
475
413
3001
348
339
492
2983
2566
708
2551
958
1139
2971
1418
2892
47
395
379
1391
199
1536
472
1725
1377
1977
1082
308
2162
119
788
1278
2987
3014
2083
1293
2801
2803
2604
2725
7
2230
943
2932
2441
855
1285
319
954
2843
1896
1814
927
1185
746
160
586
2367
827
889
986
748
1823
248
1932
826
1764
1172
1835
2315
915
346
1086
2369
2085
528
122
1397
1034
780
1909
1914
1279
1332
2738
1024
2109
1432
2864
1192
2460
1873
2093
1959
306
623
2457
1585
1227
1175
68
1562
1047
2266
2673
342
2234
1121
2509
1560
551
1315
2674
476
1461
27
497
1523
1064
325
524
1986
1768
3021
2836
1751
2503
576
1874
166
2057
1824
23
1448
2668
1019
1686
1602
556
100
439
1258
1915
726
2747
357
2327
2314
529
1477
1297
2523
1815
2926
1076
1883
2711
1748
315
2939
727
1120
1159
1017
1962
3069
3010
2260
2985
2047
1826
1382
1625
2225
1143
633
2381
1223
2632
1930
452
2973
1796
720
1604
2899
662
1320
749
2140
6
2977
2759
1568
3065
940
2377
1168
2427
2771
269
2863
2416
1369
2710
678
2444
366
901
904
883
546
1942
1425
1054
839
1703
837
2745
2855
2432
2951
1757
2097
1586
2862
1039
518
2554
873
2040
469
2113
931
2473
1607
1544
969
2596
124
2848
1744
1201
2365
2869
1650
1591
1605
2538
406
914
1226
2507
1833
316
1739
2250
663
1805
2931
2875
2238
988
895
860
892
2145
1015
363
2198
2256
2270
3031
2539
1819
3024
2526
2681
2548
2999
917
18
1410
2138
723
2516
1902
104
1886
2146
515
2979
2165
2702
1050
591
1516
555
2719
2917
373
1953
2081
1021
2968
2205
120
1657
572
324
683
2608
1644
2915
2826
796
1245
103
1215
328
317
1778
740
2656
430
2562
300
1520
2287
1952
2549
2733
2304
433
1330
2144
1999
1464
2396
234
3060
169
2716
1244
2001
1301
2347
1844
2721
1387
1900
1551
967
3048
2332
972
1656
1965
1756
2781
162
294
844
307
1281
684
1500
646
1630
1741
2300
2359
1420
1378
994
1239
1858
1790
1203
999
2792
1178
1695
2088
161
1910
532
2455
414
659
2762
1310
1608
2185
2220
1795
2010
2789
2690
2501
2956
1450
2406
2002
519
303
2887
1124
1885
3063
2825
1664
1003
2173
1890
434
1924
1061
1596
1422
1870
2809
2366
803
1737
1518
1936
2252
2568
333
2302
2849
1230
1331
2008
2976
2492
183
2814
1904
739
140
332
1980
2098
3058
2962
929
182
1489
1408
1045
2870
2319
1734
2861
716
1597
2597
2925
1196
364
695
507
72
2643
2961
1473
502
1527
2904
1142
1072
1264
2857
2741
1488
2667
432
2357
2537
311
2469
61
2171
1110
2610
2592
1558
2119
2342
1825
66
2879
1366
2934
1721
3037
2292
702
91
1437
1992
1945
2569
2600
2856
867
2247
2958
1661
2197
1334
530
1036
2459
501
964
60
1350
3023
2135
547
2858
3061
2129
1907
3011
2014
1691
2835
1455
791
1846
993
2036
1685
82
671
990
1182
2839
1736
1702
1103
1807
2557
2867
69
1005
1706
1759
542
1683
143
3002
1375
1774
1615
1515
1270
97
2500
3033
360
1228
2615
642
2865
1534
2033
521
155
2456
2605
2748
1549
2468
1155
3059
2633
756
2028
3007
281
1351
2773
1761
11
2070
2344
288
1525
1492
2294
1426
2704
1847
2494
256
896
667
1603
1497
1460
2321
2213
2794
973
2679
1548
229
968
1811
2216
946
1543
1271
933
1723
570
1487
2589
2374
2338
2810
1399
745
2846
1094
2959
34
36
1161
1972
2614
2481
2051
2351
1132
2541
240
2073
665
1056
2695
2902
1179
2498
1165
2157
280
2474
897
313
2768
693
2518
870
2307
540
1542
1689
165
2708
1232
420
2989
2034
2782
2952
2949
274
1867
2440
2838
2037
842
445
1302
2905
2021
87
146
2382
336
2787
2818
785
1173
2550
1014
2590
1328
1084
533
1765
426
3044
262
372
597
396
608
1708
1263
309
412
340
639
353
2202
1043
1309
2620
2268
1252
200
20
2544
2829
1540
634
2790
168
2168
531
137
1912
685
354
2624
418
1235
2948
138
1133
2542
41
3040
2937
549
2613
1990
2901
245
44
85
2638
271
905
1573
2576
1290
2761
2946
440
55
2678
2
884
2217
1578
1735
2688
1493
2475
2840
1812
3036
21
1976
1147
620
2299
1675
820
157
1770
2387
375
2853
75
428
2591
1783
249
1958
2672
1272
2740
829
2285
2061
2894
1884
1749
2936
291
3028
1821
1564
2563
817
296
621
742
2059
2786
2670
422
2447
2346
2423
925
961
1058
2823
3015
2772
1474
1115
880
737
688
1349
966
630
525
1940
25
2599
833
444
1211
2490
2289
1712
1268
2239
95
460
594
2982
1051
1471
2561
212
2669
1417
2063
828
622
1789
17
2263
2970
1234
465
1359
63
843
1879
2796
2701
1288
692
1593
1967
866
610
2117
2308
1865
2080
2015
2343
2652
890
2042
2622
264
1951
1750
314
2290
766
601
2822
1628
2410
2313
2091
2031
216
672
28
945
1808
159
1151
957
2564
1633
2370
2577
79
1433
305
3018
3038
276
1294
285
479
2535
1371
2437
485
2118
1092
2368
1762
2717
696
404
1337
2950
1849
526
2993
3035
1177
2210
1286
1760
202
834
2334
283
1472
2398
489
1100
2707
1379
2694
2004
985
254
2775
447
1305
261
2898
1343
2418
415
2141
2684
997
2649
1983
1740
1251
1370
176
52
3034
2607
980
2969
278
2178
2650
1136
937
793
670
1970
2229
2876
1267
2391
385
1163
73
3025
167
1742
772
1208
273
1612
2659
368
802
86
1881
468
1236
1669
1109
1098
2893
2429
1532
1169
707
1383
2737
1347
24
2742
1346
1004
1306
1037
2164
2722
573
2039
123
1131
2179
466
1522
435
2954
1073
1078
207
2309
676
1129
2774
2831
125
2671
506
1643
1651
1363
1571
1404
2380
193
522
2204
713
2698
944
1610
813
1859
2467
2483
2998
2730
3019
2402
2470
1485
1968
759
564
1877
1241
2412
987
1758
557
2273
2981
1624
1997
1018
1217
2504
2445
1729
1221
2965
1570
208
1275
1785
2306
2184
1922
2243
15
818
881
3053
1806
1240
655
656
1002
703
78
1407
80
1189
2739
1592
2195
2100
2655
464
1357
2379
1921
2484
649
2102
617
1636
1025
365
117
950
2128
778
2817
615
1711
1830
2293
233
1995
1732
2859
266
2126
1167
450
1304
2019
113
2383
1517
2528
2363
1869
963
1415
2756
1828
2703
77
1975
323
2609
2323
783
1069
2586
1969
1895
758
1948
106
1200
1710
816
2630
784
486
1982
1590
1414
618
1575
1438
2765
295
1020
1022
2029
3030
1484
2676
1717
329
2709
1180
1205
2594
2099
2521
2626
2580
2147
259
1898
2264
1307
2288
775
2584
298
2125
2108
1007
592
1436
3012
712
14
2744
2828
302
2986
808
1282
1766
322
1820
1154
1519
1903
2180
2326
1080
3066
657
446
297
2075
1899
1116
2808
2443
2766
90
164
2755
3029
1529
2297
2763
128
405
2908
1340
1622
1090
3017
461
2800
731
2635
1446
1699
1555
206
2791
2339
2777
1840
2277
2013
483
2378
2431
2071
647
1444
822
1077
1601
1335
2852
2257
33
2120
1559
1354
2750
899
1634
2944
2409
231
423
675
2616
2436
1841
2182
1111
92
2743
2222
2403
147
786
2819
619
1616
2143
2386
916
971
1095
859
1887
361
181
2016
2156
1684
16
1266
1581
1218
1913
2194
2267
1638
2830
569
499
2006
2417
2872
2641
2511
1289
2493
2677
674
110
1667
2837
1482
2394
2499
230
1376
2056
2110
673
2585
981
645
1295
1659
2324
1614
2693
1954
948
2371
2169
2543
2148
561
416
451
1160
2692
343
559
2984
30
575
2158
1663
2990
2434
1837
441
1475
2221
1964
43
2623
2000
705
743
2779
150
76
437
510
1653
1325
70
341
2159
888
1419
1827
1476
2486
2533
2251
37
2211
2385
358
382
1152
2795
1563
178
841
651
769
3071
1842
1096
1654
1038
616
978
2067
949
2170
1087
1782
1521
1810
130
2914
1680
1836
2393
1687
1156
1454
568
2938
1618
3056
894
2602
560
779
797
1314
