2133
2112
2947
1485
2067
3032
595
2620
137
2498
2419
3046
1969
2727
2872
3055
1035
2912
889
2172
1853
1909
1843
327
40
2007
2255
1848
1217
115
2877
1757
344
329
621
1179
1493
1703
1010
559
2621
683
1246
2663
2274
1553
2956
2108
2246
867
1013
3062
905
1859
2018
1001
1533
1734
2256
312
2401
1059
2602
884
2080
217
1208
122
2201
1500
1092
1225
1045
1812
1144
2856
1406
684
2880
2732
2175
225
2180
2161
2487
1623
1009
1025
591
2109
895
1832
3041
2055
2338
2346
2329
809
904
2696
1620
652
1842
2323
263
212
2162
1414
2858
1768
151
2372
2156
2384
1201
1697
259
2984
1849
2759
2386
411
2137
1379
711
2110
1088
1803
2382
795
691
625
246
2692
2123
1425
736
1062
1678
2542
2539
2100
1231
2923
536
728
1640
2301
1566
1334
703
1120
551
2436
2846
806
1139
2888
3054
2077
48
2402
168
1291
2837
966
1721
794
2142
2320
65
1285
300
1310
561
3001
571
1999
1959
443
1391
1625
531
2929
1519
130
2254
1579
1168
1690
2252
1567
3017
472
1101
200
2231
3070
957
245
1947
2058
232
766
1053
2795
1432
2532
1802
2345
2654
819
2778
1941
1132
2139
2125
2548
60
2753
2385
2626
57
1398
1580
2931
2636
1312
782
2772
1078
2887
2562
1562
1862
299
2666
2392
234
720
3040
2793
1102
1985
1079
2309
724
1186
2550
647
1691
58
1315
1107
579
1352
2028
1024
1017
1877
2305
2377
666
2605
1357
1142
20
2951
2181
3000
62
1560
1446
2148
2624
469
2052
241
1833
43
171
2243
502
2310
271
1167
1188
162
2282
2268
2991
701
416
2569
303
1617
222
1300
1043
2272
248
1095
1097
3031
1178
771
333
2758
2842
973
2241
2660
1737
2325
2736
1111
980
2199
977
270
673
267
2365
995
1669
2444
1087
2680
831
1126
1905
1654
2513
1098
1419
13
1695
1740
1785
1746
1543
835
2600
1944
2263
2226
46
2812
2946
1616
368
903
2212
2471
2985
2159
902
1431
612
148
2700
1774
1421
1162
378
1286
146
928
2850
493
1385
1597
339
266
2922
2066
1135
2744
2408
2587
413
769
3011
1236
523
874
2334
1039
2529
1210
375
2364
2896
926
2270
1354
2095
439
1778
1258
67
1198
2102
2862
596
1508
2002
508
1089
1581
1373
792
2750
2476
1016
1247
2823
1822
402
1498
1442
657
2284
2211
1473
799
2796
1451
2886
1637
1160
340
2138
2876
1708
2783
2538
1355
1532
318
2902
613
1060
1489
619
1154
477
1903
2358
1704
369
420
2206
396
685
131
1641
2434
610
1084
1460
943
2113
265
1203
757
1275
2691
2280
135
702
2629
1511
1545
1054
1180
1809
2785
718
2378
3065
272
1129
317
59
1037
22
585
228
2679
999
105
386
338
891
2731
2594
1650
3066
3008
331
2955
139
1011
1728
959
1688
2076
2848
2523
1940
2775
1923
72
862
2522
2668
274
1311
2092
1409
437
763
1384
2005
2643
2132
1250
114
1627
2197
257
1601
1051
2069
934
1339
2115
2980
505
1576
2628
2318
419
2832
170
3043
2828
428
2627
1083
1002
2970
1192
421
2836
1918
1539
19
184
1733
1222
2281
2466
2087
1356
563
471
210
1693
512
2576
1232
2788
1700
2460
1943
1828
2478
844
1109
908
7
1358
80
326
853
1342
1224
2457
100
2238
2486
1029
588
3056
195
2433
2609
880
1118
2710
2468
2650
1274
192
1771
9
886
1486
842
947
2053
2673
851
686
2391
403
464
3003
1262
3063
436
1249
1976
1520
1301
2359
1801
2455
2311
2174
2738
169
808
52
1963
2202
1797
2503
2804
1467
166
71
250
1514
2863
2371
1213
495
1995
592
1441
2322
1430
11
10
743
2375
700
1972
1265
639
2904
2644
2160
2838
298
63
358
1901
855
1007
1829
1267
1810
1099
2809
273
544
2167
1644
830
555
875
2771
2413
516
2337
25
1149
1147
2442
1756
3020
1674
2688
552
2803
1883
292
1138
82
524
2733
2866
3029
1522
2652
1501
529
1602
2526
2380
1367
2143
161
2608
1874
1447
216
1961
2019
2701
890
1103
332
3014
922
827
2855
68
2070
95
2332
1857
391
1445
2303
424
1555
1919
2221
2426
935
1440
1871
2198
2601
1989
1639
1720
2054
2597
2153
2557
2919
1527
1305
3071
578
91
2875
2725
54
2040
1657
334
2420
1696
927
2983
2484
2794
1266
546
651
1948
945
698
175
1786
936
1229
2737
1072
2954
2293
2808
1407
511
1454
2986
653
2340
2314
2973
554
2817
290
2964
992
1707
2709
784
1096
2521
2501
2765
2232
2740
28
737
594
2283
1175
2545
2343
2039
560
2851
1852
2674
2015
2481
288
1821
2065
2347
938
1176
1659
754
2191
1896
1368
2163
2857
864
549
2265
2249
1400
873
2633
2489
2454
1435
1195
518
371
2086
1775
388
459
1714
2465
1071
1882
287
490
620
1902
1150
2416
759
2619
2491
2152
1359
1613
515
1399
534
2806
2537
447
2517
314
1184
2819
353
219
2905
1153
116
1793
503
708
1612
335
414
687
2952
1749
1067
2536
1038
1163
1027
1405
1729
2423
1376
2049
2839
3045
2606
1915
914
713
1868
1378
2776
2459
102
1344
2012
1324
1588
2814
1900
1866
1854
2317
580
1159
1014
1100
1332
1671
519
160
1287
2811
2462
4
2890
817
2467
3
2451
3015
1173
457
630
1307
723
796
2207
3059
325
758
627
1870
1804
1808
863
2267
2826
2422
878
2891
468
1777
1577
1064
1974
249
1715
2276
2781
1280
648
1762
2073
2417
180
1472
1455
1437
2824
3028
1706
206
213
397
1666
2089
2453
321
1895
2432
2020
1559
525
188
617
2831
81
2662
1920
818
2879
3068
2400
1326
2356
370
1297
2291
2614
121
1569
261
940
1499
89
1392
1752
1872
2639
2350
2801
5
2763
1530
2974
730
2379
1782
467
1117
253
342
790
838
2286
87
2622
678
2369
2777
3050
435
2799
2993
2360
179
982
2968
1851
1595
1676
1503
756
3005
1026
1634
2068
1933
2631
510
2786
2508
2010
3037
717
570
2610
1164
2381
77
2739
113
1904
193
2355
1187
2354
680
801
173
735
455
101
2111
104
1586
142
2021
2572
3012
427
15
2435
2186
1327
2646
31
1682
1894
1170
1070
987
833
562
1518
3007
2958
1945
2296
834
749
1068
2474
2410
2625
2297
2178
840
2780
2976
1998
923
277
682
2124
954
2791
1348
3047
2496
1645
504
281
2754
2921
635
2253
1003
1806
2635
2213
1921
446
229
805
2404
2366
3036
1890
2914
2216
1033
1836
768
1648
2518
1021
930
129
2511
491
1145
1542
1938
1491
2830
1433
430
746
55
915
607
36
1725
2972
2868
2193
2881
8
1663
363
34
1572
2867
803
699
2135
2025
2944
154
0
309
2789
2060
2552
1954
351
1325
1931
2916
747
359
1034
2967
1434
2326
194
1787
2735
896
2686
1788
112
484
1243
204
706
1005
958
1979
707
501
406
1561
2078
2082
712
412
1169
906
1347
2682
1879
1924
2807
605
1052
384
1517
1239
2397
197
147
2439
765
2792
672
2999
199
2285
2061
1811
3069
96
374
231
448
1015
1505
2071
689
1165
1863
395
2820
385
1571
145
1377
956
1946
547
244
1796
23
1672
2589
2591
1199
2307
1960
1415
2257
2963
1841
2638
2827
2452
2510
2901
1193
2852
2294
633
883
1540
1086
920
1061
2715
569
1736
2767
543
2494
2932
622
1448
839
872
2829
1624
951
674
1497
1717
376
159
454
347
1156
1633
124
587
392
2507
996
2918
2752
1622
405
2383
644
84
2528
2084
1113
2013
848
1864
2960
1670
2699
785
203
1881
2483
2979
2228
597
1374
1105
278
2939
2766
2676
841
2533
2227
78
1738
1141
187
1194
1381
1000
1366
948
2543
755
506
2121
517
1973
223
3023
1465
1660
1457
1479
1993
1665
925
725
1934
1513
92
611
1739
445
2279
978
1844
1143
1991
86
2649
2424
1980
3038
1885
2509
572
323
2648
642
714
2764
2259
1428
970
2612
832
2810
1713
2368
2586
2217
1929
306
2784
2653
1049
3057
422
1799
2278
3030
2033
692
2703
56
787
2726
731
1858
2906
1316
858
2547
383
1873
2685
981
432
2036
1912
2482
1119
2678
2560
2098
2210
1535
608
35
1475
2357
509
1177
1283
961
1847
2414
224
2047
3018
2387
2689
37
1372
1692
295
1395
815
2623
354
2218
2724
415
2655
1780
103
233
2883
1313
1397
868
946
2909
235
125
350
1050
1314
1661
650
1986
770
1452
324
2884
2853
2734
1137
1394
660
811
2104
349
2470
2264
2563
1244
2164
12
1794
315
2000
2224
2405
556
2101
2950
2917
460
2192
767
1204
1481
1651
1869
2713
1237
2006
688
1516
1110
1207
548
2308
1124
1529
2593
1276
2046
1705
2519
2818
820
311
1701
1115
807
1294
1646
2871
208
1781
2266
2411
2645
2992
2747
1323
1386
2670
2535
2029
773
2716
2146
553
74
1019
3021
1022
885
3010
390
2497
1732
2363
2530
1893
1289
1263
1251
2802
2878
1040
1889
538
2225
1680
1416
1600
93
1209
576
2659
230
2671
1630
2945
2683
2183
829
1369
29
1046
705
307
296
3049
917
997
1248
1735
1196
910
1127
240
2595
2027
2611
1278
2425
2094
393
998
2892
1382
215
985
679
2551
387
2447
2556
1621
1330
167
979
1990
1589
2105
1910
2599
924
2081
16
1551
3019
2769
1306
2136
18
2103
453
2170
2840
1077
2195
143
1820
417
1813
800
2247
781
1790
2048
2598
294
99
3013
971
2705
2588
2179
1605
520
1761
2463
1668
2016
1336
337
2578
2975
202
968
2615
172
2998
407
214
157
1041
2762
410
2415
550
939
750
1815
2672
2987
2003
618
45
1
1926
1686
97
1463
1611
313
1121
1722
584
1718
780
2718
1057
2506
2721
2957
478
433
1290
2485
2694
1245
49
601
276
2743
975
2244
2194
2571
367
1221
638
593
2927
2399
1731
739
2438
1684
876
898
1281
2242
1185
227
1965
255
2544
1484
198
616
1155
1568
871
360
2755
247
697
1521
2664
302
1151
2116
3067
2237
942
1055
694
282
1603
1594
849
2684
1907
1827
1233
514
118
398
1404
1593
1741
343
1558
719
640
1048
1426
1439
1917
2854
916
542
1582
2477
2797
2239
1090
2233
94
2933
789
1458
1363
1261
632
1548
623
1609
201
602
1329
2056
1235
2729
1679
1438
1063
888
1351
2298
2997
1887
2407
2370
322
2657
2554
696
2499
357
2316
310
2342
2541
1464
1317
2014
1994
2319
2074
1792
1554
574
1411
1694
2114
1977
2096
575
3044
152
704
423
1270
1190
1396
2493
1583
1932
1234
1490
752
481
1350
2223
2079
1388
2516
1413
1174
2520
2126
2009
2330
568
626
51
2421
2900
894
2072
774
90
2214
2525
2706
220
1916
1753
603
1536
1093
1988
1626
695
2616
301
2592
1949
164
1987
2834
1487
189
1888
2577
1337
772
847
1230
2768
1255
482
330
2051
1846
1422
2959
1823
1361
649
991
2697
1687
1166
176
1619
2331
83
615
264
3064
659
1891
2240
236
1956
2269
1240
1791
2882
140
1615
2394
489
2977
205
2585
2815
1992
1504
1743
2779
1362
1649
3022
373
2390
960
2787
1320
2393
857
2429
155
1653
1585
1271
1643
604
716
2219
2118
2774
2816
1698
1805
2122
2651
117
2534
141
2495
1865
1719
1279
3039
1172
976
1997
599
1080
251
664
1760
2641
1556
2258
1867
183
498
382
1590
919
2978
2428
866
3058
2011
1636
1664
2469
1006
2403
681
1550
2044
1798
2097
507
1032
1547
2475
1819
2349
2613
2154
404
2822
532
2913
528
788
1284
1074
2714
2558
2075
2549
893
1606
989
577
181
2860
2127
1598
1970
487
2800
1773
1273
2352
1675
1795
1531
944
810
2235
356
2169
1353
2574
824
2720
1191
2581
2131
2746
900
1008
2
2749
1831
1834
69
856
1563
1610
285
1477
1112
1469
2222
2603
929
1564
2911
1206
2928
70
1345
1897
1747
479
994
163
2388
2825
1328
24
2634
1958
1131
843
2935
2302
2899
932
2328
1906
918
132
379
1524
733
279
2184
473
458
1631
533
1116
1886
178
47
1094
2711
600
3048
136
1075
3004
238
1754
984
931
1295
1745
2445
566
2464
2312
1004
76
1429
2583
1765
1478
2559
451
2926
2333
1681
50
1711
1471
3053
21
1200
2849
1899
1412
158
2490
1470
1837
2001
887
3060
425
109
2722
1424
1474
1825
1257
2339
865
606
153
2292
1494
2596
2897
441
2690
3033
2064
2119
1308
965
2215
1930
1091
1755
2492
1860
27
1614
2898
986
2196
2234
444
1769
1512
804
860
1814
2062
488
1914
111
1662
2515
1393
1913
822
1260
211
2389
2835
854
429
2430
2994
3052
108
2262
828
119
1065
2446
643
88
2841
2693
541
1122
573
2203
1123
1767
2157
1277
1951
2134
655
1058
2190
2667
1085
2864
2128
1982
352
2273
2760
2953
661
2431
2971
962
2458
2637
341
859
2527
2741
1783
3002
346
2894
2579
2861
2936
426
182
1365
2874
2915
1340
762
2236
1114
