238
108
201
233
101
115
247
215
236
204
194
235
197
37
77
225
118
63
113
203
106
91
59
3
122
141
74
110
124
79
128
207
85
44
12
162
246
75
89
158
229
132
96
47
248
100
69
223
153
116
244
39
180
117
249
241
86
123
166
192
210
183
105
231
27
163
178
198
209
143
188
230
140
157
228
254
38
216
67
119
52
145
56
206
125
213
191
138
255
152
155
237
2
170
190
214
48
32
41
161
54
93
176
49
173
175
15
4
217
51
20
90
53
185
66
129
205
109
245
1
240
25
251
55
150
61
179
0
219
97
149
21
81
135
159
195
130
226
243
73
92
13
8
211
26
184
111
7
220
42
107
80
181
24
43
31
112
174
222
212
40
22
82
64
76
98
146
10
57
35
9
187
14
208
177
164
147
165
16
23
103
242
136
6
102
171
50
160
200
182
127
144
427
442
477
394
468
392
423
438
511
418
441
431
411
426
401
485
368
399
407
460
400
469
480
402
419
388
462
398
475
412
478
390
406
429
495
434
440
446
417
436
509
488
396
338
501
494
346
404
479
507
397
360
493
432
463
454
415
437
387
405
384
408
443
344
486
456
307
452
380
352
351
326
282
305
288
265
336
391
414
490
357
435
484
455
315
465
393
361
461
295
410
297
316
311
272
403
421
466
409
439
510
367
328
482
422
451
318
310
472
312
496
474
425
428
383
416
302
373
464
483
362
505
458
317
289
445
378
332
385
331
370
340
306
377
320
457
322
334
365
314
264
430
447
498
459
476
293
267
363
345
279
341
274
371
503
491
330
369
349
492
285
448
366
308
420
508
467
329
395
450
276
502
286
356
375
300
303
347
324
261
343
273
487
342
283
323
275
381
348
321
337
262
584
576
597
621
623
594
619
630
629
590
607
613
722
625
600
582
608
592
639
651
642
610
612
617
641
593
634
622
611
646
699
591
725
654
736
743
583
690
720
746
606
638
681
717
688
598
682
645
627
708
633
602
618
588
696
709
707
579
758
745
631
578
616
694
719
650
649
757
632
666
727
595
756
643
647
628
609
604
716
652
759
664
762
715
763
615
713
734
519
669
705
677
728
739
674
680
714
573
640
577
753
766
581
711
700
730
656
742
561
685
752
723
655
636
673
701
580
740
662
587
599
744
686
614
659
684
704
691
737
710
702
726
697
566
574
635
538
527
663
729
718
556
750
751
676
732
692
689
644
683
531
653
585
721
731
557
671
555
620
679
567
657
520
712
760
755
754
529
542
678
724
514
667
525
761
586
550
558
523
524
703
526
589
521
670
518
648
693
570
672
551
559
