216
249
245
199
237
235
232
203
223
198
213
224
226
247
219
252
251
240
250
221
242
248
238
244
197
214
231
53
241
192
204
222
234
215
194
49
211
43
115
92
22
8
2
62
35
41
17
210
228
13
3
44
243
217
63
124
233
230
37
4
47
105
36
10
122
71
11
208
51
196
70
212
202
107
121
209
27
14
50
46
59
56
84
96
31
254
162
113
77
12
30
174
45
88
218
118
52
151
126
127
39
66
33
111
158
76
98
200
207
163
104
166
106
135
102
123
146
164
239
143
149
141
112
100
95
156
9
189
136
128
29
61
6
117
94
155
229
184
133
93
1
16
69
91
64
114
55
180
181
120
206
79
82
153
182
171
134
131
201
74
176
119
26
145
172
97
7
83
185
175
150
15
186
21
65
159
80
72
68
116
89
110
129
28
19
132
177
160
148
130
48
154
383
360
372
368
378
363
338
364
348
380
323
334
349
350
369
373
354
367
320
288
327
352
329
341
315
346
337
261
262
366
359
263
345
270
258
300
379
326
268
278
264
340
382
322
336
305
328
330
298
344
266
361
362
435
285
265
280
273
339
324
365
331
417
375
430
295
385
335
301
307
355
283
440
291
343
347
279
308
332
438
325
376
371
299
342
412
419
381
314
399
321
356
281
401
309
351
433
286
272
418
408
294
290
311
429
387
357
434
374
274
388
422
393
271
400
293
391
450
384
469
411
441
425
431
477
403
413
397
462
427
436
442
318
443
256
395
292
492
260
319
370
486
445
444
312
415
377
277
398
465
458
313
289
302
426
259
483
297
476
407
451
421
392
439
500
506
502
490
501
496
478
405
284
475
493
454
481
482
484
472
449
423
424
267
386
410
306
464
505
257
333
511
557
549
572
524
538
541
525
515
561
514
523
513
556
565
547
518
527
682
526
544
551
677
533
560
516
539
567
644
543
555
571
519
512
659
554
545
537
683
675
684
522
563
667
532
666
674
672
641
669
665
564
531
550
668
703
566
658
569
663
568
681
534
536
520
552
670
692
698
701
686
693
715
695
694
687
691
680
662
713
655
642
647
702
678
548
690
661
574
540
517
656
710
726
738
581
636
762
664
600
657
737
748
562
756
712
529
764
739
648
622
651
653
743
696
714
707
626
730
606
676
628
723
757
746
729
603
609
708
727
643
654
673
742
719
722
640
699
752
688
535
717
700
637
617
749
619
709
711
616
721
744
621
706
649
731
577
705
635
728
646
602
740
747
553
542
598
685
745
671
638
578
608
766
725
758
585
632
645
625
754
765
724
620
573
607
604
633
679
761
584
587
558
