301
2798
1746
1131
1643
2700
2663
2744
2414
2053
1453
1083
2905
2921
1299
402
2573
2204
2986
2861
469
3049
2644
2162
730
2942
1610
470
1194
1050
263
2959
2721
425
1665
1830
2407
532
2965
1902
2923
955
1369
2276
1215
2137
2672
2447
638
712
561
1353
154
2739
1984
245
633
2712
2994
1777
282
2793
2005
1240
962
2771
242
2544
2762
2068
2636
1416
2359
823
1521
1372
1771
2979
2002
1230
1041
2991
998
232
872
2448
400
116
2459
1408
5
1140
241
2550
807
569
1228
2221
1418
2392
2844
1793
1152
2572
2706
1765
2222
601
1804
420
1441
2013
1280
2992
2207
682
2258
1415
2659
1823
2982
494
1597
2945
2658
893
1051
1985
3042
1072
2110
1087
740
686
737
1989
340
2538
1101
1872
1867
2525
341
2772
2808
2626
1688
2457
177
3062
2391
556
2421
1227
3046
1329
2499
1243
543
2146
2132
2199
158
2066
870
585
2434
1895
2293
694
820
145
803
937
1250
961
1903
1025
303
1142
2552
2966
382
3047
1027
2732
734
2610
656
351
180
692
1268
333
809
398
1892
1847
1720
512
266
2981
2912
1885
2060
1428
1905
153
1938
2422
395
2486
1352
668
3063
2412
2216
732
2903
523
997
850
315
622
1419
2815
2442
2507
2719
775
2748
828
696
226
592
533
1857
2776
2703
831
1151
548
98
1450
1606
651
510
2820
1361
2842
698
806
2450
1269
3068
1334
2970
830
491
433
1423
1906
1735
1595
827
1590
283
1281
1880
1017
822
415
2235
2107
2140
1457
919
1811
933
2141
2605
439
3008
1818
260
992
1716
1845
144
2960
1331
2811
816
1816
85
1919
1875
2717
258
1186
19
322
108
2662
2600
751
337
2160
2073
2087
1576
370
573
1889
1126
868
1401
2374
1204
679
2713
1114
444
2348
1814
1390
2230
427
2980
2299
1032
1371
1432
316
508
184
216
2995
3001
726
21
1682
1709
579
79
1091
2755
857
251
1550
3065
1092
2565
321
2281
1786
2909
335
2569
292
2846
1368
255
504
1071
3067
2194
2890
383
2657
972
1363
1130
424
240
1698
2255
1315
1173
2157
1678
2317
1343
1046
1460
18
2011
1916
1970
2274
1373
1738
2006
620
2958
2647
2145
2791
542
2461
1817
839
2069
2530
1799
105
1492
1941
1621
389
2963
1631
1109
1790
2675
493
2012
2460
257
1452
1089
16
1921
128
2441
311
3039
2400
2312
1721
1878
1572
1850
2513
1536
851
124
1987
44
1386
665
467
817
805
1532
267
2894
913
1788
190
1217
2519
254
1033
2246
1190
2731
2151
733
1455
1706
551
2326
2108
1553
2761
2566
709
126
1261
1388
584
2275
909
2427
736
1552
272
1651
2620
2622
161
2654
1931
2219
2316
1456
2004
461
748
2435
1043
2796
1391
1999
1440
670
90
1616
1084
2361
350
1625
1135
2331
2730
2689
234
1546
1632
2854
1711
609
1675
1221
1348
2795
799
1278
2660
1741
654
1365
457
2008
2307
1219
2491
2464
243
1234
207
2357
2
1537
1518
2593
1660
41
1991
1198
1047
2209
956
2638
8
1723
1435
1431
247
1614
2249
1538
481
3005
2962
132
798
2750
2149
1044
1006
700
2630
2517
2405
1882
582
1070
452
2452
1923
2094
1794
2164
944
3004
815
757
1035
2707
659
2500
2099
2285
2454
2580
342
2215
1745
1486
2575
1013
2333
781
1642
2395
2895
875
1724
47
1764
3052
990
2159
825
912
3051
125
465
1566
1465
1776
1662
1360
1727
516
2915
1988
440
2804
231
959
1146
2734
1644
778
2308
418
1653
2203
487
127
459
364
706
2356
1397
530
26
2563
2188
3010
2997
814
2070
2355
847
936
525
925
2619
2680
877
2782
2743
435
595
51
2010
2705
577
819
550
2040
2941
2773
1160
772
1666
2462
1609
2467
1256
1049
156
118
1673
967
600
1364
2590
911
2493
639
2885
1972
2853
619
2037
1128
2694
2067
1175
646
1289
2269
1323
1751
1024
2878
2535
1166
87
261
2369
1232
853
2289
1275
2096
904
2789
133
2425
884
480
1828
627
2661
2702
521
1848
2327
2829
1247
836
151
1704
256
2061
2114
2370
1192
880
2865
419
1781
312
2477
1900
1060
32
2774
107
829
715
58
1336
299
1099
65
197
2283
765
1567
1468
476
1393
36
2780
1883
2531
520
1932
2870
238
1545
1974
2280
2558
1637
1202
2831
932
1772
2559
1127
314
2781
1224
2768
1330
2506
1319
2850
1876
25
2433
593
1729
2931
690
464
2291
1645
1164
2376
368
1699
227
1254
1305
2833
2431
1065
2401
345
1530
1464
2127
1176
1822
1715
1526
2556
759
1267
1396
2383
863
169
544
2670
1577
3066
631
1846
1599
2319
1237
1285
2330
1337
3053
680
1569
513
1676
1245
2863
482
394
2314
2733
2896
2679
2510
1233
770
2055
746
2306
2533
507
2892
2508
102
2643
2411
2028
1104
2404
796
2690
1732
76
623
281
2343
2372
906
1997
222
431
905
589
2937
1200
662
2190
2882
862
492
2174
1129
1652
2827
3021
2090
2879
2920
2003
2153
1382
753
773
528
203
2889
2574
1617
2823
1392
3054
189
2969
2063
3026
1939
901
914
1691
1074
2627
1381
808
2131
168
637
1849
186
1157
1855
1520
960
1480
1768
722
813
387
500
1877
2985
304
1602
332
1615
2724
1684
896
2837
101
106
1870
2286
2364
1559
2637
1630
2252
2017
1086
2121
356
2830
2138
2105
1650
428
714
1508
1865
1505
2191
1020
1120
1733
1286
317
2926
3031
1840
84
2009
2797
2226
1980
1470
248
1167
673
842
2628
1737
185
1983
117
777
2102
2523
1917
93
1429
2169
2583
200
2022
2284
2542
1831
2236
1701
1862
310
685
1959
2570
414
3027
2828
170
1747
2938
1439
1249
2352
994
969
309
2676
1332
1284
2036
3057
1891
0
1402
2758
359
324
1844
442
1888
344
2487
2103
1434
918
378
1588
2262
2336
2910
1276
1031
1884
1533
3016
1001
1169
2925
558
719
1748
744
1549
2438
405
2106
2581
2439
613
895
1516
2708
1517
1982
2187
2239
2697
2007
1779
2907
434
181
1158
2035
2576
562
2019
1674
2777
750
2257
555
1819
2987
2916
69
1445
1229
2488
1705
3
1930
1118
2410
1951
343
572
1322
3061
2465
1655
2278
252
2753
2097
2065
2409
2900
2816
649
889
453
2964
697
2714
3044
55
1725
2248
1018
81
1082
1497
963
980
1515
46
1584
2681
2596
2840
657
1500
2608
1485
2426
2824
338
939
1656
1172
1519
264
1996
423
3028
3013
1197
2075
3041
34
699
2551
2759
163
2161
2927
2020
2417
2178
2402
2914
953
729
2338
1990
2864
2800
1824
636
1222
887
702
2182
1171
297
2315
616
3069
204
1077
2664
1425
1661
731
2651
1253
15
1864
2408
2294
681
165
2265
2494
2350
2589
2534
1108
2967
727
2115
2955
923
1535
2634
2144
2485
1531
2381
1385
1073
2698
2014
1910
498
42
973
376
2677
460
2787
1603
640
2928
474
1103
2847
45
804
1886
391
1548
2908
2478
1206
2950
1205
1333
2790
1055
987
179
37
2268
1710
977
1359
1028
488
2173
1097
2354
2869
2851
1424
1358
917
70
1444
833
100
764
447
2839
274
2779
2935
2471
330
2977
2673
2023
171
2387
950
2086
1274
782
618
130
1216
430
541
2999
3038
1034
2998
1079
1607
2311
2100
735
1312
1861
1436
1541
354
1663
1775
903
1907
2579
2635
202
250
2000
1262
1958
879
2122
4
821
566
1565
2984
1646
1523
1263
13
2678
2871
2747
77
1489
907
1962
172
3023
450
349
1591
1409
2752
131
708
110
2567
29
1316
139
1212
109
2785
1585
1076
1730
1994
50
2130
2398
88
705
1100
1475
2080
2436
1800
1965
2932
2621
674
608
549
2951
838
1967
1575
1778
741
1922
2646
1555
1422
411
852
2911
280
1307
2390
576
2577
2083
2602
28
1067
660
1762
3035
1589
3025
3003
2532
1782
2042
855
1354
1000
1467
173
1155
1420
2345
2529
1238
7
1014
2669
2378
1150
327
2858
3000
112
1297
687
1038
725
346
897
2891
1866
2993
1742
1689
318
2996
527
2825
1641
1426
1491
1851
54
1913
1481
284
1132
417
2722
648
1259
2849
286
2469
486
1736
534
2611
588
1838
2641
2973
1587
217
2856
1203
2358
2631
1601
2527
2555
1560
894
2223
666
1037
1801
598
951
667
399
1062
289
468
1351
2729
75
1826
1048
774
966
225
1942
1325
628
2617
652
2210
536
1026
2117
716
785
760
230
2778
2389
2783
123
1752
1797
614
1600
1258
1750
1291
1774
826
3032
2205
121
1667
1327
195
587
135
1472
2095
2231
384
2584
3002
1339
1340
653
596
2560
1165
95
1896
1182
1879
2362
2189
2841
1375
761
691
1107
1571
2801
642
80
2929
209
991
2821
1239
2818
1952
2548
1383
2475
634
1088
564
1004
472
2906
2368
96
3011
995
1612
290
1094
677
2440
2031
643
1462
2244
2770
1551
1058
2470
684
929
1927
1924
1019
2443
2814
366
1936
478
1121
1002
1719
864
374
445
2975
1347
1978
2709
1015
747
2303
1309
235
1484
2341
1912
1483
499
1945
1213
1476
82
958
1694
2521
2902
1063
27
1657
1040
2682
559
1384
2155
1703
954
940
2751
1193
2168
52
451
624
2287
1658
1957
458
763
2741
845
1185
2775
2186
1313
1136
1488
2888
1638
279
976
2047
196
2176
1960
538
675
2270
2256
38
2197
1296
1513
152
2118
302
1522
35
1096
406
899
448
422
612
1147
1293
12
2763
1785
2769
1763
2305
164
1810
2279
300
1075
2735
892
2128
1338
560
1255
801
2463
2490
2198
1946
1271
1524
2704
353
43
2416
2214
841
2229
2432
876
2167
789
1901
2616
1328
812
517
780
1700
2884
1860
1225
1272
3036
888
191
3070
2843
1995
539
1869
329
1613
2913
2936
23
501
2030
552
2665
325
1220
1940
1081
844
861
2978
503
1702
2482
529
531
2445
567
2509
1791
1918
137
707
1605
2334
615
2728
1953
381
1992
446
717
2547
1647
1677
1935
24
794
2183
148
2553
859
48
421
119
1389
1697
1837
416
1789
397
1496
1562
193
115
1792
1179
1036
1843
846
975
83
2170
1341
1556
2745
1298
981
2695
1949
1451
1623
1802
129
2192
31
1342
2649
1039
2455
1458
1244
1659
2082
1022
437
571
1301
40
2382
2050
1009
194
1501
2085
723
754
749
621
1277
1218
2076
2738
2147
1442
436
1474
1871
647
1029
713
1914
1943
1438
2760
1414
2449
2652
1968
1252
2904
915
39
1975
1210
2639
1899
2211
1668
2043
2852
2474
2133
1023
2947
2428
2604
1223
1178
1626
362
985
1955
1798
840
506
546
926
1139
2310
2472
1718
2129
1493
886
1928
2451
99
2039
2088
273
150
1350
1981
2041
2098
182
2848
1064
497
2860
1977
233
1306
502
2683
2919
10
1207
1743
1753
64
1430
2511
2253
1437
2504
574
2380
1407
824
57
2812
2514
1394
3014
519
2898
2810
568
1624
2397
1003
89
2272
2124
1540
1993
655
2349
2396
113
2526
3056
17
2692
6
2044
930
664
2498
922
454
2625
2742
1820
786
2648
1933
2585
752
1016
1314
1159
2922
377
1664
1191
2629
2988
3060
1618
2756
2247
1683
1680
1378
1
1514
2250
2202
291
1111
2492
832
1318
1825
2420
372
1477
2597
2399
2261
885
2788
2139
2142
1712
1010
2242
3017
1579
2541
591
1487
1153
2766
984
3034
407
1510
858
2072
2667
630
295
323
867
1448
1404
2165
2322
1201
2026
1971
2799
2503
1300
122
1887
1177
1069
175
369
1264
1302
2266
535
1116
1208
2934
160
1881
554
900
1920
103
1717
701
2591
793
2339
3006
490
2052
1093
2264
1807
410
147
1973
1188
2594
1012
136
1633
2220
874
1893
1728
298
869
1813
3045
2077
2603
1310
1570
661
2473
703
1863
1145
1163
1961
1449
2032
1144
1061
276
3048
3071
2957
1756
2757
580
215
1231
401
2071
2826
1561
1809
2687
206
1417
952
1241
1321
1731
2876
1494
1976
1554
1507
2568
669
949
306
2686
1265
2375
2961
1282
293
183
2429
2545
2917
721
2419
811
2592
2154
385
214
62
1266
1784
767
1346
2524
1693
2064
2367
2956
2845
2238
120
2764
2243
352
201
270
672
2148
2666
496
2206
557
2051
1311
1187
1853
671
1098
1196
1506
1648
2483
1557
2554
2543
1447
1008
2671
339
1874
1832
2001
1639
1235
2650
1461
1834
262
2179
97
835
249
695
2598
138
795
745
1143
792
996
1598
2195
968
1868
1897
2290
1399
755
438
1320
326
1270
678
2134
2614
3058
1670
2943
2749
3050
259
2313
766
1133
2653
742
1503
942
2254
2807
586
1117
1189
739
208
1080
1446
1512
3024
219
413
603
2119
1929
2018
2388
443
1257
2437
390
2208
1527
2062
2111
334
1168
198
2259
463
223
72
1102
2952
2520
2181
1137
2079
53
1543
2767
2972
2101
1586
1634
2501
305
2158
983
432
1564
224
931
1066
275
9
1812
285
396
2606
2081
2394
307
1573
2125
471
1095
1509
94
1403
