51
38
28
41
24
46
63
124
20
45
6
13
83
53
56
21
15
39
49
27
121
3
52
34
36
1
22
122
29
103
55
35
9
59
74
102
48
69
26
7
98
220
107
40
81
23
44
50
109
18
31
127
42
85
72
47
104
16
119
111
118
62
112
116
12
86
0
10
129
58
57
202
95
108
67
238
33
110
89
4
208
75
100
32
218
101
65
97
87
73
142
84
170
120
68
66
90
60
99
106
136
25
221
77
88
70
114
130
64
214
71
248
96
168
191
126
105
224
92
153
254
160
169
79
30
115
179
213
251
201
113
181
93
159
230
125
172
229
198
19
148
11
37
166
151
253
133
249
139
17
134
78
240
243
200
237
199
206
236
216
2
217
196
175
123
245
252
165
164
187
138
157
131
185
173
162
61
225
209
82
5
186
232
246
182
242
204
178
233
150
94
80
450
392
474
428
510
509
466
388
432
484
453
328
419
503
387
394
501
493
469
372
481
357
424
260
457
439
375
483
380
468
315
505
508
444
407
459
482
436
492
448
425
334
452
348
472
507
366
500
473
298
418
426
441
470
344
490
464
289
479
379
400
475
497
293
391
429
336
385
397
291
454
321
349
437
365
326
476
411
442
461
440
416
399
458
378
370
341
311
353
467
456
342
309
290
339
465
371
373
360
264
511
314
364
330
410
462
273
306
398
303
499
395
504
266
471
355
404
286
406
274
405
361
345
449
402
329
320
422
447
354
494
496
347
300
438
374
384
316
297
327
417
383
295
280
299
463
495
257
262
263
430
502
382
460
409
506
283
317
346
324
294
351
393
377
279
318
352
488
338
282
433
367
421
337
358
396
268
310
363
259
332
446
307
350
455
271
323
389
443
362
276
415
697
685
679
683
663
694
676
660
653
657
649
674
682
675
684
702
651
654
661
689
643
666
695
644
561
691
677
668
640
671
687
701
672
673
587
538
656
641
699
637
550
693
598
552
686
703
650
556
646
519
698
601
652
563
513
562
607
569
557
667
606
605
555
514
592
520
535
680
568
688
647
545
512
625
742
582
659
543
624
617
567
642
756
516
690
633
559
618
530
648
521
576
596
529
539
573
532
613
531
645
692
678
629
553
638
736
610
517
740
732
542
725
755
719
748
518
524
716
619
525
586
626
581
709
632
591
560
717
758
739
595
546
635
594
599
540
604
611
534
544
602
733
628
728
627
579
580
614
623
630
715
578
609
749
564
754
747
616
620
577
681
712
522
584
583
708
603
527
711
704
700
548
730
571
722
615
621
549
766
731
759
658
714
554
622
547
608
706
718
734
757
597
