1843
2126
2826
2496
1846
1909
1249
2252
1404
2671
1544
2764
910
975
768
2437
766
1137
881
2393
405
2306
1994
1912
205
740
393
1029
1720
235
1836
964
638
1614
1013
669
188
1870
1979
362
2854
1533
1034
1623
193
2470
55
2872
1342
2210
2352
2987
2389
2689
416
106
1680
1237
2540
2868
1418
2199
1379
516
2499
356
1803
95
2725
2492
2420
2985
497
122
1845
537
959
1834
32
1756
345
180
328
194
1047
1591
1316
679
2556
2550
880
1244
2068
2512
1664
642
421
1162
2662
985
439
1305
2679
2592
3040
2169
743
2514
2123
1788
312
553
343
2955
905
305
1248
1338
2653
2732
137
710
1487
2392
2603
2521
1528
2205
2064
1257
2487
1355
1334
1913
1167
202
954
1524
2967
2083
2781
365
1539
2268
822
1301
2677
1827
2747
153
1104
468
504
848
359
437
1794
46
2006
1099
2027
849
2291
2080
2760
444
2127
999
45
1530
804
1315
1931
186
1967
267
624
316
2322
1491
1361
2042
1075
574
288
1809
445
3002
1040
480
1073
2613
819
771
2366
2081
1277
650
767
912
1032
2300
1330
1908
2621
2619
2599
2475
500
2686
1668
2865
1053
2347
1567
2552
2870
21
1733
2335
2576
2768
945
57
2745
1598
1452
2155
2244
1552
2929
340
668
2811
1918
2830
2373
2505
33
1919
667
1210
1939
1227
3051
2886
892
1728
2143
2575
781
89
2569
1303
1473
1887
1468
1917
2629
1078
893
158
722
449
1495
1763
1573
2501
2937
440
2666
1865
2164
1318
2954
1322
64
938
2332
1769
443
1804
175
2166
1700
98
160
554
2867
60
1027
556
1978
2934
1460
1328
682
1559
2765
2731
2578
2820
1251
2355
730
1278
2472
2840
662
1451
1985
110
1927
2402
579
2153
1393
376
87
2759
114
899
1665
2324
691
1337
2459
2165
2836
677
352
442
2823
1323
1695
2909
1157
2938
2746
1030
701
433
906
1368
1170
2590
2188
341
1594
2502
101
3061
2372
569
18
2422
2340
538
2566
1557
645
2564
1653
2644
119
2554
931
951
3012
1791
665
336
453
1478
2850
1412
1727
1002
371
1312
1740
568
855
2226
2851
2664
1077
622
1348
1536
2087
913
1496
2541
2841
1699
922
1566
30
1811
542
2404
1829
143
1115
1187
545
2771
1856
1954
286
1757
813
1684
2506
2376
1506
1547
1222
2809
271
1565
2100
786
867
2979
2698
1386
850
2890
1427
2416
1320
663
1138
1742
562
1163
955
1805
2001
2524
1583
2773
1963
1189
803
2041
1752
2296
139
1295
3034
1407
2606
1852
2899
127
2748
979
211
2583
1729
247
1776
2728
575
1958
2958
3006
1477
1036
1198
1489
2267
2137
86
2963
413
2119
2132
1042
2538
2694
2345
2500
2285
373
348
967
2178
2221
2716
2338
1188
2331
1634
187
608
613
3067
1439
1284
1743
1309
198
2940
2961
2529
2597
126
2546
204
1844
2281
2648
843
2144
1928
2532
447
1652
161
1046
427
263
1431
1216
3066
1800
1716
2992
2560
42
82
441
1150
1505
1508
2217
1782
1999
2289
1395
40
1435
2073
189
66
2241
1112
2921
534
419
1011
1789
1291
314
3033
1359
1750
1882
2946
2912
2131
458
2134
853
2776
2303
2040
133
2701
901
252
2750
742
1048
2417
1842
1825
489
1897
738
2924
2481
1509
1901
1396
2297
2016
2443
1502
3064
1229
385
567
1666
2410
1394
1691
2183
478
1420
2075
3057
142
1055
2808
3018
1585
820
564
2130
1050
20
596
874
19
2467
335
582
835
1969
630
1253
627
1004
920
1286
179
1868
925
357
274
787
195
1784
2831
614
417
1886
2833
561
1731
2640
2553
2308
1605
802
2312
2386
543
3052
1133
2154
2517
1683
2358
2085
154
2818
1336
1592
162
1564
759
251
2659
1472
47
982
641
995
1010
2031
56
2311
2997
2513
984
1156
2617
1118
1389
130
2478
1951
471
2702
1287
1290
1371
1232
648
2925
2474
2325
2257
1369
1961
311
1837
290
331
1772
2457
728
2316
1260
67
727
470
563
1997
1893
450
1214
1575
2348
2339
2530
1022
1608
1628
1621
1039
2879
13
1194
2112
48
2614
2482
2385
477
2276
882
1120
888
1798
1602
203
2377
757
1890
1294
464
460
2630
777
986
432
2431
2367
993
467
713
1190
2048
719
3042
92
2190
2815
2397
2025
747
698
1213
1721
1911
256
2695
2174
2057
396
2464
2783
1067
1089
1786
2008
2428
1732
2405
1753
1239
1370
3017
2013
1523
1661
3060
2604
2767
898
2673
1398
261
2772
2000
2094
1734
273
609
2539
2533
243
1764
929
349
1767
1086
2755
150
2657
2585
2994
1924
649
1755
891
1204
2033
148
1922
2173
1148
236
113
297
94
1234
2838
1832
1945
1275
1713
2568
2586
1762
1960
2633
145
2182
686
3003
565
916
1147
1548
868
836
1708
2098
455
237
930
544
746
420
552
1448
134
2211
493
1977
1217
1719
2327
224
1247
2063
377
1816
1341
1899
121
1310
2255
2307
2926
231
1429
2534
915
1414
1497
2882
2654
978
2179
918
381
123
1152
2222
1402
2607
3050
1535
278
2318
927
1814
3038
810
2849
3059
541
2582
944
1761
3020
2354
1511
302
1444
2230
2248
2656
255
2588
851
659
894
1235
1065
1876
1159
1556
509
2803
590
1085
732
2962
637
1738
2495
1854
2089
434
2638
2717
2907
548
1183
946
3024
390
1450
2957
2744
1092
1934
1863
2866
941
1965
2298
1408
1984
2269
2039
1410
2697
1947
1730
1529
2660
2856
2959
1930
2149
1225
1520
2770
1017
403
2264
2952
124
2072
41
828
218
1522
577
2192
90
2456
1885
1345
1780
1057
1146
1258
135
2172
2832
159
2407
10
233
1839
923
2999
2739
1438
603
1074
904
2047
1117
2887
6
1160
635
2146
616
987
1935
2928
2960
2159
2177
25
2548
1601
1302
1037
2986
1883
2185
2594
2394
1307
1390
1490
1273
1538
1423
38
1433
937
292
384
1818
2262
924
670
1676
1766
656
2157
1627
461
2699
3056
3054
869
1640
1384
275
827
1177
2884
2969
2317
765
812
673
830
1878
2461
163
486
2557
367
2066
1263
2573
1576
2953
2319
2709
322
1923
2874
1070
2018
2780
644
1007
1884
3029
2403
1335
220
879
239
2465
1674
1271
2240
2365
531
1704
774
1831
1252
2788
1587
792
2636
2139
741
1903
1795
2869
2526
2079
1685
514
1409
91
974
2020
1417
806
2451
372
3019
1192
753
3069
2483
947
1981
2511
1280
917
2627
2935
190
602
2864
2065
2037
809
1849
744
2908
2299
399
2652
1604
402
253
1739
1343
2805
755
1223
3031
1353
54
1168
1191
2852
1350
588
555
2757
2687
1971
1400
1195
303
2740
2497
83
585
1938
380
77
293
2370
1872
639
1833
1607
3011
1554
1325
1639
2049
368
2769
1313
1376
3005
1169
318
223
632
2283
2848
897
2917
249
934
618
2802
2804
2812
2667
173
2589
1990
1391
184
1715
2491
2643
51
2036
2665
2974
857
2424
1001
1921
911
2120
629
2903
2965
1180
2623
1008
1045
1663
1111
1447
1161
295
2212
463
177
2383
784
1467
1387
2651
2360
1464
315
709
327
2577
1041
536
2616
834
2525
1097
1476
1987
823
1970
1339
2676
3021
1155
2163
1706
475
1525
1346
1465
3046
3068
1434
2246
2203
1449
1367
111
1826
3041
50
2982
2038
517
355
1380
942
814
151
2610
2261
44
240
1024
2668
1276
1068
2423
1667
448
457
2910
783
2814
1822
1905
398
1792
903
1202
2056
1572
708
512
1279
2263
2693
339
2561
2989
2444
1056
2488
476
2700
702
241
1777
745
1649
2035
452
1656
131
1630
2941
1541
678
1705
1357
2378
219
551
2819
1724
309
1651
628
418
2391
491
507
2116
2543
344
2204
242
600
466
560
580
1989
2842
2288
935
1532
1203
711
1230
350
1880
587
2330
2270
1643
754
1696
8
2947
2993
598
1747
606
689
310
1712
788
2333
1568
2919
1519
958
661
2998
932
707
374
1061
2484
884
2835
1012
1697
191
815
625
388
1282
2302
2003
3000
1982
2408
2447
465
2920
1992
1172
791
4
201
2860
805
227
1144
2900
2468
2898
2323
2260
2233
2791
1725
358
1140
410
346
2186
2227
769
1005
1973
152
725
1907
1105
1372
1698
2400
1824
1245
581
1153
2775
1624
1129
1475
264
2913
2023
3048
2266
2878
1813
2931
2151
226
1500
212
780
2754
2140
277
2363
977
1588
1206
157
1021
2612
1902
2733
824
1980
1889
1288
595
2600
3014
2786
847
2509
1145
636
2485
1469
1606
1084
1347
63
2374
1292
2822
2315
1110
1014
73
2626
1577
436
1069
695
2580
1268
2680
2784
1741
462
773
2430
313
2427
1900
183
2118
2028
1848
1516
404
2978
1546
2245
487
666
3071
2214
2356
793
1483
1641
863
1959
2973
268
2723
1261
1968
1060
2915
3030
2971
1332
1660
78
2105
2789
758
1754
1
1906
1425
2265
2409
1929
2
610
2160
156
2704
1124
1132
826
2515
1531
2782
1197
2279
2026
2976
2914
1242
1125
136
2223
2369
2816
2136
3028
3025
2875
2620
280
2970
2387
2216
2077
2649
2273
2790
861
852
469
1810
1861
2343
2555
132
2133
2466
1808
2980
1196
589
584
956
2111
2593
952
2719
138
539
1324
2641
1023
919
306
1540
972
2821
674
1857
1274
653
1775
926
1629
112
69
34
1711
908
2181
115
2129
2170
1270
22
422
870
515
141
1064
107
547
601
2669
1459
1596
2595
1952
1759
2058
1828
1126
2824
1820
395
58
2508
2708
714
3009
3039
2817
872
1009
317
1787
2135
864
2445
2449
2074
604
889
2305
2916
2559
1184
1052
961
1783
2336
2396
1470
3043
2624
1480
2295
2892
2239
578
1914
2097
844
2880
2473
1028
506
2250
2806
2162
570
1267
1141
329
983
683
845
1453
3010
2390
301
1631
1562
1806
85
594
1569
799
1950
1494
991
873
1542
2853
1373
1119
17
1219
1692
172
1382
2634
281
675
505
1521
1264
1296
2034
1079
382
29
1208
525
105
2415
2176
1492
1250
1647
1114
818
1265
940
2981
2712
1840
1850
1746
334
1615
875
347
761
65
1018
968
2471
3026
890
155
1416
1949
1329
2888
688
72
508
817
171
3070
1748
2414
12
1082
2598
960
2877
2655
2605
2380
720
503
2099
1847
1600
2326
1655
391
2650
2628
431
1300
213
1142
597
2763
1998
518
1815
2015
80
270
1590
2379
414
254
896
655
1864
1399
2565
1943
2256
3065
936
1091
2198
2703
1543
228
386
2435
2777
2486
2294
3045
2584
1201
2905
1401
2231
265
3
1891
980
2896
93
39
2440
2009
694
1991
2964
1166
2054
1920
1618
2053
502
1293
612
2274
1622
2796
1672
1551
2749
790
2688
2846
969
1835
269
2196
407
2125
103
2346
1442
1710
2432
2350
2906
1081
108
185
1241
2950
485
1751
2730
2983
1749
2587
1620
2735
2095
15
1709
572
307
576
323
2966
81
2439
1514
654
795
1108
1962
976
763
1466
1910
2292
1895
2801
1071
2536
1102
2897
1779
1612
2558
16
1445
2711
2862
499
2642
1482
2527
3062
623
2304
846
2828
170
779
1799
1358
2096
99
2799
2949
865
1545
1351
633
2078
2663
1436
2901
2071
963
1875
244
1858
2411
778
1874
3004
1770
415
1363
807
2646
2881
1768
1599
1736
1080
2180
199
2093
970
234
2235
558
523
1771
2237
304
1331
1426
1563
2570
1059
775
700
770
2609
2863
652
1862
1083
997
387
2785
1461
996
196
2458
2278
2460
1419
1677
3013
2542
342
2721
2086
2834
1718
1136
760
1678
2102
2567
2187
734
1000
2209
2813
1976
1455
353
2007
559
1025
1405
856
2076
2101
2254
2943
2197
2115
1254
1226
1297
1694
1645
1578
435
521
1595
2639
2685
1051
1679
1415
2904
351
1658
379
1488
522
2942
258
2418
2010
1873
885
907
1262
2479
1319
2200
2843
1349
715
2762
360
27
592
2046
887
1164
1256
424
2277
871
425
2055
620
2549
176
1942
298
2734
2067
1560
2284
2359
1702
2121
2275
229
1441
266
571
2368
735
3053
1432
1915
2225
1058
1613
2051
70
724
703
3055
2718
2413
1456
0
1266
566
1174
3023
2384
1090
2142
2436
216
2871
2713
2545
2442
49
1796
2995
1457
1106
750
2751
800
1797
222
1670
1298
59
762
79
144
1636
1866
1211
716
2684
167
1637
459
1484
2722
1428
621
752
1020
981
1269
878
540
1955
2752
2792
2991
1515
337
693
333
776
651
1200
2690
1094
2766
426
2141
438
2845
2753
1019
2249
2219
1178
2280
2574
1688
214
2618
672
474
2858
2228
772
533
389
472
718
2017
7
1299
1212
789
1860
1100
933
684
2213
283
2320
1026
2069
1512
1570
660
1406
1224
2885
837
2401
1259
1135
53
1571
2977
2523
2519
2494
2004
1774
2124
2147
1255
332
1626
605
1714
1610
634
1812
140
2206
1896
2800
2301
104
511
1693
1207
2002
2737
2448
1838
2122
370
2090
626
1243
726
378
2837
1403
2029
1123
1281
2990
411
2243
2208
1986
1701
2446
