1732
1688
840
1588
2944
2467
1546
3066
394
1894
1313
1237
147
2174
386
1467
1454
494
1440
1126
396
615
1163
2630
549
1105
263
2555
1557
2596
371
1825
1281
502
2470
206
2440
2606
1824
2608
2171
1962
681
1502
1492
1863
1456
2187
1481
1320
1380
2176
1257
2829
964
463
511
731
863
2136
2230
2759
2868
1277
2290
2077
540
451
2272
241
33
1760
2058
1854
48
1550
761
450
303
79
2712
1204
1807
1232
1635
54
1251
628
2361
418
318
2913
759
2457
1262
121
2813
107
2670
2695
992
1305
1036
2141
2392
366
150
2180
2481
1485
1335
1355
2118
820
530
2315
298
2677
481
719
25
1929
340
1478
629
2967
1754
1090
546
562
3019
1851
2857
2770
607
1002
2086
1598
1833
2901
989
2614
2100
1869
2068
515
216
2186
2635
2354
2320
1632
2559
878
3056
601
1270
267
1729
2742
2823
2565
1436
1850
1074
2098
2856
3009
2482
1357
960
1224
261
2323
2693
1832
1518
1680
923
2304
1576
1006
1677
1675
1435
2903
683
1215
1999
932
1472
1764
679
2533
2419
1549
2545
2326
2986
2912
1445
109
2039
2142
2743
612
3026
2584
537
1267
2893
2672
2117
1003
2621
1284
3012
2859
436
391
2346
647
1397
1175
2530
857
1526
1924
1925
2050
2444
2111
904
2154
2527
106
342
260
1198
2034
715
1511
1727
1859
1072
2108
1798
439
2917
262
1685
2526
1736
622
1845
1289
1151
910
1432
2330
2260
1541
1333
2710
1935
1068
830
2265
2497
2941
976
839
2278
900
1230
2189
2634
96
1098
2093
2144
1288
324
970
1919
415
543
951
1295
1161
1129
2916
2915
2531
924
2239
2279
2686
2775
2334
2988
1934
305
359
1655
907
101
655
2869
2648
2522
2391
149
1375
2977
1173
786
921
1331
250
2777
940
2697
912
1441
60
967
1217
1982
653
1116
1356
95
1259
276
1443
665
2558
375
1
81
452
1652
1142
74
1393
2469
2473
981
2409
705
2902
2380
1662
668
440
2983
763
1725
2919
2696
1820
2393
1672
2987
2379
1208
553
1398
1011
0
2083
635
125
1611
2861
2420
1402
2294
2560
1039
2855
2343
1077
1686
1873
861
905
45
2023
1530
2413
2935
22
685
1619
2133
1353
1744
2179
533
330
600
1776
1728
275
773
884
1103
78
1266
2799
1992
573
2605
474
388
2462
2942
633
590
1782
1529
2836
374
1294
2381
720
1032
937
833
535
437
3007
420
570
1564
2708
406
1469
205
1587
42
2970
2269
1718
2015
195
1525
2521
2755
689
2293
1596
2091
34
1238
1227
2999
1877
156
1337
1639
1323
965
2562
1468
50
1604
1626
2135
1846
1431
1864
29
445
1818
2878
2537
1654
2622
160
1528
1311
2258
1847
604
634
1510
2525
2886
1009
2865
1326
935
2734
2783
849
2055
521
1172
2143
389
2534
1453
138
2557
56
2113
1197
899
1120
381
1387
1613
934
2744
870
711
103
1044
2517
2353
122
2155
1495
2658
1218
1057
736
2483
2806
2164
1020
2338
412
2184
2065
2247
2297
769
2629
1091
816
1616
927
2808
569
2001
603
2267
1563
2191
2472
2911
379
1899
2088
2479
131
385
868
1816
1176
892
2633
1826
1713
1078
1938
2883
1980
2518
2841
1812
2000
2128
1998
2425
551
333
464
971
10
1580
1620
1669
873
2776
2954
1667
1374
1255
2097
1539
2769
1371
2704
284
1490
2035
2318
1714
458
2877
1809
726
1303
640
2070
1205
1349
2412
2945
1889
2214
1046
2692
977
847
2167
696
1399
1341
2643
582
1108
1426
14
1220
2298
322
2718
2875
2516
661
134
862
1942
1739
177
886
2832
2891
2288
1948
724
944
1203
1058
1734
1132
2803
2520
2788
1904
3011
1733
1049
1089
413
2284
2687
2287
2197
1302
2158
428
1063
1419
1909
2254
1005
2810
2386
1096
1395
1554
2455
2322
1297
575
1766
2863
2406
2539
2620
1638
1595
1952
2798
2229
2536
2994
1738
2524
1603
21
449
252
1702
1348
1122
2028
2134
2504
2949
3003
3038
290
2652
2125
378
1292
189
617
1411
1945
2446
854
2609
706
3052
2421
360
1837
82
344
2713
1153
2751
1241
416
939
1884
649
349
1615
2182
1711
1970
91
2991
894
770
1633
209
1414
2509
361
1749
613
425
1316
593
1410
2888
2948
1653
1025
725
286
1308
1953
86
1446
1916
2437
2450
914
2569
909
1464
1746
36
459
797
1682
6
2340
1771
1964
2256
2747
2667
2924
331
2328
1444
224
714
1574
421
788
1989
2443
611
641
1666
1193
2468
2514
441
572
2787
814
2547
1650
2931
1448
1434
1813
2811
68
1517
2333
248
2906
300
2768
70
2730
1900
1150
161
230
2762
1915
2597
544
2013
2669
875
1265
362
2020
370
869
1400
2301
548
44
2613
1843
1767
1993
2702
278
2271
486
3004
2854
990
130
2923
2962
2996
1908
2544
2007
1836
1614
701
1473
62
2904
2009
285
2436
2342
302
1671
480
536
1455
552
856
2295
2092
442
2019
2567
1532
1758
2538
757
1831
2122
2735
1059
1780
2480
3053
3065
2387
1092
2474
2238
579
2159
2618
2789
2553
654
2879
1691
2656
2069
2870
405
845
1134
409
173
1071
1664
1707
1621
1246
1770
945
2579
775
2400
1779
789
346
663
85
809
2005
12
2148
269
2445
2532
1168
2240
3020
1665
1053
2219
614
38
554
1160
1906
2402
842
1143
1932
1156
2685
950
1955
1271
1548
485
782
1392
1066
1196
1951
2123
1195
247
595
1460
1731
2780
2003
2753
153
677
882
541
1433
920
2661
1716
1629
1157
422
174
136
1905
2705
672
1052
64
1252
1233
2563
1290
1117
98
623
2369
680
1339
1127
304
2774
2726
565
1573
2978
249
2934
384
2561
1515
2394
1848
1582
3029
676
2299
2997
2814
1817
1745
1107
1876
499
1893
2689
1221
906
2458
896
2126
1235
1350
188
1194
468
2750
1483
368
2463
735
942
1802
2800
1811
1883
1911
2205
65
743
867
1592
1923
931
774
1968
2724
3071
1841
2771
2921
2535
627
2925
2676
67
1963
1829
598
2971
1773
1986
3005
739
993
1366
2195
2049
1724
2199
1800
291
2368
2552
828
1240
2627
2085
1870
93
844
538
2163
666
1017
2347
2172
1438
2084
1715
1772
671
1051
2871
2102
1855
2647
201
938
1480
3017
351
356
1689
1784
2756
1466
255
1931
592
1360
675
2619
1920
2501
506
1167
2835
699
2782
2052
1874
657
822
1995
2791
2885
2208
1403
2075
1471
1795
118
2600
2487
616
2639
222
798
1391
2896
2795
1944
2344
1347
462
1794
887
2699
2837
470
204
733
2660
35
1413
2603
443
235
104
1171
2051
2095
813
2218
2637
507
1026
766
2830
2087
469
1636
1561
171
289
139
1697
192
713
2679
2858
1506
1658
586
3002
2845
1967
1479
2401
1406
652
1296
673
1572
740
1974
132
936
1618
995
837
196
243
1484
799
2816
1708
2953
1123
723
2194
751
1830
1551
244
2998
1698
980
1216
404
630
2431
2082
691
2847
467
1186
2120
2976
1499
490
2737
352
2170
2979
1140
2930
2494
3061
2203
408
1500
43
2992
1416
84
1007
1367
949
373
105
1609
3014
448
753
1332
1070
2435
1033
1330
2378
2383
2740
2985
113
2701
2650
1627
2385
574
3016
1225
369
1133
1762
947
597
1821
636
407
2966
1990
2101
1774
223
810
606
1631
191
1605
2024
1256
1342
2
272
1785
2725
46
1185
390
1740
97
2217
2932
702
584
2848
2502
752
2749
114
2523
1538
1684
2137
1623
2185
2898
465
2285
805
238
2018
826
982
2466
987
2880
2270
143
423
1462
2477
1037
1670
1423
2659
2881
3031
227
146
1174
2225
1842
1710
2591
1250
519
2900
2434
1245
182
296
2432
61
411
621
638
1376
599
2694
1683
1890
1571
1253
1386
2302
1957
1891
326
1597
2173
2631
767
986
400
998
1276
176
1028
748
2268
454
455
819
2655
1558
651
1115
1021
1382
2283
978
27
2418
823
2067
2884
2372
1871
2864
1102
1428
2882
2607
1035
1642
1786
1726
336
3000
1477
1369
997
2960
2862
525
1243
159
123
1606
2417
571
1124
516
1164
1450
1756
1437
532
2745
2818
1192
353
185
3040
589
1442
734
2277
2589
2946
382
2131
1079
1300
399
1389
2654
2104
2216
1512
684
497
818
2767
1285
504
3069
237
3068
721
1536
478
1886
781
2226
1759
2090
1354
2540
57
2221
585
498
2038
246
1067
273
1488
2961
765
1024
2253
2449
2048
1291
707
1599
618
2738
492
265
2114
1750
426
2651
2918
1748
1229
2423
1679
2894
1783
2610
1275
732
1048
1643
77
836
686
435
2721
2107
2012
742
1213
2551
2628
644
215
2132
5
219
2546
2632
1950
1343
784
1301
832
2371
693
1014
2758
827
1239
180
559
1119
1264
1422
148
793
2447
722
1008
2678
2626
41
2456
2220
2974
2707
1712
959
625
115
226
1617
963
2760
477
2748
2503
117
750
1882
2190
2121
1018
1585
2300
256
1865
1737
496
829
2140
2984
2430
2099
1593
1853
2717
2506
3028
1720
53
187
55
3033
2914
941
1162
1879
1624
1819
2982
690
871
1625
2388
1372
2794
1600
1110
1936
2733
754
2784
1840
2066
142
2582
2460
1761
848
697
2828
1489
645
2849
1961
2296
1504
948
198
1362
1412
2289
2193
1959
2072
1118
1278
39
1029
1209
555
2235
112
3
2580
2169
2929
858
172
2045
1286
1170
2029
2351
772
1487
1514
2671
2204
2615
2375
133
2843
2367
72
2572
1997
2057
2838
2604
2519
178
954
1706
124
2815
2031
1061
1805
1981
2422
1547
1429
703
1041
2965
2357
1972
1283
207
2853
880
239
956
2719
2785
902
1693
1969
475
348
2105
2022
957
1789
2286
20
811
1012
376
1207
2822
2876
377
1937
210
2403
1370
24
1857
472
1385
2026
1751
695
594
487
59
1147
1145
2027
1601
245
1234
1138
2969
251
1001
3046
3041
1656
1507
2250
1334
2349
1081
1971
1365
2706
19
1231
1590
277
1318
824
424
2200
179
974
327
199
1190
2844
2793
1735
2508
3058
314
1778
1797
116
1394
1043
316
1866
834
1321
1242
744
1991
1645
1810
728
991
1304
1181
514
1486
522
345
2616
2209
2089
2464
1885
841
2207
2491
1801
2233
2715
2968
961
2016
2071
1583
1648
181
2566
1383
1661
141
1310
397
1069
2939
2305
1637
279
1763
2564
1131
2644
402
930
2397
2359
186
484
1139
3006
2490
259
3054
1226
2950
1607
2529
49
1430
915
76
229
1646
505
1206
1927
1943
2866
1903
2244
831
1137
2720
2874
1094
2313
1155
129
254
1087
1121
2570
2723
395
2812
2127
2441
2646
1260
315
1987
1567
144
587
2041
40
1717
1799
294
1787
821
2274
2990
2850
383
1790
2641
2590
1630
51
2581
1867
1520
1559
1027
137
1180
380
602
922
1465
1324
2804
1135
1608
2152
518
461
100
3049
1327
163
1960
2030
1223
1268
2807
2761
1463
155
3064
660
9
66
2227
1822
313
357
168
1947
876
2002
1040
1272
476
2149
432
2234
646
3037
835
213
446
3067
1741
2036
417
2166
2060
1660
596
110
11
539
354
2698
2593
1099
13
281
1420
1299
577
768
1976
1823
801
3001
1533
489
3032
2339
2076
430
928
2291
3034
901
1835
1106
1088
190
1148
2044
47
2032
1128
2263
2275
2773
545
317
1544
28
2498
240
1534
1418
2757
2168
919
1494
1351
453
1896
1930
2414
2510
1345
488
2059
2336
165
2956
2625
2165
102
26
2264
1384
762
1545
578
1373
1692
2601
777
1013
1338
2907
1705
1940
83
1872
817
433
438
2957
2820
2905
1769
815
2151
1917
1497
1939
2889
2424
1109
1023
746
419
2251
233
1461
23
1881
1307
2973
1280
1983
2940
2995
329
1681
694
2206
1640
656
306
414
2475
1417
1261
2778
89
1922
1451
2008
2541
2352
1753
2398
3027
2908
709
2363
1965
787
2571
1358
2177
3018
347
2242
1184
888
1287
308
1791
1377
1555
764
2373
642
1887
2188
802
319
2129
1322
966
513
2364
2729
283
2033
2574
1344
2668
293
2989
274
2257
1901
1565
1144
1505
637
2262
2311
2439
2892
2224
2895
1141
157
710
232
2325
2899
2926
969
2314
1101
2331
2860
2259
943
2366
883
891
1396
962
1591
1201
1381
301
2335
650
2438
2873
2110
1328
631
1788
398
985
2675
738
3030
2056
2215
741
1612
2211
1852
1191
550
2178
4
145
2617
2248
780
1985
92
2732
2489
323
1755
984
2594
1902
2276
501
2416
783
307
527
2588
2568
674
1409
127
523
2824
2428
791
3036
1211
1584
295
1493
2337
128
1570
88
1921
1016
2231
1918
1258
1792
2232
1038
2690
755
843
2975
2846
2664
434
2493
2310
491
566
2183
3042
512
2722
2471
1336
994
669
365
1159
1521
895
1314
1095
2280
1093
803
2345
2587
1352
270
1657
866
524
1659
874
2578
1703
583
1405
756
1966
1542
2839
727
903
560
2964
1695
1158
812
2585
2528
1647
576
825
975
3015
2064
2341
2109
2766
605
682
