2533
2300
488
2896
2050
1974
310
1947
2507
2851
2634
1089
1057
867
208
2911
2393
761
1759
1847
1466
292
1834
2838
79
2248
1064
1128
1042
1450
974
1465
117
226
304
2715
2116
207
3043
2333
1536
1468
741
1676
2405
2659
1356
1267
267
961
2051
227
1745
817
2169
2479
718
1496
1567
737
1848
806
2688
293
1242
175
1163
673
231
1647
1857
1131
2484
2452
2365
765
1040
2782
2771
2072
1096
1704
110
1134
855
1917
814
0
274
1509
3053
381
2667
1724
819
749
106
1296
977
1776
2903
1694
2960
1513
878
1471
689
2284
2935
815
2309
2741
2355
1260
2076
1581
1338
713
1805
1132
493
1925
62
1112
934
639
2374
1061
796
2167
212
2218
1209
131
262
2742
2039
892
2686
161
1175
2341
1863
588
48
688
2228
2910
890
1201
2435
1295
1451
1197
2850
1550
2613
2446
1289
1270
521
384
813
840
120
1383
2007
1655
2456
1313
2211
2158
981
335
2460
3031
1238
828
2448
1067
338
121
932
1549
1484
2840
1551
1821
2744
1012
1643
2764
241
2671
1624
2109
2624
243
261
957
91
1582
257
1252
3066
757
2058
1264
910
2199
2559
2112
2144
2346
551
2065
2096
2940
373
449
1382
332
1961
1372
1943
759
990
2175
3068
975
2095
1276
425
2069
287
302
2827
1639
2508
731
508
1337
2527
1449
2237
699
2090
1405
1571
2235
2792
2353
1884
1343
2706
85
2026
2407
2070
1460
2501
726
3019
1983
298
1001
1281
1434
1939
1415
854
581
2675
2089
2466
1060
229
263
1198
1359
1055
1165
676
1300
812
2455
1738
2196
94
1918
1041
181
2139
1781
500
2268
1444
2638
2499
2858
2053
589
1835
1812
1528
2655
1642
1700
510
1815
1791
1105
2157
2649
872
2696
2571
637
1393
1290
1898
694
2995
2404
847
2890
1608
2766
64
2511
2707
2129
522
1686
825
282
538
2752
3071
2280
225
703
2443
410
1703
1871
789
866
1822
2311
1020
165
260
1644
2094
993
434
836
1693
1836
124
1262
1352
1282
2645
2125
1078
2029
2307
2679
917
659
2588
882
290
1698
1250
2464
1416
481
126
2981
1663
889
540
2635
2807
1118
17
1661
1823
1141
1978
20
2879
2608
1656
844
1202
2083
2874
2190
2410
1005
1633
438
1779
1224
3016
1651
816
244
2966
797
2691
546
2441
46
2472
489
2385
136
1149
474
404
1004
1341
2801
2968
1743
23
1155
1392
1456
10
140
1162
544
2967
2668
1080
2790
499
5
1365
409
1706
610
2853
1792
3057
1063
2391
439
696
2041
753
1355
1423
1339
1241
2842
1894
1953
1126
102
1526
2712
1142
1849
399
3063
2279
1442
1348
1124
1325
1997
849
2564
2783
1541
1228
3007
527
766
1851
29
2060
273
1868
1879
401
2834
2632
2710
2140
2621
1127
1200
1758
1589
1194
1808
1833
959
2776
285
2888
2155
1221
1539
719
1648
100
1516
1970
111
1987
152
1625
2650
756
2849
2336
619
798
1780
1795
2529
843
2614
43
677
1923
1059
2998
936
1120
2120
891
1736
1222
931
1136
1802
2814
2425
8
2763
2936
870
345
2287
1521
2461
2263
1324
1389
1754
2364
1893
1223
2299
2589
607
2986
1636
598
107
569
755
2146
397
1470
1094
2933
2254
311
2489
1103
334
1077
1231
1592
2130
556
458
2219
2759
2128
482
447
2335
1000
883
585
2656
1361
2894
2884
431
448
1853
450
2233
2276
372
2310
780
2025
1910
1927
1783
1572
2389
830
2487
2192
1760
2351
768
1028
603
41
2375
477
2643
1682
1285
1825
1373
1422
1649
2729
1437
452
2690
1933
1170
2297
911
2869
1189
30
2835
1934
652
2269
2382
1034
2756
2205
1160
1384
1657
2553
730
3014
2915
2002
2902
980
1101
2539
2812
1087
320
1455
24
1818
2532
2459
554
2170
1862
1379
2064
1880
40
129
275
1573
1138
178
2648
1773
621
2215
2220
1184
787
1409
172
2067
1511
1981
350
1547
562
2652
868
2159
264
82
827
2778
339
2428
810
2623
415
567
924
1742
2100
2384
132
1053
378
69
2976
2991
414
2913
1709
162
723
1188
1091
1696
2907
423
2615
2180
1574
1158
2636
1803
1443
826
2565
2420
918
2187
762
2143
2780
2554
1098
461
748
1945
704
1320
2999
1951
1828
2451
2816
34
1975
312
769
985
259
2366
1843
1495
2629
1394
2242
965
616
256
1485
2203
1966
879
2678
2694
1085
77
2881
203
2306
2075
612
672
2889
1332
1765
108
2360
2791
2001
921
1261
2931
87
55
2728
898
846
467
1481
2950
1075
2403
2577
751
1335
2932
194
2718
2017
1066
340
2239
1068
976
641
166
2750
992
3044
2677
2908
1800
2703
912
2546
336
453
1601
1726
1952
1878
134
1404
2432
2329
1600
1946
2412
956
1588
21
2408
1532
869
98
2919
908
833
1023
524
445
2163
2813
1036
1263
456
1701
1882
122
2711
427
1885
424
776
99
2942
2337
2747
2860
1010
1102
1458
1056
2985
1286
1459
732
1941
698
758
2833
2213
6
548
1398
1533
1027
1047
2867
1739
2245
2298
2658
3032
1347
899
233
2210
188
265
939
2111
1725
3018
443
2174
1187
2510
552
1283
1531
1305
566
972
1436
2618
386
1417
71
1854
2074
2438
118
2093
2584
1619
76
1317
1654
2727
513
2098
2519
1594
1956
2627
1153
351
928
2761
2775
2114
63
2528
2035
2900
572
2947
2370
3
1038
920
764
2290
1177
885
663
750
1178
343
419
3025
811
2726
3051
1860
962
2467
408
1199
89
1865
533
361
1217
691
1559
2537
2664
2160
391
1049
143
3002
2916
191
1181
37
1942
1702
1609
1900
2151
2755
922
2951
1400
1718
3058
2080
2557
514
2599
2402
1219
1545
193
1529
1216
2929
799
579
525
1454
1503
2808
2416
1308
680
942
1740
1192
1733
909
1778
153
1246
58
2150
563
1986
436
1708
1985
2897
720
687
1678
3061
242
1279
2805
2038
1148
1932
1597
2340
1593
542
2798
219
1185
861
459
3030
820
955
664
635
1143
2442
1072
1079
1376
1326
2395
2972
2260
630
2954
2876
266
2595
2004
2823
947
1963
505
2331
2769
189
645
2223
1278
686
1169
1421
583
2371
1957
1775
2057
880
946
2745
2282
3023
385
1928
1603
1999
270
1869
1538
2063
530
2525
2725
633
2202
2924
2258
625
675
127
326
2224
648
347
464
1046
2173
793
564
1749
2530
2601
1711
3047
773
2326
1480
2863
2925
95
2127
1750
906
1866
1920
157
460
2243
1930
3026
197
1145
2687
951
2572
2520
2566
2885
795
1114
2437
1186
537
1534
2345
651
2348
2431
1604
1438
1717
821
2165
2079
692
503
31
2430
2861
1206
1307
2206
1500
2682
2957
1391
1255
1908
480
1671
1748
1058
1929
2149
1497
2264
3033
2616
941
2515
1364
1621
681
2541
1251
281
366
359
2059
742
92
1425
515
1477
2540
989
1074
1674
1840
1699
144
1814
116
2044
643
2227
2735
3038
894
2200
150
2779
615
1909
2700
138
683
2302
2212
736
2839
2793
571
476
2291
2137
101
853
1139
444
68
1660
1298
1563
1256
531
884
1381
1806
1492
2033
2153
1653
1960
708
303
277
2758
1021
168
2898
2598
1527
19
2934
479
486
506
2400
1083
1164
392
995
2561
1876
1093
2804
3070
2208
1763
834
2622
1807
752
2922
2714
682
313
2797
1272
2717
1721
1798
2368
1318
1899
1994
1962
1218
2244
620
2603
210
2517
1615
1955
2141
1645
529
2938
2651
1025
1954
1017
2977
1690
900
1912
738
135
739
113
2123
2104
1542
2471
430
1176
1710
3020
714
137
2891
2612
1193
1598
1350
2560
1310
2099
2923
442
2358
471
25
2637
394
709
470
1612
2255
1092
767
251
1230
1116
1234
405
1483
614
3067
490
2222
155
3065
919
2543
666
466
599
770
601
2354
170
308
1830
60
2538
802
2161
2524
2486
1579
370
2315
2871
2236
2503
2693
623
3056
487
754
2548
923
859
1859
96
1315
1968
1457
576
417
1472
2579
2357
2880
927
2542
2799
3009
1569
2857
2062
2312
3006
1280
1670
1019
2328
1069
2231
236
669
2641
2119
179
1602
624
413
1886
560
2953
1864
2753
1403
803
727
1735
2904
634
2377
2289
2250
146
970
278
2166
2676
1512
2917
2338
622
3035
1377
2930
75
2037
561
1520
2794
3008
2593
2257
790
1681
174
2077
9
2666
2283
1346
1323
2810
2424
2071
1620
1268
2843
2272
2320
717
142
1769
15
574
1535
684
1488
818
1580
198
862
300
2639
1980
1904
1106
2597
2281
2551
2580
602
2743
2978
1386
159
1771
2605
2556
2367
2949
158
1159
636
838
1431
1525
2463
2796
1892
322
297
1448
73
3064
1293
2294
2124
367
2293
3045
1992
1115
1566
230
1440
2819
1277
2372
2494
2633
649
2091
2097
1729
1921
771
214
2047
3052
2006
2005
804
735
2544
51
2419
2197
1543
1476
902
501
570
1035
221
2762
376
2241
2201
2948
1940
2522
2118
283
2265
2301
2802
2003
59
2848
276
2732
2514
2011
822
2473
348
2877
2009
678
1874
2107
2825
2189
2349
1237
1299
213
2305
269
432
211
728
1388
1171
2811
1427
2590
323
1607
628
945
2156
1487
1439
2101
280
2379
2414
2256
565
2918
2734
1971
740
1002
2609
2604
186
38
469
2552
2699
196
26
2016
2720
1097
1358
1782
1616
960
1157
2644
288
876
1424
1666
2480
2870
695
528
512
1273
1522
185
2901
253
2246
2961
1271
2749
2392
125
2990
289
553
1659
235
1546
1125
915
67
1829
398
7
216
1168
823
1464
2578
496
2031
2454
328
1537
2926
2619
807
1236
1008
3024
2492
1172
1855
1691
1441
2831
1174
744
2398
254
2474
272
1993
2214
700
1804
190
1233
2204
940
1817
2191
2086
2061
2992
4
2330
123
1248
375
1873
2032
523
1586
2534
57
2221
1576
1623
2937
2982
2585
2730
2193
837
2186
402
1354
1191
667
2640
1556
412
1469
734
2040
149
545
1766
3050
881
1719
2319
2971
2570
2
711
1705
1964
2661
1883
2381
674
653
2555
2271
2815
66
1937
2837
2592
114
1688
2453
433
856
1895
2631
1517
1432
1664
1728
2439
3069
54
1984
609
788
1478
353
2795
2684
1949
3021
133
1133
1989
2788
2485
2185
617
215
1363
1722
1890
2504
657
1015
2249
2646
577
2523
535
182
1180
1816
1123
1396
2147
395
90
2013
1099
631
1761
2401
958
1914
1130
1011
1429
218
1504
1247
1524
3005
746
557
1502
1100
877
2980
784
760
1617
1292
1039
1889
1107
2490
171
1220
2695
2182
2450
594
1888
2630
973
1762
1916
668
2429
536
2023
2217
475
2829
2387
2491
1491
1587
1819
321
365
2066
2628
2785
1515
1887
2262
573
232
763
1757
584
1353
1907
1687
2433
848
1294
785
2581
2647
831
2078
1274
1669
2596
2498
1683
743
2321
1498
2964
893
1777
1030
2225
1037
1052
2426
97
905
1564
864
2427
534
1877
1788
2135
539
1507
2285
379
1555
1675
1426
1461
1110
782
1378
2506
468
1257
2573
2496
441
2826
2828
871
1856
835
1245
180
2906
176
2194
2465
192
1334
2030
3054
2723
2188
1820
705
3036
2873
2046
1284
1043
2275
933
953
1629
65
2440
2469
86
1227
1662
1044
2521
1090
377
56
1881
1349
2536
1167
2462
1410
2421
2575
2708
2642
324
1243
710
1229
809
492
2052
994
291
991
2625
613
2824
2117
1208
1081
2376
112
2962
2409
925
1287
1266
1328
606
2327
2308
382
1813
887
632
2477
1950
926
2274
968
1505
2996
1214
2022
156
3001
2669
1108
2774
1306
455
2324
1117
647
2765
781
2821
1665
2500
388
50
1122
1453
318
1501
1673
463
1331
2378
2495
1716
716
3029
1896
2731
712
3062
28
1385
1727
901
2963
344
690
45
555
2757
772
629
558
1922
1288
2102
1473
258
937
2583
2969
982
1446
2773
1265
1003
2594
1995
611
1606
1973
1668
1232
2434
1447
2550
969
1627
88
839
145
1259
2737
2701
1014
2304
1903
1140
662
296
2987
2042
2152
3049
93
2369
484
1314
2209
416
104
1565
2092
1082
642
327
2674
600
1948
2483
268
2481
2899
2195
2721
841
2198
1445
2672
47
2994
223
362
314
2048
832
357
374
2754
1154
2082
1741
105
2670
2574
2568
2088
2841
2252
2397
1901
2087
1249
2179
78
411
2394
3027
1303
1210
863
1033
1618
3003
1302
358
2868
1938
331
2240
2363
873
1301
195
1369
593
519
2939
1523
3039
2386
1
971
2657
679
3022
502
247
2663
2680
393
2266
1490
2516
271
1959
2406
2413
1751
2722
988
2177
2567
2817
494
1406
2323
356
1998
2259
2234
1596
2787
665
2373
2526
2781
420
2970
930
2482
2447
1634
1557
509
724
516
2988
661
2356
2920
2278
2921
1351
35
2162
721
1433
966
1291
1641
1827
1679
1640
204
725
595
3010
1161
3041
1062
2959
1570
1018
1764
2576
1070
2822
407
2681
1747
301
1084
1258
2295
2611
2740
1494
1344
1924
169
1568
907
390
177
286
1988
693
